0.000000 0.0000004 -0.0000005 0.0000042 0.0000107 -0.0000080 0.0000048 1.0000000
0.519499 -0.0042795 -0.0006102 0.0459952 0.0016288 -0.0212627 -0.0009720 0.9997721
0.623377 -0.0065490 -0.0005349 0.0574831 0.0021226 -0.0279293 -0.0009012 0.9996073
0.830874 -0.0110799 -0.0007987 0.0837834 0.0020884 -0.0455792 -0.0001890 0.9989585
0.934622 -0.0143590 -0.0009475 0.0984081 0.0021961 -0.0555480 0.0003179 0.9984536
1.556997 -0.0501101 -0.0036536 0.1945905 0.0050157 -0.1360324 -0.0067803 0.9906685
1.764374 -0.0673989 -0.0041516 0.2289164 0.0045146 -0.1700694 -0.0088420 0.9853821
2.179126 -0.1124038 -0.0043029 0.2972519 0.0050070 -0.2438236 -0.0100024 0.9697551
2.593620 -0.1764081 -0.0059585 0.3626090 0.0025382 -0.3365708 -0.0129406 0.9415658
2.800890 -0.2162719 -0.0067202 0.3931732 0.0008705 -0.3890210 -0.0103435 0.9211704
3.008248 -0.2631593 -0.0062790 0.4224655 -0.0013743 -0.4418431 -0.0071351 0.8970629
3.319374 -0.3469416 -0.0052468 0.4573112 -0.0046250 -0.5205783 -0.0069758 0.8537729
3.526893 -0.4121870 -0.0042460 0.4755092 -0.0067118 -0.5713134 -0.0079733 0.8206658
3.734395 -0.4844757 -0.0040321 0.4878602 -0.0111592 -0.6170133 -0.0077319 0.7868356
3.942122 -0.5631632 -0.0031176 0.4933649 -0.0111611 -0.6557276 -0.0083754 0.7548686
4.150266 -0.6477404 -0.0011885 0.4937781 -0.0093741 -0.6858035 -0.0090849 0.7276697
4.358512 -0.7397193 0.0001946 0.4898168 -0.0076210 -0.7094241 -0.0069012 0.7047068
4.566885 -0.8378673 0.0018634 0.4817675 -0.0057269 -0.7259316 -0.0058003 0.6877186
4.775500 -0.9413998 0.0035675 0.4709969 -0.0058924 -0.7359044 -0.0052804 0.6770392
4.984250 -1.0500948 0.0040496 0.4590365 -0.0057945 -0.7414577 -0.0071419 0.6709366
5.192878 -1.1654871 0.0053463 0.4457564 -0.0069627 -0.7433621 -0.0072167 0.6688141
5.401501 -1.2873694 0.0070703 0.4331871 -0.0089930 -0.7425482 -0.0082541 0.6696814
5.610008 -1.4134531 0.0084458 0.4192658 -0.0068022 -0.7413814 -0.0087520 0.6709923
5.818377 -1.5472866 0.0118370 0.4057288 -0.0078518 -0.7403694 -0.0092070 0.6720914
6.026772 -1.6852442 0.0128682 0.3924617 -0.0090047 -0.7391115 -0.0122621 0.6734113
6.235023 -1.8282446 0.0154324 0.3782878 -0.0063875 -0.7378890 -0.0124310 0.6747774
6.547271 -2.0485198 0.0196404 0.3587470 -0.0090626 -0.7365037 -0.0121980 0.6762628
6.859377 -2.2750311 0.0226867 0.3389036 -0.0065272 -0.7357641 -0.0077056 0.6771625
7.171256 -2.5071807 0.0244484 0.3188803 -0.0092226 -0.7360142 -0.0075780 0.6768608
7.483251 -2.7418137 0.0275874 0.2975056 -0.0119648 -0.7362818 -0.0140247 0.6764238
7.795131 -2.9745729 0.0306743 0.2757588 -0.0095978 -0.7365640 -0.0130977 0.6761729
8.211004 -3.2797098 0.0348232 0.2489266 -0.0054738 -0.7364804 -0.0113102 0.6763422
8.522877 -3.5095155 0.0369686 0.2287890 -0.0089219 -0.7359155 -0.0137142 0.6768757
8.834756 -3.7389200 0.0410618 0.2100892 -0.0122704 -0.7358235 -0.0164634 0.6768620
9.250652 -4.0428700 0.0459450 0.1816503 -0.0047800 -0.7356982 -0.0148348 0.6771302
9.666385 -4.3414903 0.0484901 0.1561675 -0.0070615 -0.7373449 -0.0096150 0.6754112
10.082130 -4.6374621 0.0513736 0.1275202 -0.0092898 -0.7393745 -0.0110780 0.6731392
10.393880 -4.8545284 0.0532303 0.1030546 -0.0042982 -0.7405229 -0.0135134 0.6718815
10.705630 -5.0674124 0.0551041 0.0801588 -0.0037532 -0.7412875 -0.0147862 0.6710142
11.017510 -5.2779779 0.0584339 0.0591620 -0.0074539 -0.7417144 -0.0170447 0.6704578
11.537150 -5.6126156 0.0639496 0.0250837 -0.0054472 -0.7424574 -0.0142724 0.6697190
11.849140 -5.8002944 0.0646458 0.0060363 -0.0037775 -0.7399426 -0.0147259 0.6724982
12.473910 -6.1349788 0.0684532 -0.0139271 -0.0045083 -0.7170995 -0.0195583 0.6966817
12.995510 -6.3650064 0.0718327 0.0055679 -0.0061833 -0.6634211 -0.0174127 0.7480181
13.517630 -6.5528555 0.0719605 0.0693984 -0.0106407 -0.5678888 -0.0071761 0.8230052
13.830760 -6.6534119 0.0737301 0.1319516 -0.0119713 -0.4967608 -0.0033146 0.8677986
14.143650 -6.7393885 0.0742346 0.2115259 -0.0164616 -0.4257073 0.0067521 0.9046860
14.352150 -6.7904568 0.0746978 0.2695880 -0.0066186 -0.3744931 0.0077603 0.9271736
14.560630 -6.8382578 0.0747626 0.3374333 -0.0001597 -0.3191630 0.0067237 0.9476759
14.769010 -6.8832369 0.0743110 0.4174285 0.0024311 -0.2627476 0.0057381 0.9648445
14.977150 -6.9225278 0.0724824 0.5071239 0.0021148 -0.2123129 0.0017610 0.9771978
15.185010 -6.9586596 0.0712262 0.6058679 0.0030132 -0.1709311 -0.0032436 0.9852730
15.392480 -6.9897928 0.0698418 0.7142555 0.0011589 -0.1426565 -0.0028456 0.9897675
15.496190 -7.0044374 0.0699040 0.7720042 0.0002055 -0.1319157 -0.0026413 0.9912574
15.703610 -7.0332747 0.0689925 0.8914537 -0.0015205 -0.1147280 -0.0062521 0.9933761
15.911010 -7.0594521 0.0678499 1.0165458 -0.0021218 -0.1014429 -0.0073520 0.9948120
16.118550 -7.0828476 0.0675425 1.1475890 -0.0022973 -0.0871444 -0.0074516 0.9961652
16.326140 -7.1045847 0.0665765 1.2847213 -0.0011316 -0.0734890 -0.0085528 0.9972587
16.533760 -7.1229906 0.0651573 1.4264262 0.0045184 -0.0632089 -0.0082938 0.9979556
16.741260 -7.1404719 0.0634521 1.5732598 0.0015538 -0.0558452 -0.0088844 0.9983987
17.052630 -7.1656528 0.0597281 1.7961864 -0.0039936 -0.0492994 -0.0109693 0.9987158
17.364000 -7.1864991 0.0578387 2.0172882 -0.0059354 -0.0451535 -0.0093752 0.9989184
17.675510 -7.2061744 0.0559999 2.2397840 -0.0013639 -0.0415769 -0.0091182 0.9990928
17.987010 -7.2251987 0.0521255 2.4587801 0.0036565 -0.0389219 -0.0108582 0.9991766
18.298510 -7.2431903 0.0482578 2.6769493 -0.0017138 -0.0353041 -0.0128407 0.9992927
18.610130 -7.2584834 0.0451961 2.8946757 -0.0007693 -0.0335635 -0.0103056 0.9993832
18.921640 -7.2739015 0.0425890 3.1149714 -0.0007429 -0.0324090 -0.0107333 0.9994168
19.233260 -7.2891183 0.0404556 3.3387492 -0.0002897 -0.0342876 -0.0096137 0.9993657
19.544760 -7.3083272 0.0372065 3.5663486 0.0025631 -0.0385412 -0.0121822 0.9991795
19.856260 -7.3296947 0.0328989 3.7968626 0.0042637 -0.0416761 -0.0124001 0.9990451
20.167930 -7.3505707 0.0287129 4.0322666 0.0011450 -0.0443197 -0.0109364 0.9989569
20.479750 -7.3731327 0.0253951 4.2741656 -0.0024426 -0.0435407 -0.0117849 0.9989792
20.791530 -7.3937426 0.0227795 4.5173764 0.0000213 -0.0410042 -0.0087614 0.9991205
21.103270 -7.4132795 0.0197494 4.7612548 -0.0024442 -0.0392518 -0.0054057 0.9992117
21.519010 -7.4392643 0.0141126 5.0780811 0.0046789 -0.0375902 -0.0081570 0.9992490
21.830760 -7.4582057 0.0079557 5.3118548 0.0048272 -0.0365454 -0.0087156 0.9992823
22.142620 -7.4763041 0.0037207 5.5442543 -0.0022854 -0.0386970 -0.0068844 0.9992247
22.454390 -7.4954395 -0.0006781 5.7700181 0.0011841 -0.0423686 -0.0051577 0.9990880
22.766140 -7.5175862 -0.0056981 5.9921694 0.0066552 -0.0475629 -0.0074484 0.9988183
22.974020 -7.5341859 -0.0094076 6.1386981 0.0060338 -0.0510516 -0.0115131 0.9986115
23.181990 -7.5514178 -0.0131226 6.2847266 0.0004102 -0.0550052 -0.0128411 0.9984034
23.389770 -7.5691853 -0.0146645 6.4283152 -0.0016514 -0.0608963 -0.0127395 0.9980614
23.597640 -7.5888977 -0.0168347 6.5690727 -0.0033939 -0.0670849 -0.0118633 0.9976709
23.805540 -7.6114593 -0.0181805 6.7077117 -0.0008325 -0.0729562 -0.0152176 0.9972187
24.013390 -7.6331382 -0.0202060 6.8435807 0.0012960 -0.0788481 -0.0153864 0.9967670
24.221270 -7.6574392 -0.0217457 6.9797864 -0.0032114 -0.0842484 -0.0162984 0.9963063
24.429140 -7.6819892 -0.0236768 7.1131220 -0.0024972 -0.0910032 -0.0149771 0.9957348
24.740760 -7.7227650 -0.0261412 7.3098526 0.0004842 -0.1054333 -0.0124059 0.9943489
24.948510 -7.7541199 -0.0271054 7.4404020 -0.0064066 -0.1172754 -0.0125036 0.9930000
25.156270 -7.7889900 -0.0285779 7.5671244 -0.0056469 -0.1287252 -0.0144656 0.9915587
25.467890 -7.8461571 -0.0293880 7.7556391 -0.0010369 -0.1473861 -0.0128306 0.9889953
25.675640 -7.8881664 -0.0302618 7.8834815 -0.0072885 -0.1596961 -0.0125728 0.9870592
25.987390 -7.9562902 -0.0311516 8.0694904 -0.0009377 -0.1768402 -0.0094985 0.9841933
26.299290 -8.0302496 -0.0337726 8.2551327 0.0033227 -0.1888523 -0.0107767 0.9819407
26.611020 -8.1097622 -0.0353302 8.4427834 -0.0053006 -0.2008034 -0.0104594 0.9795614
26.922890 -8.1954203 -0.0359704 8.6273279 -0.0017629 -0.2100246 -0.0176931 0.9775344
27.234770 -8.2811832 -0.0375234 8.8114166 -0.0001720 -0.2171907 -0.0178283 0.9759663
27.650520 -8.4010191 -0.0398005 9.0553589 0.0050785 -0.2280598 -0.0161057 0.9735007
27.962300 -8.4954214 -0.0432060 9.2367897 0.0031219 -0.2349724 -0.0186463 0.9718181
28.377890 -8.6224365 -0.0467503 9.4742851 0.0030175 -0.2445358 -0.0169398 0.9694876
28.689660 -8.7200270 -0.0504965 9.6471024 0.0048464 -0.2515554 -0.0171070 0.9676796
29.001520 -8.8157721 -0.0540617 9.8156595 0.0062732 -0.2582460 -0.0155780 0.9659332
29.313270 -8.9119272 -0.0561524 9.9790545 -0.0054419 -0.2629954 -0.0153556 0.9646595
29.625020 -9.0036955 -0.0565635 10.1305208 -0.0023692 -0.2678077 -0.0126798 0.9633861
30.040770 -9.1171227 -0.0583338 10.3134584 -0.0032817 -0.2728741 -0.0106022 0.9619858
30.456270 -9.2146263 -0.0576823 10.4706297 -0.0010631 -0.2780885 -0.0082825 0.9605191
31.079540 -9.3368826 -0.0598733 10.6542149 -0.0015958 -0.2934403 -0.0081445 0.9559414
31.390900 -9.3886156 -0.0606187 10.7254868 -0.0076859 -0.3050945 -0.0084467 0.9522536
31.805770 -9.4485321 -0.0616502 10.7988205 -0.0097081 -0.3349631 -0.0070534 0.9421548
32.116900 -9.4896679 -0.0612552 10.8397045 -0.0030988 -0.3664937 -0.0050867 0.9304014
32.428170 -9.5319443 -0.0610194 10.8730650 0.0024029 -0.3982618 -0.0106346 0.9172070
32.842900 -9.5922642 -0.0613717 10.9140234 -0.0019730 -0.4485598 -0.0116053 0.8936753
33.257770 -9.6579323 -0.0608579 10.9445028 -0.0037294 -0.5023305 -0.0192364 0.8644537
33.569020 -9.7102242 -0.0619800 10.9624729 -0.0034400 -0.5453149 -0.0200559 0.8379843
33.880040 -9.7753391 -0.0606653 10.9772835 -0.0011001 -0.5959211 -0.0179206 0.8028423
34.191020 -9.8552256 -0.0586895 10.9847679 -0.0003124 -0.6520932 -0.0155559 0.7579792
34.502140 -9.9477835 -0.0571966 10.9790869 -0.0042732 -0.7090552 -0.0159094 0.7049605
34.813400 -10.0489273 -0.0543575 10.9584656 -0.0096055 -0.7634728 -0.0147992 0.6455989
35.021020 -10.1251707 -0.0510702 10.9348230 -0.0117816 -0.7960273 -0.0141536 0.6049805
35.332520 -10.2443047 -0.0471841 10.8811722 -0.0175559 -0.8385612 -0.0106005 0.5444213
35.644400 -10.3700981 -0.0435185 10.8036623 0.0201992 0.8717497 0.0091982 -0.4894485
36.061290 -10.5537796 -0.0370746 10.6660557 0.0178051 0.8948864 0.0097179 -0.4458328
36.374170 -10.7056074 -0.0325836 10.5421276 0.0197060 0.9026964 0.0099834 -0.4297105
36.686900 -10.8675547 -0.0269899 10.4048519 0.0196174 0.9071239 0.0107780 -0.4202681
36.999490 -11.0403929 -0.0213697 10.2553415 0.0208441 0.9088872 0.0109480 -0.4163769
37.207650 -11.1613350 -0.0169636 10.1505680 0.0207789 0.9093210 0.0100516 -0.4154547
37.415890 -11.2871752 -0.0125003 10.0401859 0.0209388 0.9096316 0.0099643 -0.4147681
37.728150 -11.4844465 -0.0063514 9.8668137 0.0213463 0.9102041 0.0123187 -0.4134262
38.040280 -11.6890402 0.0012893 9.6865311 0.0224228 0.9107653 0.0097511 -0.4121998
38.352280 -11.9001980 0.0072589 9.4985752 0.0214215 0.9115279 0.0060842 -0.4106348
38.664150 -12.1185637 0.0119496 9.3012295 0.0183501 0.9116429 0.0060443 -0.4105288
38.976020 -12.3438635 0.0163187 9.0999203 0.0207350 0.9117210 0.0090574 -0.4101864
39.287780 -12.5689497 0.0218889 8.8978510 0.0208343 0.9118729 0.0098148 -0.4098262
39.599580 -12.7939034 0.0283014 8.6966133 0.0214626 0.9120006 0.0112420 -0.4094727
40.015280 -13.0931845 0.0362798 8.4290056 0.0221449 0.9129212 0.0099607 -0.4074128
40.326930 -13.3141212 0.0423076 8.2274437 0.0208606 0.9133998 0.0092541 -0.4064234
40.638670 -13.5344048 0.0473103 8.0265980 0.0185516 0.9132924 0.0103600 -0.4067499
40.950400 -13.7549114 0.0517076 7.8272448 0.0173098 0.9123496 0.0097268 -0.4089302
41.158230 -13.9022760 0.0556247 7.6958284 0.0207375 0.9117044 0.0118849 -0.4101509
41.365930 -14.0507736 0.0602773 7.5645418 0.0237649 0.9113633 0.0151192 -0.4106380
41.573580 -14.1965399 0.0652623 7.4339013 0.0216251 0.9113655 0.0110382 -0.4108813
41.781210 -14.3442068 0.0700887 7.3032331 0.0221194 0.9114477 0.0124706 -0.4106316
42.092740 -14.5611029 0.0758463 7.1097164 0.0222357 0.9117599 0.0114538 -0.4099614
42.300170 -14.7055340 0.0810653 6.9812212 0.0233006 0.9121299 0.0137814 -0.4090064
42.611550 -14.9161797 0.0882185 6.7904267 0.0253423 0.9124172 0.0141129 -0.4082320
42.922920 -15.1248550 0.0957169 6.6032329 0.0229841 0.9125098 0.0132375 -0.4081941
43.234430 -15.3329897 0.1030246 6.4150357 0.0208772 0.9121258 0.0141020 -0.4091354
43.545910 -15.5389452 0.1090079 6.2311749 0.0201787 0.9117917 0.0131389 -0.4099464
43.857500 -15.7429142 0.1152646 6.0503087 0.0229147 0.9114419 0.0126393 -0.4105957
44.169050 -15.9400120 0.1213886 5.8760629 0.0218436 0.9110674 0.0084833 -0.4115909
44.376660 -16.0700283 0.1235586 5.7613392 0.0207861 0.9108603 0.0101902 -0.4120651
44.688220 -16.2576904 0.1269183 5.5968046 0.0204037 0.9109737 0.0098756 -0.4118410
44.895870 -16.3775253 0.1290203 5.4903984 0.0198293 0.9109663 0.0102537 -0.4118762
45.207330 -16.5518703 0.1332611 5.3350258 0.0202626 0.9110332 0.0113833 -0.4116776
45.518940 -16.7181892 0.1377648 5.1895661 0.0227641 0.9112829 0.0131239 -0.4109417
45.831090 -16.8760433 0.1424751 5.0498838 0.0244171 0.9118254 0.0128664 -0.4096495
46.349680 -17.1108189 0.1493838 4.8334961 0.0292609 0.9169370 0.0086975 -0.3978627
46.868310 -17.3121033 0.1541286 4.6226540 0.0364995 0.9329717 0.0062636 -0.3580396
47.179170 -17.4075871 0.1576799 4.4907875 0.0350258 0.9476027 0.0082168 -0.3174189
47.697410 -17.5174904 0.1594771 4.2761612 0.0272579 0.9753663 0.0117602 -0.2185847
48.008600 -17.5524178 0.1590033 4.1435919 0.0134258 0.9886596 0.0102983 -0.1492176
48.319780 -17.5719986 0.1601722 4.0081172 0.0123459 0.9971262 0.0103473 -0.0740257
48.631190 -17.5662479 0.1614857 3.8715775 0.0024291 0.9998543 0.0167435 0.0022604
48.838780 -17.5543785 0.1617687 3.7832956 0.0091474 0.9983636 0.0161176 0.0540991
49.046410 -17.5325165 0.1623101 3.6990671 0.0115792 0.9943342 0.0141027 0.1047210
49.254030 -17.5020809 0.1639958 3.6178923 0.0121349 0.9877900 0.0118987 0.1548613
49.461780 -17.4650078 0.1655422 3.5373950 0.0161423 0.9788761 0.0116437 0.2034834
49.669780 -17.4175148 0.1651093 3.4598470 0.0126547 0.9690756 0.0143911 0.2460189
49.878030 -17.3655586 0.1658460 3.3812842 0.0155260 0.9595208 0.0184086 0.2806063
50.086410 -17.3071671 0.1666402 3.3052235 0.0147429 0.9513365 0.0191437 0.3072053
50.295050 -17.2448654 0.1674980 3.2292886 0.0137591 0.9452467 0.0183830 0.3255479
50.503680 -17.1782150 0.1682601 3.1521096 0.0122062 0.9412639 0.0170507 0.3370202
50.712390 -17.1095810 0.1694658 3.0731945 0.0120905 0.9385667 0.0149028 0.3445640
50.920920 -17.0379639 0.1699586 2.9902205 0.0145055 0.9368412 0.0154673 0.3491117
51.129530 -16.9616032 0.1698355 2.9053502 0.0117249 0.9358171 0.0131160 0.3520468
51.338030 -16.8812180 0.1711657 2.8149672 0.0115206 0.9353549 0.0136097 0.3532609
51.546400 -16.7983551 0.1714932 2.7201271 0.0141700 0.9355475 0.0141713 0.3526320
51.754650 -16.7109566 0.1720658 2.6220999 0.0132816 0.9356995 0.0080960 0.3524550
51.962780 -16.6191463 0.1722987 2.5175152 0.0150665 0.9359197 0.0062428 0.3518357
52.275030 -16.4722672 0.1708236 2.3521013 0.0089335 0.9359851 0.0074098 0.3518483
52.587160 -16.3141766 0.1717337 2.1731339 0.0076866 0.9360406 0.0116621 0.3516147
52.899160 -16.1476631 0.1721188 1.9848943 0.0058535 0.9357347 0.0090710 0.3525393
53.211180 -15.9724331 0.1740747 1.7864614 0.0080509 0.9357354 0.0145505 0.3523105
53.523150 -15.7939072 0.1766251 1.5820441 0.0136324 0.9355860 0.0118817 0.3526356
53.938910 -15.5470600 0.1759658 1.3019791 0.0120578 0.9359593 0.0129247 0.3516642
54.250800 -15.3631115 0.1755670 1.0900049 0.0177692 0.9360644 0.0179655 0.3509202
54.562530 -15.1804237 0.1786520 0.8785586 0.0201425 0.9358144 0.0264267 0.3509234
54.874290 -15.0012779 0.1814960 0.6760759 0.0230492 0.9363771 0.0179355 0.3497785
55.185920 -14.8236961 0.1819142 0.4717126 0.0230480 0.9367661 0.0191127 0.3486729
55.393730 -14.7064095 0.1820187 0.3360195 0.0213026 0.9375271 0.0194104 0.3467165
55.601700 -14.5917034 0.1830821 0.2006035 0.0186899 0.9402720 0.0187647 0.3393922
55.809690 -14.4844437 0.1823709 0.0667658 0.0195576 0.9446677 0.0194651 0.3268663
56.122050 -14.3348904 0.1843701 -0.1430626 0.0223793 0.9543380 0.0241618 0.2969080
56.434670 -14.2044163 0.1890632 -0.3640046 0.0265213 0.9670067 0.0260560 0.2520231
56.747290 -14.0980988 0.1943279 -0.5932531 0.0312916 0.9783568 0.0168204 0.2038526
56.955550 -14.0366440 0.1939088 -0.7481081 0.0273862 0.9847547 0.0127802 0.1713030
57.163560 -13.9875135 0.1937119 -0.9076538 0.0272564 0.9891093 0.0118903 0.1441477
57.371290 -13.9464817 0.1946412 -1.0707083 0.0282602 0.9918270 0.0116628 0.1238736
57.579070 -13.9088316 0.1956848 -1.2375548 0.0266168 0.9940001 0.0154342 0.1049622
57.786690 -13.8775911 0.1976590 -1.4069970 0.0262745 0.9956830 0.0130734 0.0880572
57.994890 -13.8507795 0.2000829 -1.5804354 0.0309684 0.9965556 0.0134506 0.0757434
58.201850 -13.8268614 0.2039135 -1.7595071 0.0349739 0.9966260 0.0226682 0.0707080
58.409230 -13.8007364 0.2083948 -1.9396591 0.0325069 0.9968173 0.0214041 0.0695736
58.616560 -13.7719889 0.2129680 -2.1238890 0.0257450 0.9971478 0.0175627 0.0687392
58.824030 -13.7445755 0.2169695 -2.3120685 0.0223545 0.9971874 0.0184565 0.0691160
59.031700 -13.7174129 0.2211639 -2.5032468 0.0210186 0.9971232 0.0193721 0.0702006
59.239170 -13.6885347 0.2256790 -2.6970222 0.0192378 0.9971206 0.0176193 0.0712047
59.446780 -13.6590490 0.2292216 -2.8925734 0.0168772 0.9971680 0.0158210 0.0715599
59.654550 -13.6299276 0.2314757 -3.0903783 0.0147547 0.9973095 0.0162992 0.0699317
59.862460 -13.6010752 0.2348419 -3.2850170 0.0139429 0.9974365 0.0164384 0.0682335
60.069690 -13.5740108 0.2376513 -3.4780002 0.0134856 0.9974792 0.0185197 0.0671598
60.277190 -13.5481319 0.2401534 -3.6674800 0.0127467 0.9975337 0.0187858 0.0664161
60.588540 -13.5089874 0.2441316 -3.9491994 0.0120332 0.9976733 0.0170678 0.0648996
60.797000 -13.4840631 0.2470196 -4.1365461 0.0109957 0.9978022 0.0182632 0.0627398
61.003920 -13.4596710 0.2498440 -4.3214159 0.0099899 0.9979935 0.0176673 0.0599757
61.211580 -13.4361439 0.2526412 -4.5039554 0.0100131 0.9981655 0.0179980 0.0569334
61.522950 -13.4080009 0.2577522 -4.7612123 0.0103420 0.9983544 0.0192259 0.0530278
61.938390 -13.3719807 0.2633007 -5.0989509 0.0097977 0.9985394 0.0188320 0.0496835
62.145930 -13.3555822 0.2659977 -5.2635269 0.0094662 0.9986165 0.0158152 0.0492483
62.457420 -13.3293762 0.2687786 -5.5062923 0.0097808 0.9986237 0.0143507 0.0494874
62.769050 -13.3037386 0.2712840 -5.7469177 0.0120617 0.9985283 0.0159114 0.0504235
63.080660 -13.2776546 0.2739602 -5.9854374 0.0116706 0.9984754 0.0158444 0.0515706
63.288240 -13.2596817 0.2757602 -6.1413841 0.0133027 0.9983618 0.0145531 0.0537126
63.599720 -13.2320690 0.2767953 -6.3741980 0.0127599 0.9981796 0.0133795 0.0574083
63.807440 -13.2131329 0.2773222 -6.5251579 0.0117262 0.9981356 0.0147018 0.0580653
64.015770 -13.1947041 0.2786302 -6.6732497 0.0108806 0.9981663 0.0160582 0.0573394
64.223410 -13.1763630 0.2795511 -6.8167348 0.0090797 0.9982977 0.0161716 0.0552972
64.431450 -13.1604290 0.2808352 -6.9561930 0.0090602 0.9985490 0.0163266 0.0505105
64.639590 -13.1484146 0.2816897 -7.0894661 0.0104115 0.9988822 0.0168296 0.0429262
64.847590 -13.1398458 0.2826312 -7.2162986 0.0133880 0.9991327 0.0178657 0.0351489
65.055500 -13.1332941 0.2838452 -7.3359246 0.0150714 0.9993327 0.0185561 0.0276182
65.367480 -13.1260567 0.2856730 -7.4974499 0.0165868 0.9995404 0.0180393 0.0178444
65.575320 -13.1235476 0.2869834 -7.5944328 0.0180986 0.9996049 0.0174370 0.0125888
65.783300 -13.1215343 0.2875513 -7.6823220 0.0188214 0.9996045 0.0193029 0.0080028
65.991170 -13.1208487 0.2887441 -7.7593260 0.0195066 0.9996009 0.0199152 0.0045662
66.199080 -13.1205912 0.2896540 -7.8278346 0.0215290 0.9995599 0.0202879 0.0021873
66.407050 -13.1194324 0.2901309 -7.8866620 0.0216931 0.9995294 0.0216752 0.0007150
66.614800 -13.1198473 0.2915677 -7.9356956 0.0203863 0.9995593 0.0214966 0.0018769
67.031610 -13.1161900 0.2913581 -8.0055056 0.0177168 0.9996425 0.0191599 0.0058244
75.455730 -13.0968628 0.2945123 -8.1814804 0.0135846 0.9970561 0.0156287 0.0738271
75.871360 -13.0890942 0.2940475 -8.1955700 0.0131243 0.9949182 0.0152945 0.0986492
76.286810 -13.0769567 0.2942975 -8.2219906 0.0114383 0.9908403 0.0132001 0.1339042
77.013440 -13.0317984 0.2955972 -8.3078804 0.0127809 0.9758915 0.0196221 0.2169962
77.428190 -12.9869289 0.2966028 -8.3666573 0.0132556 0.9576150 0.0205666 0.2870103
77.842690 -12.9108543 0.2979664 -8.4414082 0.0163753 0.9239365 0.0165298 0.3818375
78.257840 -12.7850437 0.2993443 -8.5224247 0.0184884 0.8783293 0.0162709 0.4774212
78.673060 -12.6100597 0.2999902 -8.5929813 0.0183564 0.8210759 0.0255669 0.5699506
78.984860 -12.4448395 0.3011473 -8.6296139 0.0181898 0.7733058 0.0302516 0.6330498
79.192960 -12.3216934 0.3022739 -8.6419468 0.0204884 0.7450482 0.0299103 0.6660246
79.401310 -12.1880159 0.3032420 -8.6462421 0.0210331 0.7243423 0.0271204 0.6885858
79.610070 -12.0428009 0.3034419 -8.6473312 0.0226122 0.7109421 0.0259908 0.7024062
79.818800 -11.8886518 0.3024847 -8.6443892 0.0251509 0.7007215 0.0256763 0.7125290
80.027420 -11.7261953 0.3008674 -8.6378841 0.0284493 0.6901978 0.0235176 0.7226787
80.340300 -11.4654312 0.2949247 -8.6167345 0.0243155 0.6805474 0.0187819 0.7320596
80.653190 -11.1846256 0.2912395 -8.5922632 0.0229095 0.6790906 0.0183387 0.7334676
80.965550 -10.8857937 0.2872814 -8.5651646 0.0233148 0.6747342 0.0183928 0.7374631
81.277810 -10.5724277 0.2797172 -8.5323620 0.0222585 0.6693993 0.0195087 0.7423130
81.589930 -10.2469683 0.2759657 -8.4915819 0.0210518 0.6657863 0.0220434 0.7455196
81.902180 -9.9122906 0.2703669 -8.4481192 0.0208323 0.6672069 0.0219298 0.7442581
82.214180 -9.5728779 0.2641461 -8.4055052 0.0200091 0.6687390 0.0243725 0.7428282
82.526180 -9.2435083 0.2563653 -8.3688822 0.0205112 0.6697595 0.0232209 0.7419315
82.838070 -8.9115477 0.2518014 -8.3300867 0.0188174 0.6709262 0.0238671 0.7409011
83.149930 -8.5856590 0.2465500 -8.2935429 0.0209912 0.6718539 0.0223216 0.7400496
83.357930 -8.3690138 0.2422120 -8.2717218 0.0178140 0.6719875 0.0236143 0.7399715
83.565930 -8.1544609 0.2399994 -8.2483931 0.0160340 0.6726402 0.0221249 0.7394651
83.773690 -7.9435368 0.2361786 -8.2268448 0.0161771 0.6729232 0.0210947 0.7392345
83.981560 -7.7322073 0.2335109 -8.2046471 0.0154692 0.6732500 0.0218613 0.7389298
84.189660 -7.5216694 0.2300478 -8.1819448 0.0173786 0.6739248 0.0222292 0.7382610
84.500970 -7.2071519 0.2251844 -8.1522245 0.0192891 0.6721069 0.0242611 0.7398052
84.708560 -6.9997830 0.2205226 -8.1314545 0.0184677 0.6695826 0.0250089 0.7420866
84.916060 -6.7947702 0.2174888 -8.1062222 0.0179993 0.6680059 0.0224768 0.7435986
85.123720 -6.5886049 0.2138696 -8.0826321 0.0173058 0.6661975 0.0226418 0.7452307
85.331180 -6.3860302 0.2106618 -8.0574741 0.0167611 0.6650409 0.0233077 0.7462549
85.538870 -6.1847086 0.2075657 -8.0308228 0.0152170 0.6645902 0.0228071 0.7467049
85.642600 -6.0857511 0.2063192 -8.0186043 0.0148053 0.6646819 0.0226365 0.7466367
85.850400 -5.8884587 0.2039397 -7.9934072 0.0144280 0.6657975 0.0214023 0.7456859
86.058060 -5.6927471 0.2012528 -7.9694033 0.0159252 0.6676133 0.0229335 0.7439845
86.266420 -5.4976325 0.1985160 -7.9493184 0.0187432 0.6692047 0.0242530 0.7424456
86.577490 -5.2058434 0.1945676 -7.9187865 0.0174067 0.6717547 0.0258767 0.7401169
86.785510 -5.0129209 0.1925385 -7.8991232 0.0169039 0.6733947 0.0244865 0.7386842
86.992950 -4.8211541 0.1902710 -7.8793988 0.0184642 0.6750622 0.0220383 0.7372004
87.200570 -4.6300087 0.1868798 -7.8617177 0.0195734 0.6761589 0.0217004 0.7361760
87.408330 -4.4385056 0.1838921 -7.8457279 0.0177784 0.6761470 0.0231324 0.7361888
87.616060 -4.2487364 0.1813022 -7.8280072 0.0147633 0.6757529 0.0220753 0.7366496
87.823570 -4.0601778 0.1795838 -7.8084655 0.0122493 0.6757406 0.0186090 0.7368028
88.135050 -3.7781394 0.1754456 -7.7821608 0.0112238 0.6750388 0.0149868 0.7375447
88.342600 -3.5893922 0.1731240 -7.7644029 0.0114949 0.6745672 0.0181470 0.7379008
88.653930 -3.3110018 0.1703828 -7.7376394 0.0130240 0.6734745 0.0210379 0.7387962
88.965560 -3.0345192 0.1669659 -7.7094998 0.0150215 0.6731932 0.0191430 0.7390662
89.173320 -2.8504100 0.1640128 -7.6915045 0.0171228 0.6730182 0.0193598 0.7391742
89.485130 -2.5794578 0.1584983 -7.6638069 0.0195744 0.6738805 0.0211787 0.7382773
89.900710 -2.2186270 0.1520379 -7.6299095 0.0180027 0.6752983 0.0213125 0.7370169
90.108700 -2.0406477 0.1496148 -7.6127968 0.0165311 0.6762789 0.0217315 0.7361395
90.420320 -1.7755064 0.1465918 -7.5902519 0.0167687 0.6772779 0.0222608 0.7351992
90.628220 -1.6034249 0.1441599 -7.5759258 0.0152460 0.6778125 0.0219016 0.7347504
90.836200 -1.4377112 0.1414863 -7.5614448 0.0143836 0.6785064 0.0218173 0.7341296
91.044070 -1.2774060 0.1392363 -7.5478210 0.0121477 0.6788137 0.0217215 0.7338887
91.251940 -1.1249785 0.1377595 -7.5352235 0.0130149 0.6775443 0.0216427 0.7350483
91.459820 -0.9803323 0.1366732 -7.5205531 0.0126692 0.6750816 0.0202714 0.7373556
91.771700 -0.7770979 0.1331080 -7.4984307 0.0136939 0.6689873 0.0185155 0.7429170
92.083700 -0.5914068 0.1287595 -7.4720125 0.0164404 0.6570897 0.0182514 0.7534121
92.394820 -0.4235138 0.1252448 -7.4407358 0.0164192 0.6410879 0.0191384 0.7670531
92.706330 -0.2749860 0.1214899 -7.4030228 0.0150211 0.6195546 0.0152802 0.7846611
93.017610 -0.1369965 0.1176417 -7.3582191 0.0140593 0.5922826 0.0144651 0.8054778
93.328690 -0.0137553 0.1139347 -7.3037262 0.0164275 0.5548640 0.0116108 0.8316978
93.639690 0.0973306 0.1091550 -7.2378750 0.0180570 0.4995064 0.0139839 0.8660091
93.950650 0.1922283 0.1033929 -7.1549869 0.0158932 0.4315859 0.0085227 0.9018915
94.261830 0.2729070 0.0988135 -7.0626726 0.0171371 0.3601075 0.0076903 0.9327217
94.573250 0.3365667 0.0938227 -6.9567413 0.0085909 0.2873845 0.0018547 0.9577750
94.780820 0.3714197 0.0914728 -6.8803225 0.0021713 0.2383688 0.0025642 0.9711689
94.988570 0.3970969 0.0891549 -6.7977691 -0.0037603 0.1896168 -0.0040709 0.9818425
95.196460 0.4187740 0.0882171 -6.7139783 -0.0019264 0.1432321 -0.0043106 0.9896778
95.404570 0.4336299 0.0876096 -6.6244135 -0.0018918 0.1047877 -0.0074855 0.9944646
95.612820 0.4438125 0.0868440 -6.5313768 -0.0016675 0.0737472 -0.0111478 0.9972132
95.821210 0.4519443 0.0855200 -6.4338589 -0.0028062 0.0522569 -0.0117638 0.9985604
96.029700 0.4580839 0.0845813 -6.3320551 -0.0016421 0.0356283 -0.0101113 0.9993126
96.238190 0.4605792 0.0834519 -6.2236938 -0.0008867 0.0215201 -0.0110846 0.9997066
96.446460 0.4606204 0.0824227 -6.1082144 -0.0006594 0.0080000 -0.0103959 0.9999138
96.654710 0.4585842 0.0813968 -5.9861460 -0.0005446 -0.0055091 -0.0093052 0.9999414
96.863080 0.4526430 0.0802614 -5.8567691 0.0007459 -0.0145698 -0.0106393 0.9998370
97.071450 0.4451181 0.0795150 -5.7203507 0.0016594 -0.0194031 -0.0106183 0.9997540
97.383810 0.4334207 0.0781449 -5.5029984 0.0006296 -0.0236010 -0.0090883 0.9996800
97.696240 0.4187261 0.0749357 -5.2784939 -0.0031272 -0.0279939 -0.0077353 0.9995733
98.008320 0.4036408 0.0741491 -5.0534916 -0.0042886 -0.0332609 -0.0044279 0.9994277
98.320320 0.3851472 0.0719181 -4.8288178 -0.0040709 -0.0380770 -0.0043388 0.9992571
98.632320 0.3648017 0.0699621 -4.6032295 -0.0040009 -0.0397123 -0.0055457 0.9991878
98.944340 0.3438715 0.0682310 -4.3786898 -0.0047171 -0.0397009 -0.0053933 0.9991859
99.360070 0.3162929 0.0663097 -4.0809326 -0.0055114 -0.0396211 -0.0057331 0.9991831
99.671950 0.2971047 0.0652144 -3.8622549 -0.0047581 -0.0378833 -0.0050382 0.9992582
99.983820 0.2802368 0.0641450 -3.6514683 -0.0056089 -0.0360523 -0.0035355 0.9993279
100.295700 0.2641074 0.0626350 -3.4505053 -0.0053463 -0.0347995 -0.0039766 0.9993721
100.607700 0.2489925 0.0608283 -3.2613320 -0.0015213 -0.0338988 -0.0065154 0.9994029
100.919600 0.2354317 0.0569723 -3.0770414 -0.0008049 -0.0333009 -0.0070739 0.9994200
101.231500 0.2206179 0.0533853 -2.8983538 0.0001853 -0.0331328 -0.0091229 0.9994093
101.543300 0.2066034 0.0505486 -2.7232592 -0.0004471 -0.0338297 -0.0084746 0.9993916
101.855100 0.1918277 0.0475005 -2.5505066 0.0008579 -0.0358146 -0.0080916 0.9993253
102.166900 0.1777288 0.0434375 -2.3820438 0.0008829 -0.0387323 -0.0074852 0.9992212
102.478700 0.1630641 0.0405409 -2.2153106 -0.0001766 -0.0415015 -0.0062401 0.9991189
102.790600 0.1469195 0.0377204 -2.0531099 -0.0015423 -0.0435936 -0.0068072 0.9990250
103.102400 0.1317114 0.0354987 -1.8990096 -0.0016937 -0.0435526 -0.0075824 0.9990209
103.414300 0.1182898 0.0326817 -1.7545739 -0.0015290 -0.0414847 -0.0077172 0.9991081
103.830300 0.1027904 0.0297352 -1.5766009 -0.0006468 -0.0387627 -0.0079958 0.9992163
104.142300 0.0934668 0.0270315 -1.4558946 -0.0011116 -0.0372517 -0.0076702 0.9992759
104.558200 0.0822482 0.0243278 -1.3174969 -0.0025967 -0.0354216 -0.0085895 0.9993322
104.974200 0.0740950 0.0221210 -1.2073689 -0.0015939 -0.0340593 -0.0076801 0.9993891
105.390000 0.0673005 0.0201662 -1.1116450 0.0009188 -0.0332355 -0.0070140 0.9994225
105.805700 0.0606584 0.0182299 -1.0178063 -0.0000833 -0.0330294 -0.0061799 0.9994352
106.221500 0.0539898 0.0163627 -0.9263741 -0.0001655 -0.0352272 -0.0049472 0.9993671
106.637700 0.0437776 0.0148138 -0.8384168 0.0000309 -0.0480839 -0.0062064 0.9988240
107.052900 0.0323913 0.0129738 -0.7527599 0.0002790 -0.0581816 -0.0069114 0.9982821
107.468800 0.0190277 0.0110293 -0.6680497 0.0008266 -0.0606637 -0.0101530 0.9981063
107.885000 0.0098122 0.0095351 -0.5847207 0.0003557 -0.0567278 -0.0093743 0.9983456
108.301100 0.0018275 0.0083904 -0.5035763 0.0007956 -0.0505194 -0.0088487 0.9986836
108.821000 -0.0064087 0.0066412 -0.3943760 0.0031113 -0.0398064 -0.0082418 0.9991686
109.236800 -0.0126590 0.0049498 -0.2898759 0.0016477 -0.0295980 -0.0059280 0.9995430
109.652600 -0.0172350 0.0033205 -0.1715088 -0.0001146 -0.0204831 -0.0051849 0.9997768
110.068200 -0.0206352 0.0008375 -0.0404888 0.0012011 -0.0144738 -0.0019378 0.9998927
111.210200 -0.0338694 -0.0079995 0.3444578 0.0093758 -0.0344688 -0.0039076 0.9993542
112.248300 -0.1121939 -0.0149356 0.6543146 -0.0072804 -0.1309659 -0.0178486 0.9911994
112.873300 -0.1436974 -0.0154507 0.8043925 -0.0107067 -0.1055820 -0.0143405 0.9942495
113.705700 -0.1480851 -0.0170984 0.8424999 -0.0045854 -0.0915623 -0.0128693 0.9957056
