0.000000 0.0000000000 0.0000000000 0.0000000000 0.0000000000 0.0000000000 0.0000000000 1.0000000000
0.103736 -0.0003108215 -0.0003986399 0.0432163067 0.0010049305 -0.0016001688 0.0012247753 0.9999974370
0.414692 -0.0026935337 -0.0006514080 0.1795573980 0.0030234077 -0.0081891054 0.0001198880 0.9999619126
1.140497 -0.0160268880 -0.0045574680 0.5296353698 0.0008379334 -0.0226701088 -0.0019492644 0.9997407794
1.762569 -0.0347832143 -0.0078007607 0.8521316648 0.0035188072 -0.0277325213 -0.0008131860 0.9996088743
2.177281 -0.0495310612 -0.0115259178 1.0765783787 0.0025825128 -0.0304386411 -0.0028528261 0.9995292425
2.591988 -0.0639887527 -0.0151247494 1.3072873354 0.0022839389 -0.0328250416 -0.0018254940 0.9994568229
3.006768 -0.0805398598 -0.0170217268 1.5427495241 -0.0030238929 -0.0305811185 -0.0021348670 0.9995254278
3.524925 -0.0988761261 -0.0204103254 1.8426403999 -0.0009158909 -0.0283405986 -0.0010991573 0.9995973110
4.146888 -0.1241262257 -0.0232899357 2.2181274891 0.0010187422 -0.0320722982 0.0057802177 0.9994683266
4.872532 -0.1575720757 -0.0256095845 2.6577231884 -0.0036471589 -0.0337891839 0.0010015010 0.9994218349
5.390861 -0.1804628819 -0.0268238597 2.9656507969 -0.0018112643 -0.0356627926 0.0006482364 0.9993620515
5.909185 -0.2033897340 -0.0298604257 3.2666511536 -0.0027271716 -0.0366306268 0.0022193040 0.9993227124
6.427659 -0.2263575196 -0.0328021049 3.5638251305 -0.0070969695 -0.0379627831 0.0086290520 0.9992166758
7.049705 -0.2559034824 -0.0349886157 3.9068870544 -0.0010274770 -0.0410083272 0.0014077651 0.9991573095
8.086111 -0.3025436997 -0.0396459699 4.4127860069 -0.0046364018 -0.0481730625 -0.0060356003 0.9988099933
9.226512 -0.3459711671 -0.0481933542 4.8447690010 0.0029501917 -0.0450007617 -0.0030044988 0.9989780784
10.160830 -0.3449935019 -0.0520786010 5.1156954765 -0.0034482784 0.0390365273 -0.0030183310 0.9992272854
11.408180 -0.2080700397 -0.0560536273 5.3727445602 0.0004132050 0.3688273728 -0.0036341604 0.9294907451
11.822770 -0.1290040016 -0.0573878661 5.4220252037 0.0030701458 0.4784751534 -0.0008332235 0.8780953288
12.340600 -0.0194026232 -0.0588731170 5.4596190453 0.0081869178 0.5781934857 0.0081735812 0.8158176541
12.858060 0.1032882929 -0.0624912828 5.4858617783 0.0111113274 0.6366612315 -0.0008130360 0.7710631490
13.168770 0.1854357719 -0.0631744564 5.4954652786 0.0183311086 0.6587913036 -0.0034104597 0.7520946860
13.479500 0.2763600051 -0.0669158921 5.5033273697 0.0142830908 0.6750171781 0.0001562223 0.7376636863
13.997670 0.4484081864 -0.0713887587 5.5122556686 0.0183261968 0.6901418567 0.0030087621 0.7234357595
14.308540 0.5654592514 -0.0739229694 5.5157837868 0.0201009195 0.6948761344 0.0042390879 0.7188359499
15.034100 0.8766099215 -0.0829423368 5.5248346329 0.0246650726 0.6928126216 0.0106366277 0.7206171751
15.863640 1.2824466228 -0.0941528082 5.5507421494 0.0216557346 0.6840200424 0.0027360108 0.7291365266
16.693090 1.6982352734 -0.1098730862 5.5798749924 0.0144970911 0.6852990985 -0.0023470826 0.7281136513
17.107900 1.9037450552 -0.1175306067 5.5903396606 0.0095097618 0.6932622194 -0.0030029532 0.7206164002
17.522870 2.1062617302 -0.1236894578 5.5931077003 0.0093578072 0.7074353099 -0.0027088034 0.7067109346
18.041200 2.3540234566 -0.1309895366 5.5831871033 0.0102085778 0.7261964083 -0.0032885573 0.6874036193
18.766880 2.6859774590 -0.1418996900 5.5530219078 0.0128816189 0.7444478869 0.0021278413 0.6675529480
19.595800 3.0106122494 -0.1528026164 5.5193510056 0.0138700819 0.7367834449 0.0017242205 0.6759843230
20.527470 3.3063557148 -0.1652809232 5.5372743607 0.0092013329 0.6406496167 -0.0022496362 0.7677749395
20.941510 3.4244418144 -0.1685630679 5.5829524994 0.0059964196 0.5514436364 -0.0026768399 0.8341863155
21.251900 3.4987411499 -0.1711777449 5.6356601715 0.0123098465 0.4646507502 -0.0057811984 0.8853895664
21.562720 3.5607099533 -0.1740428805 5.7033357620 0.0135526154 0.3708802164 -0.0070135095 0.9285553098
21.977710 3.6215808392 -0.1776200235 5.8119020462 0.0013066103 0.2460027039 -0.0033859126 0.9692623615
22.393170 3.6596102715 -0.1795236468 5.9357256889 -0.0047301003 0.1544380784 -0.0104192728 0.9879361987
23.225710 3.7173957825 -0.1806458235 6.2194147110 -0.0016554655 0.1031079441 -0.0189405847 0.9944884777
23.848990 3.7713556290 -0.1840669364 6.4631195068 0.0007386172 0.1161023304 -0.0201686416 0.9930322170
24.471000 3.8390517235 -0.1866506636 6.7350497246 0.0044922791 0.1210363954 -0.0130825574 0.9925516844
25.196320 3.9215233326 -0.1914366186 7.0929198265 0.0024864823 0.1124695390 -0.0168846156 0.9935085773
26.232990 4.0409131050 -0.1993644834 7.6586170197 0.0013902673 0.1056800857 -0.0189397410 0.9942188263
27.373230 4.1853923798 -0.2107414007 8.3061199188 -0.0014958321 0.1147696897 -0.0197131783 0.9931953549
28.513230 4.3290834427 -0.2218615562 8.9392414093 0.0033799838 0.1066185683 -0.0136087928 0.9942011237
29.238910 4.4051537514 -0.2305922806 9.3325967789 0.0019286945 0.0983995497 -0.0181030221 0.9949804544
29.964620 4.4746580124 -0.2365552187 9.7243814468 -0.0057913181 0.0795730427 -0.0159114450 0.9966852069
30.794050 4.5268068314 -0.2424315512 10.1759605408 0.0033790590 0.0483876020 -0.0197147075 0.9986283183
31.208610 4.5419569016 -0.2442340851 10.4115343094 -0.0054908567 0.0335413702 -0.0233242828 0.9991500378
32.038040 4.5593042374 -0.2494034618 10.8802433014 -0.0078684911 0.0193915367 -0.0300634168 0.9993289113
32.867470 4.5642170906 -0.2510384321 11.3454217911 -0.0045657041 -0.0069929562 -0.0124917356 0.9998871088
33.386030 4.5525679588 -0.2519145012 11.6413564682 -0.0114246449 -0.0222010482 -0.0118133724 0.9996184707
34.112090 4.5277128220 -0.2520270348 12.0565595627 -0.0073777419 -0.0287431013 -0.0151415439 0.9994449019
34.837900 4.5008282661 -0.2561006546 12.4719429016 -0.0044474993 -0.0346961431 -0.0076096584 0.9993590117
35.252510 4.4822630882 -0.2579918206 12.7059535980 -0.0005947366 -0.0354703926 -0.0120384991 0.9992980361
35.563620 4.4676332474 -0.2595786154 12.8796110153 -0.0032092640 -0.0361014716 -0.0171769150 0.9991953373
35.978300 4.4485564232 -0.2615699768 13.1060571671 -0.0036481435 -0.0383852795 -0.0177628566 0.9990984797
36.393220 4.4309172630 -0.2624291480 13.3195772171 -0.0032505158 -0.0393582880 -0.0131710302 0.9991330504
37.222810 4.4053039551 -0.2685409784 13.6982069016 -0.0041329307 -0.0235779155 -0.0157305300 0.9995896816
38.259670 4.4005079269 -0.2755163908 14.1451349258 -0.0024728416 0.0018958601 -0.0107179303 0.9999377131
38.984720 4.3974924088 -0.2786216736 14.4633636475 0.0055298535 -0.0035378663 -0.0149700511 0.9998663664
39.710390 4.3895564079 -0.2782893777 14.7928113937 -0.0015578722 -0.0154024512 -0.0091887480 0.9998379350
40.747350 4.3734889030 -0.2788151801 15.2750921249 -0.0073086992 -0.0200843532 0.0109818419 0.9997112751
41.473270 4.3606805801 -0.2834757566 15.5957994461 -0.0064917319 -0.0205467753 0.0125911077 0.9996885061
43.026190 4.2707042694 -0.2874974608 16.1117877960 0.0004853135 -0.1885513514 0.0148493759 0.9819509387
43.750710 4.1359443665 -0.2907416224 16.2703533173 -0.0028288576 -0.3753534555 -0.0215838775 0.9266260862
44.372740 3.9882271290 -0.2854330540 16.3512172699 -0.0135327727 -0.5264289975 -0.0276519135 0.8496615291
44.891360 3.8381199837 -0.2782737315 16.3840007782 -0.0118119000 -0.6358731985 -0.0213170182 0.7714086771
45.306930 3.6974315643 -0.2721302807 16.3896789551 -0.0095781265 -0.6915449500 -0.0196406282 0.7220028043
46.138420 3.3607454300 -0.2633509338 16.3709640503 -0.0030314126 -0.7279313207 -0.0207362790 0.6853296757
46.865420 2.9927749634 -0.2511002123 16.3476772308 -0.0025669993 -0.7264698744 -0.0166990403 0.6869906187
47.591510 2.5469994545 -0.2400649786 16.3255519867 -0.0093073817 -0.7233666778 -0.0157203898 0.6902223229
48.213880 2.1438622475 -0.2290225029 16.3056354523 -0.0120612914 -0.7251986861 -0.0141028687 0.6882895827
48.938730 1.6803708076 -0.2160102129 16.2731189728 -0.0143434741 -0.7313668132 -0.0142666027 0.6816841960
49.353850 1.4186010361 -0.2091242969 16.2509708405 -0.0072258846 -0.7320476770 -0.0151495887 0.6810466051
49.768340 1.1587730646 -0.2047791779 16.2308731079 -0.0092853969 -0.7293924689 -0.0146740349 0.6838750243
50.286730 0.8400223851 -0.1978501379 16.2137336731 -0.0138019100 -0.7268192172 -0.0099933697 0.6866174340
50.908670 0.4696691036 -0.1886638552 16.1881351471 -0.0131023116 -0.7303199768 -0.0122078629 0.6828703880
51.530760 0.1091811657 -0.1805478334 16.1544208527 -0.0094157709 -0.7394341230 -0.0185762998 0.6729066968
52.256550 -0.2856819630 -0.1712072939 16.1093616486 0.0001638046 -0.7417368889 -0.0271556061 0.6701409817
53.189580 -0.7206768394 -0.1614737660 16.0655899048 0.0014504793 -0.7338970900 -0.0279117711 0.6786854267
54.744460 -1.2238651514 -0.1506652534 16.0462684631 -0.0034414688 -0.7081888318 -0.0254656803 0.7055552602
56.299200 -1.3779594898 -0.1481660753 16.0499858856 -0.0005618855 -0.6976453066 -0.0184527133 0.7162054181
57.853970 -1.3872574568 -0.1479916722 16.0504779816 0.0016043910 -0.6975685954 -0.0163731296 0.7163291574
59.409140 -1.5716879368 -0.1474467218 16.0783996582 0.0032498951 -0.6352440715 -0.0139179770 0.7721791863
60.966000 -1.8670806885 -0.1437964141 16.3247203827 -0.0001431570 -0.2931824923 -0.0110676698 0.9559924006
61.380460 -1.9183638096 -0.1447970271 16.4615211487 -0.0013346878 -0.1781308502 -0.0040772855 0.9839974642
61.691060 -1.9440442324 -0.1455754936 16.5832424164 0.0015969592 -0.1082299799 -0.0039750966 0.9941166639
62.002740 -1.9603545666 -0.1468130350 16.7209663391 0.0002817442 -0.0599700138 -0.0022313863 0.9981976151
62.518230 -1.9762885571 -0.1499321908 16.9801769257 0.0002489823 -0.0258391704 0.0004724532 0.9996659756
63.242920 -1.9915640354 -0.1519568563 17.4039306641 -0.0021014910 -0.0177511554 0.0021176236 0.9998379946
63.968620 -2.0121293068 -0.1557368636 17.8820476532 -0.0029049804 -0.0204762593 0.0000804556 0.9997861385
64.486930 -2.0282669067 -0.1574558318 18.2534389496 0.0051780348 -0.0226235073 0.0050298464 0.9997180104
64.901640 -2.0440311432 -0.1615118533 18.5701923370 -0.0020312064 -0.0235065501 0.0030119321 0.9997170568
65.419850 -2.0640702248 -0.1621305346 18.9830284119 0.0021008756 -0.0237411037 0.0059352815 0.9996982813
65.834430 -2.0808582306 -0.1664468646 19.3196048737 -0.0004575297 -0.0270212051 0.0073880414 0.9996074438
66.248940 -2.1018769741 -0.1704649180 19.6592731476 0.0046129241 -0.0304318909 0.0071582119 0.9995005727
66.870960 -2.1383118629 -0.1786763817 20.1669292450 -0.0004821335 -0.0326964371 0.0036047264 0.9994587302
67.285670 -2.1624207497 -0.1849910766 20.5003643036 0.0028629825 -0.0326050892 0.0031721378 0.9994592071
67.803900 -2.1914014816 -0.1908127218 20.9133892059 -0.0039244634 -0.0314229652 -0.0018772973 0.9994966984
68.218650 -2.2141394615 -0.1941648871 21.2387027740 0.0022406590 -0.0307639092 -0.0070904582 0.9994990230
68.840530 -2.2459037304 -0.2026025802 21.7260856628 0.0002386522 -0.0305470265 -0.0104068378 0.9994791150
69.151620 -2.2629537582 -0.2049530298 21.9748134613 0.0004994991 -0.0293419529 -0.0109530808 0.9995092750
69.669950 -2.2895817757 -0.2098524272 22.3979835510 0.0028428589 -0.0282999538 -0.0106091881 0.9995391369
70.084660 -2.3087639809 -0.2145135999 22.7386074066 -0.0007701481 -0.0282689631 -0.0098695904 0.9995513558
70.602990 -2.3340334892 -0.2183838189 23.1703605652 -0.0004915207 -0.0280814525 -0.0067091626 0.9995830059
71.121200 -2.3564722538 -0.2232043594 23.5969905853 -0.0043949499 -0.0291967373 -0.0013230898 0.9995631576
71.535850 -2.3765594959 -0.2265211195 23.9328327179 -0.0010032199 -0.0300936103 0.0034642154 0.9995405674
72.157490 -2.4160056114 -0.2298446596 24.4312553406 -0.0040568714 -0.0325450115 0.0090711396 0.9994208813
72.779440 -2.4514491558 -0.2346095592 24.8871726990 -0.0032618626 -0.0343664736 0.0056031677 0.9993882775
73.919840 -2.4974191189 -0.2447153330 25.6073474884 -0.0063880747 -0.0270661823 0.0078909630 0.9995820522
75.163080 -2.5364758968 -0.2513577342 26.1436786652 0.0002329926 -0.0482134521 0.0064405552 0.9988162518
76.714820 -2.7514705658 -0.2559316158 26.5861358643 -0.0196691081 -0.3584571183 -0.0101240007 0.9332840443
77.232630 -2.9109163284 -0.2481470704 26.6923503876 -0.0283162631 -0.5031286478 0.0029804101 0.8637423515
77.750840 -3.1175498962 -0.2413680553 26.7447357178 -0.0281129740 -0.6422179341 0.0124423485 0.7659053206
78.270660 -3.3602628708 -0.2349045128 26.7319679260 -0.0231707469 -0.7265542746 -0.0092972284 0.6866553426
78.687370 -3.5693125725 -0.2278397381 26.7055225372 -0.0159712266 -0.7445036769 -0.0105002057 0.6673446894
79.207550 -3.8509285450 -0.2205513269 26.6754264832 -0.0163422450 -0.7444292307 -0.0058704587 0.6674755216
79.726400 -4.1542935371 -0.2142727822 26.6415348053 -0.0090652928 -0.7393658757 -0.0105926944 0.6731595397
80.348500 -4.5713644028 -0.2012554705 26.6064128876 -0.0102188336 -0.7317402363 -0.0127613153 0.6813874841
80.866800 -4.9538650513 -0.1881165504 26.5816955566 -0.0156879313 -0.7267612815 -0.0179263242 0.6864769459
81.281390 -5.2668790817 -0.1779496223 26.5636310577 -0.0130934222 -0.7257032990 -0.0154095180 0.6877105832
81.592230 -5.5039467812 -0.1708506495 26.5491485596 -0.0138548734 -0.7267382741 -0.0165565237 0.6865751147
81.903080 -5.7385663986 -0.1630085260 26.5329837799 -0.0130613185 -0.7277493477 -0.0182039272 0.6854771376
82.421410 -6.1276330948 -0.1498554647 26.5056629181 -0.0130621390 -0.7325394750 -0.0197146889 0.6803136468
82.939730 -6.5117812157 -0.1379531473 26.4691486359 -0.0079133166 -0.7370703816 -0.0191695467 0.6754977703
83.354570 -6.8186283112 -0.1288453788 26.4409923553 -0.0080784885 -0.7369594574 -0.0202246122 0.6755859852
83.872920 -7.2005820274 -0.1181274652 26.4100093842 -0.0067267921 -0.7297649384 -0.0245727729 0.6832232475
84.805710 -7.8636689186 -0.0981222391 26.3794288635 -0.0063839927 -0.7140253186 -0.0241722744 0.6996733546
85.427750 -8.2905359268 -0.0836603642 26.3767738342 -0.0112409629 -0.7087341547 -0.0188133698 0.7051351666
86.982510 -9.1169614792 -0.0644304305 26.3473529816 -0.0143368570 -0.7336534858 -0.0103542600 0.6792935729
87.915650 -9.5713739395 -0.0566175431 26.2937850952 -0.0070020147 -0.7486298084 -0.0079988232 0.6629030108
88.848890 -10.0827083588 -0.0454749763 26.2260532379 -0.0140906321 -0.7476891279 -0.0250957999 0.6634249091
89.678230 -10.6148071289 -0.0241338611 26.1715469360 -0.0040952731 -0.7377691865 -0.0189373363 0.6747749448
90.611400 -11.3049268723 -0.0068421364 26.1268043518 -0.0003413955 -0.7184842229 -0.0176074784 0.6953202486
91.233220 -11.8040990829 0.0034763515 26.1176090240 -0.0064306753 -0.7120267749 -0.0153142521 0.7019557953
91.751300 -12.2227439880 0.0140820444 26.1073665619 -0.0069291978 -0.7162378430 -0.0153024821 0.6976540685
92.165880 -12.5558414459 0.0197424889 26.0960559845 -0.0125229489 -0.7210403085 -0.0114490781 0.6926853657
92.580470 -12.8852539062 0.0263609588 26.0770168304 -0.0059834714 -0.7242771983 -0.0122360308 0.6893743873
92.891470 -13.1292181015 0.0301122367 26.0638065338 -0.0108216591 -0.7264917493 -0.0123109212 0.6869797111
93.098570 -13.2912473679 0.0343102515 26.0534629822 -0.0156183019 -0.7285376191 -0.0152449692 0.6846580505
93.409390 -13.5280981064 0.0395800173 26.0348644257 -0.0083500352 -0.7318606377 -0.0121495510 0.6812948585
93.720480 -13.7652339935 0.0447855294 26.0159969330 -0.0139444936 -0.7333602905 -0.0141583905 0.6795496941
94.135100 -14.0792551041 0.0532119572 25.9905014038 -0.0153441429 -0.7339060903 -0.0161047596 0.6788866520
94.653650 -14.4625854492 0.0634806752 25.9609603882 -0.0101392698 -0.7319834232 -0.0136334561 0.6811105013
95.275590 -14.9077281952 0.0768204331 25.9306507111 -0.0149820587 -0.7298254371 -0.0150878709 0.6833028197
95.897420 -15.3095951080 0.0882799327 25.9037914276 -0.0146783767 -0.7287768126 -0.0096219815 0.6845263839
96.622990 -15.7028169632 0.0969945192 25.8755989075 -0.0136248032 -0.7331953645 -0.0081710098 0.6798323989
97.658520 -16.1606731415 0.1070254445 25.8036689758 -0.0167864468 -0.7869490385 -0.0086204410 0.6167293787
98.278710 -16.3879108429 0.1115864739 25.6907024384 0.0206318665 0.8714941144 0.0063207434 -0.4899309874
98.899760 -16.5568962097 0.1170486808 25.4962348938 0.0185174625 0.9504751563 0.0103108892 -0.3100769818
99.107000 -16.5964317322 0.1199782491 25.4130897522 0.0157822408 0.9696622491 0.0118118236 -0.2436525375
99.418370 -16.6398200989 0.1228917241 25.2730255127 0.0199086759 0.9891712666 0.0136110764 -0.1447706968
99.833450 -16.6617889404 0.1266907454 25.0649547577 0.0152685437 0.9986804724 0.0121390419 -0.0475063510
100.353900 -16.6638565063 0.1321153343 24.7708473206 0.0169332735 0.9998324513 0.0068061361 0.0014328968
100.873400 -16.6455020905 0.1324787289 24.4475936890 0.0170985088 0.9993026257 0.0012620749 0.0331705995
101.495800 -16.6058120728 0.1307965815 24.0182971954 0.0130439904 0.9988036156 0.0037831462 0.0469776019
101.806900 -16.5790863037 0.1308245957 23.7872886658 0.0099741835 0.9984881282 0.0041282438 0.0538971648
102.221800 -16.5412712097 0.1293306500 23.4626770020 0.0070537799 0.9984883666 -0.0002453616 0.0545087196
102.325600 -16.5328559875 0.1284343302 23.3785858154 0.0067576240 0.9985287786 0.0011783207 0.0537889227
102.636700 -16.5055923462 0.1276153028 23.1245937347 0.0034913211 0.9987397790 0.0022006924 0.0500186272
102.947600 -16.4801445007 0.1272170246 22.8671226501 0.0024570329 0.9989031553 0.0067731212 0.0462667756
103.466500 -16.4403934479 0.1292878687 22.4354133606 0.0008276295 0.9991306663 0.0088235456 0.0407350324
103.880500 -16.4125537872 0.1324789226 22.0907192230 0.0021038831 0.9992870092 0.0075366958 0.0369353741
104.398600 -16.3798694611 0.1340146661 21.6654129028 -0.0085961604 0.9994356036 0.0077755963 0.0315303989
104.916800 -16.3556518555 0.1359653175 21.2274761200 -0.0021130799 0.9995906353 0.0083249481 0.0272906907
105.435200 -16.3273162842 0.1396900862 20.7933559418 -0.0047465814 0.9995698333 0.0047937920 0.0285409708
105.849900 -16.3060531616 0.1400562525 20.4489841461 -0.0037762923 0.9995532632 0.0054910742 0.0291353036
106.160900 -16.2912349701 0.1388727129 20.1926174164 -0.0037650939 0.9996572733 0.0062598945 0.0251385905
106.575600 -16.2750720978 0.1390817314 19.8518104553 -0.0028484331 0.9997631907 0.0039209407 0.0212155376
106.886500 -16.2633018494 0.1393166631 19.5983905792 -0.0014323074 0.9997718930 0.0046140072 0.0208037142
107.301100 -16.2473125458 0.1372126788 19.2612648010 0.0065476825 0.9995954633 0.0040035769 0.0273865014
107.716000 -16.2225742340 0.1359605640 18.9186038971 0.0009448319 0.9994483590 0.0059473533 0.0326607823
107.923300 -16.2111816406 0.1365780830 18.7461433411 0.0014658326 0.9994289875 0.0044047283 0.0334695801
108.338200 -16.1865177155 0.1365091652 18.4002304077 0.0040497007 0.9994111061 0.0046771248 0.0337522216
108.753000 -16.1628723145 0.1359611005 18.0492515564 0.0059095165 0.9995375276 0.0039459160 0.0295666326
109.064600 -16.1478157043 0.1367779076 17.7814445496 0.0086292597 0.9995955229 0.0083712265 0.0257739797
109.271400 -16.1368331909 0.1371572316 17.6027221680 0.0063621211 0.9996401668 0.0071614785 0.0250552222
109.478900 -16.1276531219 0.1374138594 17.4255867004 0.0088551883 0.9995768070 0.0072375610 0.0267462526
109.685700 -16.1153545380 0.1381630301 17.2484169006 0.0067593288 0.9994871616 0.0092060082 0.0299159735
109.893000 -16.1022186279 0.1388100982 17.0720520020 0.0067325886 0.9994238615 0.0092145931 0.0319647677
110.100400 -16.0902404785 0.1409962773 16.8963336945 0.0063622678 0.9994314313 0.0028602763 0.0329864584
110.411800 -16.0679168701 0.1403167546 16.6319389343 0.0023015547 0.9993318915 0.0084095541 0.0354938544
110.723200 -16.0466594696 0.1394123733 16.3669605255 0.0037140949 0.9992497563 -0.0024181393 0.0384751856
110.930400 -16.0324840546 0.1363981813 16.1898250580 0.0073128887 0.9991159439 -0.0068377927 0.0408299826
111.138000 -16.0160179138 0.1338146329 16.0086345673 0.0067439787 0.9990984797 0.0046574255 0.0416532606
111.449000 -15.9921379089 0.1327890009 15.7457447052 0.0055320337 0.9991645217 0.0053174235 0.0401418321
111.760100 -15.9703044891 0.1317230165 15.4811334610 0.0091619743 0.9992689490 0.0000729756 0.0371155702
111.967300 -15.9568462372 0.1299945861 15.3071289062 0.0107141491 0.9993176460 0.0014032108 0.0353194177
112.278300 -15.9387292862 0.1271528602 15.0527877808 0.0105918935 0.9993980527 0.0030575227 0.0328941494
112.485500 -15.9272508621 0.1260883063 14.8842487335 0.0106482413 0.9994350672 0.0029998645 0.0317362137
112.796500 -15.9127731323 0.1251128614 14.6346378326 0.0147155104 0.9993997216 0.0071678087 0.0305321533
113.003600 -15.9032430649 0.1235764921 14.4735813141 0.0155843068 0.9993751049 0.0076431176 0.0307914633
113.522000 -15.8774633408 0.1222201884 14.0892906189 0.0123445205 0.9995323420 -0.0018607072 0.0279159993
114.143600 -15.8572969437 0.1184106171 13.6629505157 0.0085372739 0.9998160601 0.0053441627 0.0163217168
115.490400 -15.8330430984 0.1142994687 12.9622383118 0.0163783859 0.9992545247 0.0040615560 0.0347219184
116.524700 -15.7244873047 0.1067422256 12.6061286926 0.0075289481 0.9763303995 -0.0016339479 0.2161470354
117.352900 -15.5010118484 0.1024854630 12.3657045364 0.0078902151 0.9059674144 0.0012769614 0.4232719541
117.871000 -15.2758741379 0.0991428494 12.2539691925 0.0097712977 0.8348526359 -0.0054904670 0.5503593683
118.285900 -15.0565633774 0.0950688049 12.2065963745 -0.0015469104 0.7714249492 -0.0072569293 0.6362770200
118.701300 -14.8091888428 0.0908215195 12.1904706955 -0.0020878944 0.7278698683 -0.0124811856 0.6855984926
119.325100 -14.4001464844 0.0837886781 12.1856899261 -0.0025270360 0.7066784501 -0.0097144982 0.7074636817
120.051500 -13.8869438171 0.0682868212 12.1940717697 0.0024962639 0.7001293302 -0.0054406212 0.7139909267
120.673400 -13.4092092514 0.0588598251 12.2081623077 0.0042973901 0.6963760257 -0.0080819400 0.7176187038
121.191600 -12.9922285080 0.0497534499 12.2218246460 0.0074711125 0.6918947101 -0.0005926205 0.7219594717
121.709800 -12.5689029694 0.0411484949 12.2469816208 0.0033783456 0.6829096079 0.0036618356 0.7304858565
122.332000 -12.0596685410 0.0330405571 12.2922239304 0.0014668605 0.6720899343 -0.0014879012 0.7404665947
122.643100 -11.8095426559 0.0295715742 12.3211269379 -0.0021705518 0.6713077426 -0.0045352113 0.7411617041
123.161600 -11.4077520370 0.0217545778 12.3668365479 -0.0059473556 0.6736863852 -0.0143443253 0.7388542295
123.472400 -11.1745491028 0.0170946494 12.3905973434 -0.0063649658 0.6759213209 -0.0154151497 0.7367850542
123.990700 -10.8136262894 0.0122589990 12.4220237732 -0.0105162663 0.6823767424 -0.0192687213 0.7306709886
124.820300 -10.3305673599 -0.0042497367 12.4422845840 -0.0016589346 0.6996137500 -0.0189782772 0.7142672539
125.753000 -9.8262891769 -0.0182085857 12.4480123520 -0.0125008924 0.7053438425 -0.0095702186 0.7086904645
126.685100 -9.3571748734 -0.0274281949 12.4909505844 0.0078672189 0.6447092295 -0.0066234395 0.7643586993
127.513100 -8.9889535904 -0.0359847359 12.6471614838 -0.0013191085 0.4988132417 -0.0055799941 0.8666905165
128.134900 -8.7785024643 -0.0419386402 12.8504428864 0.0053217351 0.3506946862 -0.0008584665 0.9364743233
129.380000 -8.5661659241 -0.0488013849 13.3941001892 -0.0063604703 0.1135489121 -0.0235445648 0.9932330251
130.836500 -8.3821182251 -0.0563929901 14.0087566376 -0.0077977264 0.2228408605 -0.0029796287 0.9748191237
131.460800 -8.2338047028 -0.0590902604 14.1723070145 -0.0032038460 0.3869885504 -0.0084730024 0.9220400453
131.979400 -8.0773162842 -0.0632659867 14.2571945190 0.0029722918 0.5133244991 -0.0064138407 0.8581654429
132.497100 -7.8932666779 -0.0665298551 14.3127555847 -0.0010730129 0.6017308235 -0.0054933489 0.7986793518
133.014400 -7.6732883453 -0.0703227594 14.3492717743 0.0062161377 0.6499292850 -0.0085467463 0.7599211931
133.428500 -7.4657239914 -0.0766203552 14.3707208633 0.0105408784 0.6711255908 -0.0093170879 0.7412102222
133.946100 -7.1681284904 -0.0851056352 14.3957853317 0.0082745031 0.6762595177 -0.0042304648 0.7366048694
134.568000 -6.7576756477 -0.0943591446 14.4286689758 0.0102493847 0.6809024811 -0.0082237581 0.7322562337
134.982600 -6.4603142738 -0.1044916362 14.4484872818 0.0081554046 0.6841292977 -0.0076989611 0.7292745113
135.604400 -5.9750018120 -0.1189854294 14.4748115540 0.0098251943 0.6889793277 -0.0058136778 0.7246910334
136.019200 -5.6375985146 -0.1308234334 14.4917259216 0.0112243285 0.6913149357 -0.0107580842 0.7223863006
136.537400 -5.1964378357 -0.1467372477 14.5119953156 0.0115265520 0.6896542311 -0.0038308189 0.7240369320
136.848400 -4.9307737350 -0.1561903358 14.5273761749 0.0130034285 0.6860612035 -0.0045351963 0.7274135351
137.159500 -4.6682124138 -0.1669805348 14.5443420410 0.0133902617 0.6836166382 -0.0064797006 0.7296896577
137.574300 -4.3200621605 -0.1791585684 14.5705175400 0.0070911194 0.6814895272 -0.0007348221 0.7317931056
138.196300 -3.8115923405 -0.1972568035 14.6103305817 0.0103035029 0.6801115274 -0.0026503084 0.7330314517
138.610700 -3.4798696041 -0.2086329162 14.6352300644 0.0148949614 0.6797698140 -0.0020444228 0.7332714200
139.439900 -2.8369038105 -0.2345390767 14.6910676956 0.0132540362 0.6764234900 -0.0011561534 0.7363927364
139.958400 -2.4587016106 -0.2482746542 14.7268285751 0.0109033985 0.6743662357 -0.0025437153 0.7383121848
140.476300 -2.1133117676 -0.2611822188 14.7618646622 0.0081265960 0.6740343571 -0.0086221704 0.7386049628
141.409400 -1.5362050533 -0.2819260061 14.8137464523 0.0082254801 0.6803038716 -0.0092467759 0.7328256965
142.964300 -0.8855747581 -0.3063994050 14.8244533539 0.0066381972 0.7243224978 -0.0050423411 0.6894109249
144.519300 -0.5918908119 -0.3164859712 14.7640571594 0.0148225287 0.7898945808 0.0005796992 0.6130632162
146.075700 -0.2750587463 -0.3295443356 14.5525875092 0.0141931698 0.9190669656 -0.0101931682 0.3937137723
146.490800 -0.1818284988 -0.3335346580 14.4121742249 0.0187784191 0.9582956433 -0.0122510195 0.2848978639
146.905400 -0.1102404594 -0.3393430710 14.2276649475 0.0230855606 0.9847137332 -0.0107137281 0.1723112762
147.422800 -0.0567569733 -0.3465929031 13.9321632385 0.0235623643 0.9971163869 -0.0033263802 0.0720597953
148.043400 -0.0257894993 -0.3515539467 13.4895544052 0.0256117210 0.9994412065 -0.0008810649 0.0214596335
148.664200 -0.0131835341 -0.3523036540 12.9720401764 0.0302389674 0.9994826913 0.0004720752 0.0109447381
149.182200 -0.0003166497 -0.3546236157 12.4855575562 0.0331762508 0.9993525147 -0.0019645269 0.0137844160
149.492900 0.0085883737 -0.3577465415 12.1731758118 0.0359363295 0.9991903305 -0.0029501023 0.0178498663
149.803700 0.0234374404 -0.3623036742 11.8465013504 0.0330890641 0.9991575480 -0.0032889824 0.0240523852
150.218300 0.0491878390 -0.3672537506 11.3904552460 0.0325411335 0.9990211129 -0.0030865320 0.0298059452
150.425700 0.0650759339 -0.3720841110 11.1598777771 0.0337014757 0.9989154339 -0.0020957002 0.0320592821
150.840100 0.0999167562 -0.3790340424 10.6852474213 0.0318442918 0.9988736510 -0.0026020720 0.0350794569
151.254700 0.1356222034 -0.3858684003 10.2023477554 0.0323674455 0.9988195896 -0.0022609292 0.0361479707
151.565600 0.1640595794 -0.3915363550 9.8363342285 0.0305170994 0.9989050031 -0.0013153964 0.0354363061
151.980300 0.2008906603 -0.4009772837 9.3386201859 0.0285699759 0.9990603924 -0.0016626635 0.0325468890
152.394700 0.2317847610 -0.4065551758 8.8282194138 0.0296921507 0.9991168380 0.0028502326 0.0295937620
152.705800 0.2527595162 -0.4098103940 8.4388628006 0.0313165821 0.9991315007 0.0009950476 0.0274691824
153.016700 0.2734473050 -0.4133526087 8.0424461365 0.0347479098 0.9990651011 -0.0010667094 0.0256965160
153.534900 0.3060803115 -0.4209827781 7.3697571754 0.0318570510 0.9991972446 -0.0002805701 0.0242873393
153.845800 0.3279161751 -0.4263198674 6.9610185623 0.0325710960 0.9991657138 -0.0034175531 0.0243987776
154.156700 0.3475508988 -0.4322223961 6.5474209785 0.0328938924 0.9991406798 -0.0007504870 0.0252069999
154.467400 0.3697823882 -0.4370390177 6.1341409683 0.0337267667 0.9990874529 -0.0019777699 0.0261311252
154.778100 0.3935156167 -0.4448793828 5.7205214500 0.0331244655 0.9990786314 -0.0011197835 0.0272646900
155.088900 0.4193997979 -0.4519932270 5.3072915077 0.0323705189 0.9990723133 0.0000568553 0.0284010321
155.503300 0.4486367702 -0.4606943429 4.7583355904 0.0327637158 0.9989756346 -0.0005178736 0.0312083643
