1.036104 0.0015656933 0.0067366562 0.0154863540 -0.0000527889 -0.0000219631 0.0000148931 1.0000000000
1.347350 -0.0040082280 0.0063435105 0.1044124067 -0.0011316517 -0.0297949016 0.0011239005 0.9995547533
1.970961 -0.0288268439 0.0039631259 0.3072105646 0.0014379760 -0.0634735525 0.0022997491 0.9979798198
2.283102 -0.0448665991 0.0025319904 0.4218032062 0.0038679841 -0.0758506283 0.0076371934 0.9970824718
2.699213 -0.0771659389 -0.0009384351 0.5877000690 0.0098084603 -0.0934844241 0.0045686429 0.9955619574
3.323567 -0.1392294616 -0.0119327083 0.8648575544 0.0242086630 -0.1157720461 0.0048986874 0.9929686785
3.947360 -0.2223781645 -0.0350670740 1.1594498158 0.0465306379 -0.1290585101 -0.0038149166 0.9905373454
4.676366 -0.3400464654 -0.0732461661 1.5493471622 0.0433266461 -0.1530564874 -0.0083746072 0.9872316718
4.882642 -0.3819142878 -0.0837745070 1.6646776199 0.0393049009 -0.1620194614 -0.0114147626 0.9859383702
5.401997 -0.4991254508 -0.1071938574 1.9633365870 0.0357341766 -0.1850558519 -0.0112813152 0.9820132852
5.609757 -0.5510427952 -0.1169001386 2.0854032040 0.0310274009 -0.1931877881 -0.0123694036 0.9805930853
6.025285 -0.6578616500 -0.1315543950 2.3330535889 0.0264428910 -0.2083195001 -0.0109207081 0.9776422977
6.648730 -0.8439995646 -0.1559152007 2.7253966331 0.0241261255 -0.2182009220 -0.0080540953 0.9755723476
7.168161 -1.0109767914 -0.1754845828 3.0756127834 0.0208408628 -0.2243246734 -0.0046538236 0.9742804766
7.583886 -1.1560806036 -0.1899098009 3.3566598892 0.0199799351 -0.2413429022 -0.0008000429 0.9702338576
8.206229 -1.3960596323 -0.2104520500 3.7663142681 0.0226510987 -0.2652089894 -0.0041260645 0.9639160037
8.621720 -1.5593308210 -0.2224877179 4.0261735916 0.0183481425 -0.2755581439 -0.0065121274 0.9610872269
9.038033 -1.7326512337 -0.2362172455 4.2881574631 0.0208716448 -0.2871564031 -0.0051781437 0.9576423168
9.452542 -1.9131004810 -0.2520303726 4.5487308502 0.0201765634 -0.3029022515 -0.0030952184 0.9528030157
9.764859 -2.0547149181 -0.2638966143 4.7409162521 0.0213287175 -0.3156854510 -0.0013430153 0.9486231804
10.178630 -2.2523074150 -0.2801971734 4.9930028915 0.0199574921 -0.3337566555 0.0005741353 0.9424477816
10.697400 -2.5213351250 -0.3002709746 5.3060808182 0.0205869731 -0.3526852727 0.0014370895 0.9355143905
11.008770 -2.6890726089 -0.3135293722 5.4922761917 0.0231140479 -0.3629439473 0.0031800044 0.9315188527
11.320040 -2.8654310703 -0.3264763951 5.6788644791 0.0221849233 -0.3725137413 0.0042271726 0.9277518392
11.735130 -3.1052510738 -0.3445799053 5.9191660881 0.0215787515 -0.3828945160 0.0073367464 0.9235108495
12.357360 -3.4806885719 -0.3742446601 6.2736721039 0.0179891400 -0.4074656963 0.0175024644 0.9128755331
12.772110 -3.7514567375 -0.3935731947 6.4995865822 0.0203563292 -0.4289325178 0.0191852115 0.9029033184
13.394220 -4.1752142906 -0.4270482361 6.8118243217 0.0197085403 -0.4610438347 0.0217152033 0.8868926764
13.705510 -4.3981537819 -0.4460453391 6.9609489441 0.0175301246 -0.4745916128 0.0201876163 0.8797999620
14.224500 -4.7785577774 -0.4755197465 7.1987657547 0.0196940228 -0.4913963974 0.0264243335 0.8703122735
14.538380 -5.0113754272 -0.4954957366 7.3352622986 0.0146163078 -0.4973926246 0.0272027086 0.8669757247
14.846120 -5.2374868393 -0.5129139423 7.4679503441 0.0116345128 -0.5018600225 0.0282377265 0.8644095063
15.365030 -5.6055517197 -0.5383688807 7.6812286377 0.0054719010 -0.5083318353 0.0326241590 0.8605256677
15.572680 -5.7499914169 -0.5489848852 7.7631826401 0.0047749374 -0.5101420283 0.0344153456 0.8593880534
15.988000 -6.0327453613 -0.5693786144 7.9169464111 0.0082267690 -0.5071386099 0.0328014344 0.8612008095
16.299500 -6.2357974052 -0.5853792429 8.0341863632 0.0091493176 -0.4990378618 0.0313991345 0.8659628034
16.714990 -6.4975204468 -0.6041620374 8.1979465485 0.0102517465 -0.4826328456 0.0305789653 0.8752287626
16.922750 -6.6247487068 -0.6157857776 8.2807140350 0.0131435208 -0.4717635214 0.0288454723 0.8811551332
17.338110 -6.8718390465 -0.6362428665 8.4550676346 0.0121347206 -0.4457459450 0.0240558274 0.8947539330
17.545790 -6.9881868362 -0.6458998322 8.5456895828 0.0132411858 -0.4333339930 0.0238893740 0.9008194208
17.753120 -7.0996108055 -0.6552397013 8.6378917694 0.0129858991 -0.4211071432 0.0244961623 0.9065870643
17.960530 -7.2073020935 -0.6638339758 8.7308731079 0.0107648177 -0.4093541801 0.0225996040 0.9120320678
18.167890 -7.3112096786 -0.6713659763 8.8253078461 0.0117808068 -0.3975453079 0.0207747072 0.9172716737
18.479100 -7.4578561783 -0.6824319363 8.9681358337 0.0119966092 -0.3806661367 0.0188562591 0.9244424105
18.790260 -7.5952229500 -0.6927321553 9.1109237671 0.0109444465 -0.3650860190 0.0178990439 0.9307373762
19.309140 -7.8084168434 -0.7078552246 9.3522424698 0.0084415581 -0.3406521976 0.0145118451 0.9400394559
19.932000 -8.0293722153 -0.7220089436 9.6393547058 0.0075884755 -0.3002691567 0.0082807159 0.9537883997
20.868590 -8.2945528030 -0.7375848889 10.0875787735 0.0009616156 -0.2348359376 0.0053974022 0.9720195532
21.799990 -8.5116271973 -0.7444000840 10.5704822540 -0.0037106641 -0.1927592307 0.0014344786 0.9812380075
22.735920 -8.7136249542 -0.7415789962 11.1280498505 -0.0065981713 -0.1528800279 0.0025363758 0.9882194996
23.357620 -8.8165702820 -0.7435263991 11.5402107239 -0.0096842721 -0.0953751504 -0.0057450226 0.9953777194
24.604240 -8.8708972931 -0.7256366014 12.5008106232 -0.0179329254 0.0343353935 -0.0124624288 0.9991717339
25.848990 -8.6713123322 -0.7189859152 13.5797843933 -0.0021447479 0.1469790637 -0.0211759694 0.9889105558
26.886640 -8.2931461334 -0.7471225262 14.5165309906 0.0120173628 0.2362118810 -0.0265266839 0.9712650776
27.613650 -7.8954882622 -0.7911348343 15.1520605087 0.0180077683 0.3273510337 -0.0358586013 0.9440504313
28.340050 -7.3697414398 -0.8562400937 15.7178583145 0.0291537438 0.4081329703 -0.0364844948 0.9117271900
28.858560 -6.9334812164 -0.9140946865 16.0748424530 0.0344777219 0.4548004270 -0.0378035866 0.8891224861
29.273280 -6.5678138733 -0.9620882273 16.3191261292 0.0308950245 0.4933199883 -0.0429791845 0.8682359457
29.688050 -6.1921534538 -1.0130136013 16.5258655548 0.0272803921 0.5333593488 -0.0448953584 0.8442558646
30.310460 -5.6291465759 -1.0815154314 16.7504844666 0.0269169062 0.5913125277 -0.0435750782 0.8048143983
31.036690 -4.9721937180 -1.1651781797 16.9069538116 0.0323726758 0.6474854946 -0.0554557554 0.7593676448
31.555400 -4.5208253860 -1.2291607857 16.9573173523 0.0289884731 0.6829614639 -0.0582384989 0.7275517583
32.488780 -3.7531170845 -1.3382759094 16.9558486938 0.0262174960 0.7264255881 -0.0579349771 0.6842967868
33.007250 -3.3584599495 -1.3944673538 16.9303627014 0.0255498383 0.7339161634 -0.0577142276 0.6763012409
33.525770 -2.9784858227 -1.4458490610 16.9021015167 0.0258413423 0.7324982285 -0.0607838370 0.6775572896
33.836860 -2.7537920475 -1.4772696495 16.8887329102 0.0254006051 0.7282929420 -0.0637094304 0.6818249822
34.459140 -2.3221633434 -1.5379046202 16.8757038116 0.0251032505 0.7143151164 -0.0609554052 0.6967123747
34.977900 -1.9623759985 -1.5856120586 16.8779926300 0.0254826695 0.7023578882 -0.0606464781 0.7087778449
35.289260 -1.7501065731 -1.6143180132 16.8849277496 0.0248523112 0.6949315071 -0.0623052828 0.7159403563
35.704390 -1.4695498943 -1.6517351866 16.9008998871 0.0237645358 0.6855614185 -0.0607619546 0.7250853777
36.326820 -1.0508060455 -1.7078827620 16.9403133392 0.0255277213 0.6677572727 -0.0602210872 0.7414998412
36.742000 -0.7658501863 -1.7451820374 16.9749584198 0.0267129168 0.6629551649 -0.0610546209 0.7456870675
37.157030 -0.4807208776 -1.7816102505 17.0126552582 0.0281031020 0.6576453447 -0.0593676157 0.7504587173
37.364510 -0.3372657299 -1.8013511896 17.0343208313 0.0272186808 0.6549411416 -0.0563739501 0.7530824542
37.779750 -0.0516862869 -1.8385992050 17.0838642120 0.0294538047 0.6454755664 -0.0558353923 0.7611676455
38.402010 0.3784847260 -1.8938548565 17.1722736359 0.0315079093 0.6207962036 -0.0514841974 0.7816448808
38.920770 0.7224364281 -1.9397668839 17.2682647705 0.0289374534 0.5995826721 -0.0547344089 0.7979143858
39.543570 1.1239614487 -1.9904184341 17.4012966156 0.0271147471 0.5788193345 -0.0557512119 0.8130958080
40.063320 1.4439334869 -2.0317330360 17.5286941528 0.0228647366 0.5606481433 -0.0515536964 0.8261314034
40.788800 1.8777661324 -2.0807824135 17.7274570465 0.0205141120 0.5332518816 -0.0517911315 0.8441204429
41.203950 2.1167140007 -2.1079473495 17.8504505157 0.0166433118 0.5201780200 -0.0492371209 0.8524749875
41.723100 2.4149274826 -2.1366853714 18.0120773315 0.0117678922 0.5139575005 -0.0472013950 0.8564351797
42.034430 2.5939836502 -2.1528546810 18.1106910706 0.0126765706 0.5114488006 -0.0474112667 0.8579111695
42.345760 2.7757000923 -2.1697187424 18.2113151550 0.0103572039 0.5096505284 -0.0431681201 0.8592354655
42.553870 2.8972034454 -2.1797184944 18.2786560059 0.0087537402 0.5086861849 -0.0419170596 0.8598864675
43.072130 3.2033109665 -2.2035751343 18.4506416321 0.0040458287 0.5073460937 -0.0406095348 0.8607754707
43.694790 3.5644459724 -2.2283749580 18.6555995941 0.0000951539 0.5026273727 -0.0376796275 0.8636816144
44.213300 3.8637495041 -2.2446873188 18.8330478668 -0.0027448847 0.4912670255 -0.0325790234 0.8703951836
44.524290 4.0378446579 -2.2532360554 18.9436702728 -0.0050295577 0.4812213480 -0.0328452326 0.8759691119
45.043060 4.3134040833 -2.2618286610 19.1379871368 -0.0048355516 0.4592671692 -0.0286046341 0.8878243566
45.665520 4.6425476074 -2.2716417313 19.3960762024 -0.0116894590 0.4272522628 -0.0246100295 0.9037218690
46.391460 5.0157942772 -2.2705833912 19.7372188568 -0.0161335841 0.3846646249 -0.0144155836 0.9228028059
46.910140 5.2646427155 -2.2669696808 20.0107059479 -0.0188800786 0.3542045951 -0.0132899862 0.9348828793
47.429220 5.5027613640 -2.2621543407 20.3015441895 -0.0241534915 0.3319368362 -0.0183652118 0.9428134561
47.844470 5.6863427162 -2.2546863556 20.5453910828 -0.0294116419 0.3189519048 -0.0246189591 0.9469944835
48.259930 5.8684020042 -2.2489557266 20.7934875488 -0.0241283607 0.3147517443 -0.0315555558 0.9483424425
48.778960 6.1020455360 -2.2444162369 21.1118354797 -0.0235913340 0.3124740720 -0.0304287542 0.9491456747
49.090150 6.2440128326 -2.2420539856 21.3079147339 -0.0233822353 0.3079863191 -0.0280423854 0.9506899118
49.608640 6.4679579735 -2.2371234894 21.6396141052 -0.0234031100 0.2832435966 -0.0260733031 0.9584078193
49.919640 6.5910229683 -2.2338926792 21.8434658051 -0.0264849998 0.2643116117 -0.0264872983 0.9637096524
50.438290 6.7751045227 -2.2253131866 22.1946525574 -0.0272213053 0.2318869084 -0.0291610677 0.9719244242
50.749770 6.8754405975 -2.2198014259 22.4090614319 -0.0289103035 0.2178386897 -0.0347879268 0.9749360681
51.165140 7.0017490387 -2.2119467258 22.6919860840 -0.0276140887 0.2079452574 -0.0327355303 0.9772024155
51.372640 7.0633482933 -2.2082519531 22.8335685730 -0.0256959274 0.2026811391 -0.0321561098 0.9783793092
51.787640 7.1782631874 -2.2023303509 23.1185646057 -0.0276785046 0.1897129118 -0.0333579704 0.9808823466
52.202390 7.2870988846 -2.1951646805 23.4049129486 -0.0252954476 0.1796408147 -0.0309751295 0.9829190373
52.617770 7.3901052475 -2.1882259846 23.6831111908 -0.0270858128 0.1864687502 -0.0348097496 0.9814703465
53.137020 7.5243763924 -2.1822717190 24.0041122437 -0.0276631378 0.2101319730 -0.0349905528 0.9766550064
53.551780 7.6336369514 -2.1781778336 24.2472019196 -0.0241355523 0.2065136433 -0.0305553246 0.9776686430
53.966270 7.7311177254 -2.1737103462 24.4914550781 -0.0228965953 0.1803438812 -0.0243049860 0.9830366969
54.277140 7.7924432755 -2.1710472107 24.6765575409 -0.0215171520 0.1478585154 -0.0198668391 0.9885748029
54.691640 7.8479738235 -2.1649594307 24.9278259277 -0.0185141172 0.0938032866 -0.0207622200 0.9952020645
55.002770 7.8700466156 -2.1621496677 25.1193370819 -0.0188117251 0.0477844141 -0.0205394980 0.9984692931
55.314140 7.8751025200 -2.1582407951 25.3120746613 -0.0163953304 0.0049447245 -0.0219328161 0.9996127486
55.730050 7.8622674942 -2.1519820690 25.5754928589 -0.0209608041 -0.0223513171 -0.0304468442 0.9990665913
56.146400 7.8469066620 -2.1453876495 25.8517723083 -0.0144220600 -0.0215707272 -0.0338440761 0.9990902543
56.666390 7.8357234001 -2.1399381161 26.2083854675 -0.0075646383 -0.0161186606 -0.0285107326 0.9994348884
57.081890 7.8238129616 -2.1376295090 26.5132560730 -0.0101482719 -0.0145825911 -0.0320027582 0.9993298650
57.393270 7.8136401176 -2.1343746185 26.7453060150 -0.0084838346 -0.0151470965 -0.0346922912 0.9992472529
57.911640 7.7951216698 -2.1344344616 27.1426849365 -0.0073441849 -0.0278651323 -0.0254913438 0.9992595911
58.222770 7.7768211365 -2.1351180077 27.3799190521 -0.0055880044 -0.0425084643 -0.0219949260 0.9988383055
58.741650 7.7308721542 -2.1366539001 27.7718944550 -0.0048393034 -0.0655718520 -0.0210852921 0.9976133108
59.260530 7.6699438095 -2.1381864548 28.1559867859 -0.0026427372 -0.0834222883 -0.0180062968 0.9963480830
59.779400 7.5984468460 -2.1425809860 28.5374393463 0.0003992821 -0.0972622558 -0.0112260450 0.9951953888
60.194660 7.5340547562 -2.1455206871 28.8438625336 -0.0029189682 -0.1027521566 -0.0103929248 0.9946483970
60.506060 7.4841833115 -2.1452958584 29.0751495361 -0.0050560790 -0.1039764360 -0.0032769532 0.9945614934
60.817540 7.4361696243 -2.1467463970 29.3027687073 -0.0050516934 -0.1058527902 0.0001750280 0.9943689704
61.232720 7.3676295280 -2.1462993622 29.6093025208 -0.0086328266 -0.1081646979 -0.0023685561 0.9940927029
61.543930 7.3157525063 -2.1449048519 29.8374691010 -0.0108117787 -0.1076902524 -0.0050244615 0.9941130280
61.855290 7.2652816772 -2.1423346996 30.0636825562 -0.0139913782 -0.1050874516 -0.0057191183 0.9943481088
62.270350 7.2024259567 -2.1386713982 30.3574676514 -0.0154928155 -0.1021628380 -0.0080078794 0.9946147799
62.789040 7.1278386116 -2.1330056190 30.7222995758 -0.0209516343 -0.0994994864 -0.0047920439 0.9948054552
63.100390 7.0846505165 -2.1275954247 30.9382667542 -0.0217352211 -0.0987978205 0.0001746982 0.9948701262
63.515270 7.0272674561 -2.1201219559 31.2208118439 -0.0240060650 -0.0992171168 0.0016379053 0.9947748184
64.033590 6.9565315247 -2.1104257107 31.5656986237 -0.0250829421 -0.1002024859 0.0022670645 0.9946482778
64.552380 6.8862524033 -2.1002533436 31.8986663818 -0.0268993732 -0.1009131819 0.0003354426 0.9945314527
64.967450 6.8321485519 -2.0903556347 32.1587600708 -0.0321769118 -0.1013749912 -0.0001689298 0.9943277836
65.382430 6.7781672478 -2.0771515369 32.4117584229 -0.0380560495 -0.1049131677 0.0018147670 0.9937512875
65.693560 6.7372889519 -2.0677096844 32.6008796692 -0.0394925438 -0.1074274182 0.0027127666 0.9934245348
66.315950 6.6584434509 -2.0416066647 32.9623031616 -0.0403766707 -0.1056644395 0.0078225425 0.9935509562
67.042030 6.5731606483 -2.0187244415 33.3478317261 -0.0359230265 -0.1026377082 0.0101291491 0.9940183163
67.664920 6.5118684769 -2.0024988651 33.6690139771 -0.0364609174 -0.0827105939 0.0069642724 0.9958820343
68.392670 6.4832253456 -1.9808716774 34.0391273499 -0.0455911607 -0.0107374452 0.0018066759 0.9989008307
69.119820 6.5169777870 -1.9537594318 34.4104118347 -0.0434416756 0.0825573877 0.0051663178 0.9956256151
69.846210 6.6211442947 -1.9254820347 34.7825508118 -0.0388524905 0.1649074554 0.0089990636 0.9855024219
70.572360 6.7806072235 -1.9008858204 35.1500778198 -0.0373456590 0.2293222696 0.0104017230 0.9725782275
71.505720 7.0634765625 -1.8718321323 35.6024703979 -0.0365720540 0.3134998083 0.0056748614 0.9488667846
72.024670 7.2603864670 -1.8565497398 35.8270874023 -0.0363157317 0.3763343692 0.0069827344 0.9257455468
72.646700 7.5283689499 -1.8381197453 36.0565948486 -0.0347568542 0.4409230649 0.0119449412 0.8967921138
73.787750 8.1002187729 -1.7998268604 36.3893890381 -0.0368953943 0.5416169167 0.0168626718 0.8396460414
74.410370 8.4597339630 -1.7790702581 36.5103073120 -0.0341657251 0.6038572788 0.0198188405 0.7961132526
75.032640 8.8576374054 -1.7557876110 36.5815734863 -0.0329450369 0.6660268903 0.0198325217 0.7449358702
75.551070 9.2044219971 -1.7371454239 36.5921096802 -0.0299348403 0.7124756575 0.0220047683 0.7007126212
75.862200 9.4195499420 -1.7243511677 36.5776481628 -0.0321482457 0.7376179099 0.0238325521 0.6740313768
76.276990 9.7059803009 -1.7081149817 36.5356330872 -0.0314916000 0.7706667781 0.0210280865 0.6361123323
76.588100 9.9221038818 -1.6957398653 36.4820480347 -0.0288458802 0.7923386097 0.0234030113 0.6089496613
77.002800 10.2079277039 -1.6786260605 36.3885955811 -0.0257596932 0.8168171048 0.0214147922 0.5759233236
77.417440 10.4929971695 -1.6652576923 36.2728347778 -0.0264371745 0.8406665921 0.0175259858 0.5406233668
77.728490 10.7019271851 -1.6561260223 36.1692886353 -0.0267262384 0.8549532890 0.0191524196 0.5176618099
77.935700 10.8387565613 -1.6495226622 36.0946922302 -0.0228345711 0.8604405522 0.0195478350 0.5086635351
78.350300 11.1142978668 -1.6369957924 35.9374046326 -0.0164009389 0.8646023273 0.0261905584 0.5015056133
78.454020 11.1844730377 -1.6336046457 35.8977317810 -0.0168997031 0.8649578094 0.0271418579 0.5008250475
78.765630 11.3921585083 -1.6201837063 35.7803459167 -0.0205867104 0.8658286929 0.0295588691 0.4990422428
78.868800 11.4617118835 -1.6164410114 35.7404098511 -0.0201679673 0.8661793470 0.0301446002 0.4984154403
78.972430 11.5310153961 -1.6121767759 35.7004852295 -0.0193750430 0.8664214015 0.0291010644 0.4980880320
79.081780 11.6006050110 -1.6076352596 35.6601142883 -0.0179290362 0.8666412830 0.0287910160 0.4977775812
79.283570 11.7405910492 -1.5998961926 35.5782432556 -0.0164947081 0.8671875000 0.0291231349 0.4968557060
79.491080 11.8812179565 -1.5919010639 35.4964714050 -0.0176375192 0.8676601052 0.0310884677 0.4958713353
79.698570 12.0227851868 -1.5827670097 35.4132843018 -0.0191467330 0.8682417870 0.0321792699 0.4947262704
80.009790 12.2343978882 -1.5699295998 35.2880783081 -0.0177551471 0.8689395189 0.0326719917 0.4935193956
80.217170 12.3788375854 -1.5609972477 35.2032508850 -0.0167334527 0.8691279888 0.0328274071 0.4932127893
80.528440 12.5961647034 -1.5462868214 35.0751266479 -0.0170551259 0.8689603209 0.0312890485 0.4935970604
80.735850 12.7430257797 -1.5378965139 34.9885902405 -0.0146535840 0.8687263727 0.0290206298 0.4942242205
81.150830 13.0438022614 -1.5198050737 34.8115921021 -0.0166173503 0.8689118028 0.0309892464 0.4937162995
81.462060 13.2728729248 -1.5054655075 34.6773223877 -0.0170388613 0.8692317605 0.0311694369 0.4931271076
81.876950 13.5842504501 -1.4871282578 34.4925613403 -0.0157692395 0.8695832491 0.0319281146 0.4925006330
82.084440 13.7427959442 -1.4773366451 34.3988075256 -0.0170193445 0.8697404861 0.0314385258 0.4922127724
82.395640 13.9812679291 -1.4628834724 34.2589721680 -0.0229153857 0.8701612949 0.0271748323 0.4914831221
82.706910 14.2191123962 -1.4490830898 34.1161804199 -0.0187722035 0.8699838519 0.0284974314 0.4918979704
82.914210 14.3783149719 -1.4400035143 34.0213661194 -0.0174706299 0.8699312806 0.0307055041 0.4919060171
83.225460 14.6161346436 -1.4266999960 33.8797111511 -0.0193582959 0.8697433472 0.0306122862 0.4921733439
83.640430 14.9319553375 -1.4090425968 33.6927490234 -0.0134638036 0.8693906665 0.0306255799 0.4929915667
83.847930 15.0905456543 -1.3988913298 33.5999870300 -0.0193047468 0.8687573671 0.0330505967 0.4937566519
84.159190 15.3278179169 -1.3838744164 33.4627799988 -0.0199588966 0.8672229648 0.0293627605 0.4966526031
84.677950 15.7214307785 -1.3621741533 33.2367935181 -0.0210035443 0.8662844300 0.0289341006 0.4982699752
84.885450 15.8756895065 -1.3532419205 33.1473350525 -0.0202882569 0.8667646050 0.0274332166 0.4975488782
85.196770 16.1062717438 -1.3405520916 33.0140190125 -0.0178390201 0.8685544133 0.0275503676 0.4945057631
85.715200 16.4815902710 -1.3191747665 32.7882652283 -0.0158960801 0.8723149896 0.0292036049 0.4878125191
86.130110 16.7744159698 -1.3036863804 32.6067123413 -0.0186192952 0.8752253652 0.0283357669 0.4825256765
86.545010 17.0551319122 -1.2879773378 32.4285278320 -0.0223139822 0.8774127960 0.0291222166 0.4783312380
87.063460 17.3824272156 -1.2705208063 32.2213745117 -0.0272209942 0.8789170980 0.0259335767 0.4754905105
87.270810 17.5041542053 -1.2636848688 32.1419830322 -0.0279880539 0.8774469495 0.0252381284 0.4781909585
87.685550 17.7414665222 -1.2502492666 31.9962139130 -0.0287014861 0.8682322502 0.0241238847 0.4947392941
87.996680 17.9163970947 -1.2402889729 31.9014873505 -0.0300616119 0.8554085493 0.0206577871 0.5166679621
88.515060 18.2149047852 -1.2250877619 31.7702827454 -0.0315181389 0.8295800686 0.0151154036 0.5572925806
89.033680 18.5224475861 -1.2073844671 31.6700935364 -0.0406307392 0.7998971939 0.0136567038 0.5986043215
89.759570 18.9704627991 -1.1850326061 31.5865917206 -0.0349188559 0.7474725842 0.0113940490 0.6632763743
90.381840 19.3712120056 -1.1664913893 31.5817642212 -0.0406693071 0.6860924363 0.0099665690 0.7263084054
90.900550 19.7156753540 -1.1476334333 31.6352615356 -0.0438764617 0.6312277913 -0.0009941354 0.7743548155
91.626680 20.1880607605 -1.1196632385 31.7944641113 -0.0476693213 0.5519465804 -0.0026322028 0.8325116634
91.834060 20.3217735291 -1.1098124981 31.8586463928 -0.0509584993 0.5306949019 0.0000315582 0.8460296392
92.249180 20.5829467773 -1.0886623859 32.0060310364 -0.0533098578 0.4914362431 -0.0004885885 0.8692802787
92.768320 20.9029273987 -1.0599594116 32.2232093811 -0.0570129752 0.4576158226 -0.0061270935 0.8872991204
92.975930 21.0282764435 -1.0480582714 32.3163757324 -0.0549516827 0.4468026161 -0.0073543447 0.8929129839
93.391320 21.2760009766 -1.0259130001 32.5102233887 -0.0550755262 0.4334633648 -0.0075703091 0.8994547725
93.495180 21.3349533081 -1.0204029083 32.5585403442 -0.0560643487 0.4320918620 -0.0065619550 0.9000613093
93.806680 21.5144710541 -1.0027105808 32.7053794861 -0.0572547391 0.4280611873 -0.0071425652 0.9019060731
94.118060 21.6935634613 -0.9856052399 32.8532371521 -0.0534440689 0.4255772233 -0.0071539027 0.9033142328
94.429560 21.8681755066 -0.9686696529 32.9974975586 -0.0539401621 0.4268547595 -0.0058854353 0.9026908875
94.948810 22.1470413208 -0.9439625740 33.2192802429 -0.0557299070 0.4421399236 -0.0100815026 0.8951563239
95.572310 22.4661712646 -0.9212007523 33.4428710938 -0.0471277423 0.4786709249 -0.0070137274 0.8767005801
96.196060 22.7640438080 -0.9112883806 33.6065368652 -0.0224902630 0.5240203142 -0.0158116650 0.8512619138
96.820810 23.0543766022 -0.9114485383 33.7148818970 -0.0182560440 0.6039544940 -0.0113756536 0.7967284918
97.341440 23.2992992401 -0.9182963371 33.7475128174 -0.0073263268 0.6829575896 -0.0135329636 0.7302958965
97.861590 23.5496444702 -0.9236908555 33.7274780273 -0.0059051486 0.7579037547 -0.0078028054 0.6522930264
98.380560 23.7894287109 -0.9311785102 33.6608467102 0.0022575955 0.8093300462 -0.0037098483 0.5873380899
98.795310 23.9773330688 -0.9365658760 33.5870361328 0.0055941693 0.8312131763 0.0002618615 0.5559256673
99.522160 24.3003768921 -0.9456073642 33.4199600220 0.0066845394 0.8739114404 0.0003465191 0.4860390723
99.938070 24.4625415802 -0.9495650530 33.2916412354 0.0085615059 0.9077267647 0.0049928729 0.4194447100
101.081300 24.7745475769 -0.9551492333 32.8351593018 0.0232883822 0.9760572314 0.0079022544 0.2161191106
101.807200 24.8791236877 -0.9570991397 32.5031394958 0.0288962089 0.9929284453 0.0139126722 0.1143003702
102.533600 24.9101047516 -0.9518091679 32.1454963684 0.0342172943 0.9992641807 0.0169366561 -0.0036606889
103.259900 24.8543796539 -0.9441045523 31.7713241577 0.0389067903 0.9933604598 0.0136694964 -0.1073982492
103.882200 24.7569923401 -0.9366711974 31.4318809509 0.0354190841 0.9870215654 0.0120746400 -0.1561668068
104.608100 24.6109504700 -0.9262196422 31.0105705261 0.0397023000 0.9841603637 0.0100716632 -0.1724836528
105.334200 24.4470939636 -0.9147548676 30.5629081726 0.0414126553 0.9831506014 0.0110361399 -0.1777021736
106.164200 24.2422447205 -0.8994203210 30.0195026398 0.0422698073 0.9818502665 0.0125326021 -0.1844620109
106.786800 24.0804061890 -0.8897772431 29.5999794006 0.0421830751 0.9812389016 0.0135036726 -0.1876392215
107.512900 23.8977947235 -0.8832261562 29.1058139801 0.0326777473 0.9843034744 0.0065424144 -0.1733089685
108.031600 23.7824325562 -0.8822280765 28.7492446899 0.0267285034 0.9881271124 0.0121678468 -0.1508056968
108.446400 23.7061729431 -0.8793128729 28.4627494812 0.0266264211 0.9922943711 0.0077621746 -0.1207588166
108.965300 23.6350975037 -0.8782525659 28.1021137238 0.0275648572 0.9958458543 0.0085160714 -0.0863637477
109.484300 23.5897140503 -0.8771150112 27.7394733429 0.0213690363 0.9982523322 0.0120529654 -0.0537627190
109.900300 23.5696392059 -0.8757002354 27.4452285767 0.0200302768 0.9992923141 0.0148416245 -0.0281673521
110.418100 23.5639381409 -0.8729287386 27.0772953033 0.0225381106 0.9996777773 0.0114068454 0.0025142741
110.937100 23.5809688568 -0.8723084927 26.7111396790 0.0205145944 0.9993634224 0.0082020666 0.0280114599
111.456200 23.6132354736 -0.8741170168 26.3514232635 0.0175491516 0.9985617399 0.0103047919 0.0496012196
112.078600 23.6693725586 -0.8735940456 25.9242153168 0.0144127244 0.9972019196 0.0128716128 0.0722141936
112.804900 23.7566795349 -0.8763014078 25.4529495239 0.0144253271 0.9952059388 0.0056004520 0.0965698138
114.154700 23.9173889160 -0.9129604101 24.7554855347 0.0212472863 0.9927786589 -0.0250909999 0.1153668761
114.988100 23.9620742798 -0.9331246018 24.3794269562 0.0307319537 0.9994563460 -0.0076934658 0.0091308709
115.717200 23.9037094116 -0.9379935861 24.0630455017 0.0339215994 0.9887129068 0.0087527530 -0.1456692964
116.548600 23.7089462280 -0.9268493652 23.7245769501 0.0382270403 0.9479360580 0.0158328973 -0.3157613873
116.963400 23.5657978058 -0.9177763462 23.5697803497 0.0446146615 0.9269337654 0.0110001946 -0.3724007308
117.792500 23.2067832947 -0.8953499794 23.2510509491 0.0498185940 0.9042643309 0.0068706903 -0.4240010381
118.310600 22.9490718842 -0.8792599440 23.0290870667 0.0477263257 0.9073687792 0.0088129221 -0.4175242186
118.829100 22.6737937927 -0.8634067774 22.7888526917 0.0459184088 0.9090833664 0.0083380276 -0.4139919877
119.451600 22.3292350769 -0.8477787971 22.4830513000 0.0421931222 0.9118892550 0.0034474544 -0.4082473218
120.281100 21.8693733215 -0.8305991292 22.0519466400 0.0429480411 0.9186715484 0.0081806323 -0.3925953805
121.110500 21.4284362793 -0.8173599243 21.5827484131 0.0469781421 0.9378557205 0.0017703903 -0.3438263535
121.629100 21.1838054657 -0.8105626702 21.2602787018 0.0426950827 0.9492319226 0.0052812221 -0.3116214871
122.251600 20.9117565155 -0.8040662408 20.8513755798 0.0431160443 0.9602769017 -0.0000346769 -0.2756977975
122.770700 20.7008323669 -0.8022926450 20.4890880585 0.0461119674 0.9645122290 0.0021047690 -0.2599718869
123.186200 20.5319786072 -0.7982876897 20.1919364929 0.0441468060 0.9654607773 0.0008193816 -0.2567797303
123.601500 20.3614997864 -0.7947095037 19.8899211884 0.0505341217 0.9669406414 0.0001152402 -0.2499442697
124.016700 20.1918697357 -0.7920171022 19.5787868500 0.0513883419 0.9675347805 0.0006264952 -0.2474575937
124.328100 20.0618553162 -0.7876310945 19.3423061371 0.0584638603 0.9671228528 0.0005393762 -0.2474975884
124.639300 19.9302616119 -0.7836226821 19.1035251617 0.0595756173 0.9667464495 -0.0002201128 -0.2487005740
124.950600 19.7978439331 -0.7795673013 18.8589801788 0.0517116077 0.9656358361 0.0034342650 -0.2546794116
125.365700 19.6100196838 -0.7733370066 18.5361499786 0.0437051989 0.9623805285 0.0039277012 -0.2681383491
125.676800 19.4587860107 -0.7681075335 18.2936820984 0.0494585261 0.9586712718 0.0055799722 -0.2801288068
126.091700 19.2483711243 -0.7602513433 17.9781723022 0.0548639670 0.9538307190 0.0026690436 -0.2952790856
126.403000 19.0812339783 -0.7513822317 17.7399120331 0.0612280108 0.9506897330 0.0061904322 -0.3039766550
126.714100 18.9122924805 -0.7440736890 17.5044746399 0.0601221994 0.9496798515 0.0031571779 -0.3073816895
127.025200 18.7424049377 -0.7347254753 17.2648067474 0.0568568967 0.9490084648 0.0046133599 -0.3100466728
127.440100 18.5110054016 -0.7234726548 16.9474163055 0.0562057793 0.9490823746 0.0067175571 -0.3099006712
127.647600 18.3940486908 -0.7171718478 16.7868003845 0.0540012941 0.9492374063 0.0076346924 -0.3097966015
127.958600 18.2183437347 -0.7062748671 16.5437088013 0.0550639182 0.9482147694 0.0087653985 -0.3126976788
128.166000 18.0993118286 -0.6991703510 16.3818721771 0.0532377586 0.9478998184 0.0082759205 -0.3139796257
128.373300 17.9801826477 -0.6923182607 16.2177906036 0.0511671752 0.9476609826 0.0100902291 -0.3149901628
128.684500 17.7977409363 -0.6824240685 15.9738636017 0.0533262789 0.9479484558 0.0087335911 -0.3138052225
128.788200 17.7385025024 -0.6791698337 15.8903961182 0.0526712015 0.9478931427 0.0089151273 -0.3140777647
128.995500 17.6168193817 -0.6696699262 15.7230749130 0.0515656322 0.9479533434 0.0088856658 -0.3140804768
129.202800 17.4934043884 -0.6630784273 15.5570459366 0.0514569357 0.9481741786 0.0087647596 -0.3134342730
129.514100 17.3089637756 -0.6544460058 15.3072042465 0.0519729927 0.9482180476 0.0079067014 -0.3132392764
129.617800 17.2470569611 -0.6512233019 15.2239494324 0.0531130992 0.9482446909 0.0079393815 -0.3129663467
129.825300 17.1236915588 -0.6452926397 15.0565977097 0.0548087582 0.9481417537 0.0085603688 -0.3129696250
130.032700 17.0006217957 -0.6385372877 14.8887186050 0.0566693544 0.9478077888 0.0068745082 -0.3136905432
130.240200 16.8772583008 -0.6317702532 14.7212209702 0.0573467463 0.9474238753 0.0055037714 -0.3147523701
130.343800 16.8157615662 -0.6284903288 14.6378564835 0.0561552122 0.9472219944 0.0062297494 -0.3155602217
130.551300 16.6924896240 -0.6223571301 14.4706382751 0.0536598004 0.9464234710 0.0086217942 -0.3183219731
130.655000 16.6295509338 -0.6187953949 14.3875656128 0.0544077791 0.9459308386 0.0096033132 -0.3196286559
130.862500 16.5039253235 -0.6117842793 14.2224845886 0.0541049615 0.9452726841 0.0080200769 -0.3216642439
131.070000 16.3767662048 -0.6048118472 14.0560064316 0.0530339554 0.9448259473 0.0074876840 -0.3231643736
131.277500 16.2482452393 -0.5979561210 13.8896598816 0.0553543903 0.9444072843 0.0088725276 -0.3239630461
131.588500 16.0564785004 -0.5859906673 13.6437683105 0.0580920279 0.9439795613 0.0085355323 -0.3247383833
132.003300 15.7998542786 -0.5715454817 13.3145456314 0.0611126609 0.9439332485 0.0081924843 -0.3243271708
132.418000 15.5454759598 -0.5564481020 12.9817781448 0.0582060143 0.9448511600 0.0098810345 -0.3221347034
132.936500 15.2362194061 -0.5386799574 12.5668468475 0.0513776205 0.9467544556 0.0082874475 -0.3177226782
133.247500 15.0531005859 -0.5288516283 12.3191604614 0.0505033843 0.9480263591 0.0116778277 -0.3139411807
133.558600 14.8704643250 -0.5179909468 12.0703325272 0.0537398532 0.9494842887 0.0114890551 -0.3089654446
134.077100 14.5770835876 -0.5009318590 11.6492214203 0.0527358018 0.9540744424 0.0082079377 -0.2947770059
134.284500 14.4639720917 -0.4952278137 11.4768800735 0.0506596304 0.9561853409 0.0095315678 -0.2881879807
134.595600 14.2994232178 -0.4860719442 11.2203311920 0.0498581268 0.9592216611 0.0097172381 -0.2780531049
134.906900 14.1419458389 -0.4776278138 10.9627532959 0.0502163917 0.9613395929 0.0086026918 -0.2706112862
135.114300 14.0402345657 -0.4727845788 10.7929162979 0.0527478866 0.9620162249 0.0094348341 -0.2676816285
135.529500 13.8367691040 -0.4642305970 10.4520292282 0.0515879653 0.9635537267 0.0073850332 -0.2623897493
135.736900 13.7380495071 -0.4596693516 10.2794237137 0.0513462983 0.9642366171 0.0084998719 -0.2598826885
136.151600 13.5411891937 -0.4506639838 9.9325075150 0.0533374138 0.9654713273 0.0075420039 -0.2548790574
136.462700 13.3955249786 -0.4448026419 9.6721725464 0.0510074534 0.9664157629 0.0069816597 -0.2517738342
136.774000 13.2523689270 -0.4377952814 9.4070358276 0.0474218838 0.9669351578 0.0107795447 -0.2503425777
137.085100 13.1083774567 -0.4293807149 9.1442089081 0.0482685082 0.9672209024 0.0099507468 -0.2491081506
137.500000 12.9173870087 -0.4219436646 8.7894906998 0.0467675626 0.9677116275 0.0084387874 -0.2475395352
137.914700 12.7277240753 -0.4126346707 8.4352588654 0.0472627133 0.9684996605 0.0079553826 -0.2443590611
138.122100 12.6336545944 -0.4091501534 8.2586460114 0.0482436307 0.9687852859 0.0060236487 -0.2430870086
138.433400 12.4904985428 -0.4042930007 7.9918293953 0.0480401516 0.9685024619 0.0057088742 -0.2442591339
138.744700 12.3464355469 -0.3991517425 7.7263474464 0.0444595739 0.9669823050 0.0091814436 -0.2507673204
139.056000 12.1987838745 -0.3923425078 7.4655075073 0.0432294458 0.9640606046 0.0126905814 -0.2618344426
139.263600 12.0964012146 -0.3873701096 7.2939891815 0.0405403934 0.9616180062 0.0116396854 -0.2711306512
139.574900 11.9367771149 -0.3800307512 7.0380830765 0.0386957824 0.9571759105 0.0127040837 -0.2866278887
139.782200 11.8250122070 -0.3737295866 6.8714113235 0.0396311842 0.9539985061 0.0127162468 -0.2969082892
139.989700 11.7112846375 -0.3683645725 6.7087011337 0.0412096493 0.9504366517 0.0123788938 -0.3079264164
140.197100 11.5925960541 -0.3620242178 6.5498552322 0.0440563373 0.9465243220 0.0113944402 -0.3194071054
140.508200 11.4088249207 -0.3516879678 6.3169717789 0.0487331674 0.9403852820 0.0124902576 -0.3363696933
140.715600 11.2829113007 -0.3439469635 6.1658368111 0.0492681675 0.9369261265 0.0095834183 -0.3459049463
140.923100 11.1535835266 -0.3383287191 6.0172061920 0.0515527017 0.9342573285 0.0077711577 -0.3527679443
141.130500 11.0233688354 -0.3312973678 5.8703970909 0.0550288968 0.9318313003 0.0074094916 -0.3586186171
141.338000 10.8911991119 -0.3244909644 5.7246289253 0.0554496907 0.9294217825 0.0063730162 -0.3647736311
141.649100 10.6909799576 -0.3138719201 5.5100440979 0.0544380620 0.9266538024 0.0081785182 -0.3718633652
141.856600 10.5548162460 -0.3058245778 5.3678207397 0.0540256388 0.9252565503 0.0090175904 -0.3753668070
142.167700 10.3482284546 -0.2943783402 5.1553134918 0.0531642437 0.9226346612 0.0115202088 -0.3818194866
142.271500 10.2778329849 -0.2897387445 5.0854101181 0.0533750840 0.9212237597 0.0110175340 -0.3851967752
142.479100 10.1344499588 -0.2809789479 4.9455347061 0.0527722761 0.9179114699 0.0096048713 -0.3931428790
142.686500 9.9881944656 -0.2731567025 4.8078646660 0.0541455783 0.9153572917 0.0085840188 -0.3988930285
142.893700 9.8430347443 -0.2643380463 4.6722812653 0.0544118062 0.9140678048 0.0099771023 -0.4017708302
143.101100 9.6957864761 -0.2555493414 4.5356893539 0.0540519655 0.9136843085 0.0111672413 -0.4026594460
143.412100 9.4775943756 -0.2412114739 4.3319492340 0.0529844761 0.9148534536 0.0124044605 -0.4001024365
143.619600 9.3330497742 -0.2334974408 4.1966438293 0.0501458943 0.9156572223 0.0085599320 -0.3987280130
144.034400 9.0458822250 -0.2175168097 3.9261732101 0.0546336472 0.9160175323 0.0079837041 -0.3973201215
144.241700 8.9038982391 -0.2097474933 3.7924509048 0.0537865683 0.9159694314 0.0073933690 -0.3975579739
144.552700 8.6893939972 -0.1992431879 3.5889263153 0.0515008532 0.9153731465 0.0085033709 -0.3992083967
144.864000 8.4712753296 -0.1864011288 3.3847472668 0.0517460853 0.9144293070 0.0097852275 -0.4013049901
145.175400 8.2538919449 -0.1735883057 3.1851139069 0.0515283830 0.9126566052 0.0099721160 -0.4053434134
145.590400 7.9592928886 -0.1567116380 2.9194865227 0.0512535013 0.9108461738 0.0128129004 -0.4093508422
146.005100 7.6612677574 -0.1379577518 2.6546151638 0.0522319749 0.9098006487 0.0110498592 -0.4115975797
146.419900 7.3603801727 -0.1201660335 2.3869621754 0.0493996814 0.9095157981 0.0143581787 -0.4124737084
146.730900 7.1350374222 -0.1057225764 2.1891286373 0.0503355414 0.9099078178 0.0071349833 -0.4116833806
147.042000 6.9121932983 -0.0944845676 1.9892721176 0.0497086383 0.9101318121 0.0112803774 -0.4111713469
147.353100 6.6887893677 -0.0809397995 1.7902085781 0.0529314950 0.9100573659 0.0091202548 -0.4109874368
147.664300 6.4659290314 -0.0692627430 1.5922312737 0.0542575866 0.9101901650 0.0076975920 -0.4105493128
147.975500 6.2432146072 -0.0566044152 1.3925600052 0.0520236455 0.9107545018 0.0094922585 -0.4095481038
148.286700 6.0252313614 -0.0442015827 1.1952023506 0.0513496138 0.9110537171 0.0111943213 -0.4089242518
148.597900 5.8056421280 -0.0324840844 0.9965131283 0.0496066734 0.9116209149 0.0090646716 -0.4079268575
148.909000 5.5872468948 -0.0218515694 0.7985882759 0.0487019680 0.9121052623 0.0105423126 -0.4069164395
149.116400 5.4414958954 -0.0133039653 0.6662981510 0.0489963554 0.9122695327 0.0109081529 -0.4065029621
149.427500 5.2232146263 -0.0013860613 0.4661216736 0.0422104783 0.9127619267 0.0112137012 -0.4061504900
149.634900 5.0767917633 0.0057710260 0.3314781189 0.0429156125 0.9127355218 0.0142866969 -0.4060394168
149.946100 4.8582744598 0.0176738501 0.1325337887 0.0422484428 0.9131701589 0.0132136233 -0.4051675498
150.153500 4.7141008377 0.0252844095 -0.0001664162 0.0410846062 0.9133142829 0.0131439995 -0.4049645662
150.361000 4.5685548782 0.0326328874 -0.1333734989 0.0419678502 0.9135197997 0.0112711424 -0.4044666290
150.568400 4.4236965179 0.0397714525 -0.2668490410 0.0432152599 0.9137875438 0.0120770559 -0.4037064910
150.775700 4.2784776688 0.0471497327 -0.4010117054 0.0420158505 0.9142024517 0.0121708363 -0.4028901160
151.086900 4.0630674362 0.0576073974 -0.6024584770 0.0374049544 0.9144619107 0.0114943655 -0.4027756155
151.501800 3.7752485275 0.0692968518 -0.8699729443 0.0355115794 0.9148781300 0.0097650131 -0.4020467401
151.813000 3.5578839779 0.0775023401 -1.0711033344 0.0344953462 0.9150751233 0.0080047846 -0.4017256796
152.435200 3.1291873455 0.0867932215 -1.4694331884 0.0247213487 0.9154896140 0.0091014495 -0.4014782310
152.746200 2.9192852974 0.0920237601 -1.6654204130 0.0247519147 0.9168851972 0.0029072908 -0.3983722031
153.057200 2.7146081924 0.0928745717 -1.8572043180 0.0344779305 0.9186875224 0.0017476054 -0.3934735358
153.472000 2.4615874290 0.0960909948 -2.1097671986 0.0315935984 0.9212924838 0.0015468810 -0.3875817657
154.198000 2.0535361767 0.0969166681 -2.5254890919 0.0173803531 0.9243326187 0.0055276803 -0.3811517060
155.236600 1.5856450796 0.0956558138 -3.0026307106 -0.0270077083 0.9090780020 0.0195525344 -0.4152896404
156.382000 1.1578637362 0.0853724033 -3.2559866905 0.0274958387 -0.8055662513 -0.0217297543 0.5914683342
156.902800 0.9674704075 0.0874702185 -3.2808222771 0.0119642997 -0.7119390368 -0.0302463658 0.7014875412
157.734500 0.6924809217 0.0935739800 -3.2048544884 0.0162857044 -0.5301007628 -0.0294327475 0.8472671509
158.253500 0.5460189581 0.0913939402 -3.0905637741 0.0134453913 -0.4053600132 -0.0310134757 0.9135319591
158.772400 0.4285988808 0.0874833539 -2.9302294254 0.0148652019 -0.2816245854 -0.0305504911 0.9589229822
159.290900 0.3445864320 0.0808611810 -2.7238638401 0.0134324403 -0.1679984331 -0.0228412896 0.9854310751
159.808900 0.2930579484 0.0716596842 -2.4834570885 0.0185922440 -0.0879425704 -0.0163539685 0.9958177209
160.534100 0.2523177862 0.0541789755 -2.1018204689 0.0146263270 -0.0439192876 -0.0052952087 0.9989139438
161.156400 0.2201570868 0.0419375412 -1.7402030230 0.0119357957 -0.0389403701 -0.0048646722 0.9991583824
161.675000 0.1977774501 0.0326501913 -1.4187226295 0.0083953282 -0.0358702429 0.0006788583 0.9993209839
162.193600 0.1766138077 0.0248953924 -1.0951879025 0.0045469934 -0.0326881781 0.0069884467 0.9994308352
162.712100 0.1569115669 0.0169272572 -0.7858378291 0.0018538008 -0.0343444906 0.0102912094 0.9993553758
163.334500 0.1272464991 0.0098166820 -0.4316976666 -0.0031001470 -0.0424539931 0.0053446251 0.9990793467
163.749500 0.1037894189 0.0078740921 -0.2098776996 -0.0073615834 -0.0529804528 0.0031355852 0.9985634685
164.268100 0.0665350407 0.0068817954 0.0596470423 -0.0012665131 -0.0777182207 0.0058446857 0.9969574213
164.579300 0.0356243476 0.0047359951 0.2210117280 -0.0052439058 -0.0944184661 0.0069545950 0.9954944849
164.890500 -0.0002453402 0.0033788208 0.3836254478 0.0003987858 -0.1111613587 0.0069383294 0.9937780499
