0.104128 0.00128913 -0.0182162 1.31064 -0.00066287 -0.000104759 0.000451829 1 
0.208254 0.000444833 -0.0420332 2.6253 -0.000930087 -0.000276145 0.000823431 0.999999 
0.312504 0.00203758 -0.063028 3.94173 -0.000268719 -0.000365152 0.00170683 0.999998 
0.416625 0.00277789 -0.0848376 5.26102 -0.000407643 -0.00032096 0.00181781 0.999998 
0.520755 0.00415793 -0.101468 6.58164 -0.000820899 -0.000256501 0.00196282 0.999998 
0.625004 0.00757102 -0.116587 7.90878 -0.0013478 -0.000204785 0.00275232 0.999995 
0.729128 0.00832382 -0.132803 9.23896 -0.00179229 -0.000294134 0.00259282 0.999995 
0.833252 0.00772834 -0.149765 10.5696 -0.000934547 -0.000428073 0.00231584 0.999997 
0.937506 0.00678092 -0.163455 11.9043 0.000391655 -0.000480425 0.000950216 0.999999 
1.04163 0.00341939 -0.176748 13.2421 0.000862727 -0.000310268 -0.000772062 0.999999 
1.14587 -0.00186218 -0.19592 14.5805 0.000790094 -0.000263675 -0.00198149 0.999998 
1.25 -0.00585176 -0.21776 15.9307 0.000436944 -0.000192339 -0.002595 0.999997 
1.35425 -0.00426772 -0.236414 17.2822 -0.000884552 1.306e-05 -0.00149656 0.999998 
1.4584 0.000482789 -0.253748 18.6347 -0.00199905 0.000127144 0.00044944 0.999998 
1.56253 0.00500609 -0.26991 19.9867 -0.000915731 -1.81302e-05 0.00181934 0.999998 
1.66675 0.00413469 -0.293109 21.3413 0.000276666 -0.000116726 0.00255961 0.999997 
1.77101 -0.000765474 -0.32223 22.7057 0.0010337 0.000211658 0.00142461 0.999998 
1.87513 -0.00736932 -0.346812 24.0721 0.000382993 0.00062274 -7.10042e-05 1 
1.97938 -0.00971926 -0.368742 25.4487 -0.00271433 0.000969071 -0.000722951 0.999996 
2.0835 -0.00506118 -0.38714 26.8203 -0.00273204 0.00118605 0.000522208 0.999995 
2.18776 0.00196227 -0.409938 28.1947 -0.00194135 0.000980842 0.00266762 0.999994 
2.29188 0.00528159 -0.432898 29.5701 -0.00065565 0.000994396 0.00296598 0.999995 
2.39613 0.00793902 -0.459118 30.9498 0.00049143 0.00119684 0.00308925 0.999994 
2.50026 0.00682708 -0.485013 32.3353 0.000695131 0.00158565 0.00143324 0.999997 
2.60438 0.00830517 -0.512237 33.7178 0.00175147 0.00178324 0.000961429 0.999996 
2.70863 0.0101734 -0.543116 35.1108 0.00198245 0.0017482 0.000514192 0.999996 
2.81276 0.0121194 -0.574623 36.5079 0.00083044 0.00170409 0.000479564 0.999998 
2.91688 0.0151148 -0.599901 37.9059 3.03681e-05 0.00149307 9.45238e-05 0.999999 
3.02101 0.0169685 -0.623853 39.3016 0.000187613 0.00148157 -0.00125699 0.999998 
3.12526 0.0194295 -0.643712 40.7044 0.000276735 0.00155141 -0.00252536 0.999996 
3.22938 0.0191634 -0.670725 42.111 1.95654e-05 0.00155561 -0.00360182 0.999992 
3.3335 0.0213443 -0.694132 43.5186 -0.000120175 0.00142132 -0.00415437 0.99999 
3.43763 0.0262236 -0.717858 44.9282 8.71487e-05 0.00120645 -0.00362978 0.999993 
3.54175 0.0308604 -0.739025 46.3413 0.00040097 0.000861759 -0.00321279 0.999994 
3.64588 0.0340803 -0.761031 47.757 3.18865e-05 0.000380904 -0.00290009 0.999996 
3.75001 0.0335922 -0.783986 49.1796 -0.000395962 -0.000121788 -0.00300525 0.999995 
3.85413 0.0317553 -0.805635 50.6022 -0.00052423 -0.000653655 -0.00332413 0.999994 
3.95828 0.0289579 -0.826541 52.0283 -0.000332882 -0.00124085 -0.00331873 0.999994 
4.06238 0.0253698 -0.845384 53.4572 -0.000970886 -0.0017975 -0.00343967 0.999992 
4.16651 0.0208294 -0.866832 54.8846 -0.00145452 -0.00219771 -0.00274537 0.999993 
4.27063 0.0168087 -0.88688 56.3166 -0.0014115 -0.00251712 -0.00199802 0.999994 
4.37476 0.0132291 -0.907244 57.7455 -0.00119601 -0.00282826 -0.00085631 0.999995 
4.47888 0.0100754 -0.924947 59.1737 -0.00141668 -0.00286566 -0.000183411 0.999995 
4.58313 0.00652425 -0.944604 60.6032 -0.00173715 -0.00264967 0.00042285 0.999995 
4.68726 0.00276421 -0.964748 62.0279 -0.0020534 -0.00245706 0.000934446 0.999994 
4.79138 -0.00130824 -0.98781 63.452 -0.00183883 -0.00224091 0.00190041 0.999994 
4.8955 -0.0028736 -1.00818 64.8719 -0.00141578 -0.00200036 0.00265095 0.999993 
4.99963 -0.00595393 -1.0297 66.2894 -0.00113025 -0.00167685 0.00261214 0.999995 
5.10376 -0.0100203 -1.0502 67.7031 -0.00116028 -0.00127455 0.00174272 0.999997 
5.20787 -0.0193644 -1.07607 69.1159 -0.00182556 -0.00103379 0.000325956 0.999998 
5.312 -0.0270228 -1.09783 70.53 -0.00247949 -0.00064772 -0.00150483 0.999996 
5.41624 -0.0351344 -1.11823 71.9398 -0.00275453 -0.000273544 -0.00332924 0.999991 
5.52024 -0.0421465 -1.13599 73.3399 -0.00255675 5.36862e-05 -0.00557598 0.999981 
5.62451 -0.0467759 -1.15331 74.7425 -0.0023135 0.000408725 -0.0071096 0.999972 
5.72863 -0.0532768 -1.17723 76.1445 -0.00217851 0.000754675 -0.00818493 0.999964 
5.83264 -0.0545851 -1.19794 77.5408 -0.00224394 0.000923173 -0.00832122 0.999962 
5.93676 -0.0528732 -1.21803 78.935 -0.00232559 0.00100237 -0.00770355 0.999967 
6.04089 -0.0495425 -1.23666 80.3255 -0.00184923 0.000966544 -0.00712013 0.999972 
6.14501 -0.0488321 -1.25829 81.7109 -0.00178598 0.000826579 -0.00674658 0.999975 
6.24901 -0.0483881 -1.27868 83.0972 -0.00192146 0.000711244 -0.00676862 0.999975 
6.35313 -0.0526907 -1.30003 84.4837 -0.00166184 0.000443407 -0.00654094 0.999977 
6.45726 -0.06072 -1.32024 85.8656 -0.00184119 8.1157e-05 -0.00671771 0.999976 
6.56139 -0.0751804 -1.3437 87.2502 -0.00219616 -0.000387067 -0.00652635 0.999976 
6.66551 -0.0843762 -1.36298 88.6291 -0.00272414 -0.000953887 -0.00546282 0.999981 
6.76964 -0.0981323 -1.38264 90.0063 -0.0030813 -0.00155688 -0.00439064 0.999984 
6.87364 -0.111047 -1.39978 91.3752 -0.00316476 -0.00186659 -0.00339577 0.999987 
6.97776 -0.128335 -1.41806 92.7413 -0.00282608 -0.00210218 -0.00274896 0.99999 
7.08188 -0.14546 -1.43596 94.1034 -0.00256723 -0.00223975 -0.00213538 0.999992 
7.18601 -0.169705 -1.45619 95.4608 -0.00237566 -0.00230826 -0.00246527 0.999991 
7.29001 -0.191341 -1.47621 96.8138 -0.00202992 -0.00224852 -0.00236474 0.999993 
7.39414 -0.212031 -1.49648 98.1655 -0.00169191 -0.00212776 -0.00272744 0.999993 
7.49826 -0.234406 -1.51768 99.5151 -0.00175561 -0.00194469 -0.00352704 0.99999 
7.60239 -0.248572 -1.535 100.86 -0.00244325 -0.00182281 -0.00376022 0.999988 
7.70638 -0.269402 -1.55602 102.205 -0.00322217 -0.00174339 -0.00441136 0.999984 
7.81051 -0.28676 -1.57525 103.546 -0.00256789 -0.00171732 -0.00414677 0.999987 
7.91463 -0.305326 -1.59605 104.885 -0.00124672 -0.00167421 -0.00408489 0.999989 
8.01876 -0.315395 -1.6133 106.221 -0.000658757 -0.00169621 -0.00381555 0.999991 
8.12276 -0.334309 -1.63843 107.565 -0.00131295 -0.00162314 -0.00275035 0.999994 
8.22688 -0.350813 -1.66128 108.906 -0.00237034 -0.00131666 -0.00156794 0.999995 
8.33101 -0.373776 -1.68674 110.245 -0.00270261 -0.000856867 -0.00077842 0.999996 
8.43514 -0.394315 -1.7101 111.577 -0.00198007 -0.000500763 -0.000337092 0.999998 
8.53928 -0.413713 -1.734 112.905 -0.0007782 -0.000167882 -0.00129047 0.999999 
8.64339 -0.421968 -1.75399 114.229 0.000321939 0.000374872 -0.00226622 0.999997 
8.74751 -0.42959 -1.775 115.56 0.000433616 0.00108229 -0.00378466 0.999992 
8.85163 -0.433478 -1.79423 116.893 -0.000654136 0.00179555 -0.00449959 0.999988 
8.95576 -0.433415 -1.81179 118.227 -0.00187417 0.00232517 -0.00454437 0.999985 
9.05989 -0.430614 -1.82585 119.561 -0.00222337 0.00271582 -0.00404504 0.999986 
9.16401 -0.433415 -1.84632 120.904 -0.00184839 0.00322657 -0.00429961 0.999984 
9.26813 -0.447293 -1.88093 122.268 -0.0016118 0.00384636 -0.00518147 0.999978 
9.37226 -0.456074 -1.91003 123.624 -0.00142606 0.00441616 -0.0061966 0.99997 
9.47639 -0.462255 -1.94033 124.984 -0.00089096 0.00497587 -0.0065733 0.999966 
9.58051 -0.464133 -1.96629 126.337 -0.000609257 0.00552136 -0.00711966 0.999959 
9.68464 -0.470849 -2.00603 127.692 -0.000473897 0.00597584 -0.00670051 0.99996 
9.78878 -0.471809 -2.03834 129.05 -0.000865806 0.00635966 -0.00643805 0.999959 
9.89289 -0.47428 -2.07319 130.407 -0.00162382 0.00677931 -0.00595605 0.999958 
9.99701 -0.470125 -2.09949 131.756 -0.00165563 0.00693936 -0.00545756 0.99996 
10.1011 -0.465694 -2.1277 133.11 -0.00184329 0.00692839 -0.0044192 0.999965 
10.2053 -0.465103 -2.16293 134.461 -0.00210136 0.00676685 -0.00358572 0.999968 
10.3094 -0.46612 -2.19839 135.815 -0.00191522 0.00649725 -0.00283083 0.999973 
10.4134 -0.464495 -2.22631 137.161 -0.00187331 0.00587099 -0.00203536 0.999979 
10.5175 -0.464572 -2.25485 138.512 -0.00237575 0.00533593 -0.00140857 0.999982 
10.6216 -0.464181 -2.28175 139.863 -0.00252932 0.00482678 -0.000626247 0.999985 
10.7258 -0.467442 -2.31487 141.213 -0.00248385 0.00417702 -0.000253071 0.999988 
10.8299 -0.470457 -2.34189 142.562 -0.00225296 0.00355083 -0.000122638 0.999991 
10.934 -0.474702 -2.36746 143.91 -0.00200293 0.00303071 6.70215e-05 0.999993 
11.0381 -0.478901 -2.39502 145.258 -0.00111403 0.00253842 0.000884299 0.999996 
11.1423 -0.481393 -2.42659 146.601 -0.000389083 0.00197514 0.00364857 0.999991 
11.2464 -0.484415 -2.46297 147.954 -0.00179421 0.0014141 0.0070455 0.999973 
11.3505 -0.483284 -2.48937 149.303 -0.00226464 0.000684737 0.0108645 0.999938 
11.4546 -0.488799 -2.51862 150.648 -0.00105577 7.98523e-05 0.0125256 0.999921 
11.5588 -0.497985 -2.54563 151.992 0.00094467 0.000178513 0.0125674 0.999921 
11.663 -0.51399 -2.58179 153.337 0.0018292 0.0006047 0.0107955 0.99994 
11.7672 -0.52034 -2.61189 154.684 0.00182561 0.000981551 0.0106684 0.999941 
11.8713 -0.518837 -2.64145 156.033 0.000255441 0.00130167 0.0120309 0.999927 
11.9754 -0.510487 -2.66616 157.383 -0.0013654 0.00156122 0.0147556 0.999889 
12.0796 -0.499605 -2.68915 158.732 -0.00172107 0.00156456 0.0168332 0.999856 
12.1838 -0.490889 -2.71138 160.079 -0.00190543 0.00153743 0.0177311 0.99984 
12.2879 -0.484876 -2.73678 161.429 -0.00209165 0.00194671 0.016954 0.999852 
12.392 -0.483652 -2.7606 162.779 -0.00191685 0.00255087 0.0149854 0.999883 
12.4963 -0.47678 -2.78725 164.13 -0.000719568 0.00300599 0.0132708 0.999907 
12.6004 -0.468784 -2.81067 165.481 -0.000298781 0.00337891 0.0118514 0.999924 
12.7045 -0.459926 -2.83556 166.839 -0.000972678 0.0035835 0.0108477 0.999934 
12.8086 -0.449484 -2.86199 168.2 -0.000877935 0.0034687 0.0100285 0.999943 
12.9128 -0.442444 -2.88656 169.56 0.000326335 0.0032144 0.00906797 0.999954 
13.0169 -0.438972 -2.91424 170.92 0.00177691 0.00295363 0.00732282 0.999967 
13.1211 -0.411154 -2.93273 172.284 0.00242433 0.00285836 0.00487367 0.999981 
13.2253 -0.388112 -2.96077 173.653 0.00199805 0.00301338 0.00257762 0.99999 
13.3294 -0.37793 -2.98645 175.029 0.0007559 0.00328294 0.000916541 0.999994 
13.4335 -0.358878 -3.00854 176.409 -0.000232599 0.0033482 0.000738031 0.999994 
13.5376 -0.340531 -3.01391 177.785 -0.000902054 0.00295672 0.00216715 0.999993 
13.6418 -0.321404 -3.02295 179.161 -0.000828652 0.00211886 0.00344467 0.999991 
13.7459 -0.313655 -3.04112 180.542 0.00122294 0.00108061 0.003656 0.999992 
13.85 -0.308999 -3.0621 181.921 0.003475 0.000327278 0.00312575 0.999989 
13.9542 -0.314056 -3.08816 183.31 0.00393442 3.52296e-05 0.00073615 0.999992 
14.0584 -0.318656 -3.11447 184.704 0.00323821 -2.07291e-05 -0.00129669 0.999994 
14.1625 -0.31413 -3.13755 186.099 0.00170254 0.000120377 -0.00215157 0.999996 
14.2666 -0.308728 -3.16448 187.499 0.000614918 0.00032721 -0.00254532 0.999997 
14.3708 -0.308933 -3.19394 188.9 0.00020778 0.000367006 -0.00222429 0.999997 
14.4749 -0.307021 -3.22186 190.305 -0.000182215 0.000337506 -0.00147707 0.999999 
14.579 -0.303004 -3.25053 191.713 -0.000400258 0.000331578 -0.000183495 1 
14.6831 -0.300756 -3.28116 193.121 -0.000404539 0.00052023 0.00114818 0.999999 
14.7873 -0.297934 -3.31413 194.54 -0.000884554 0.000687122 0.00264656 0.999996 
14.8914 -0.29453 -3.34437 195.959 -0.00178598 0.000894168 0.00468277 0.999987 
14.9955 -0.295505 -3.38456 197.381 -0.00180224 0.00101024 0.00640076 0.999977 
15.0996 -0.299864 -3.41936 198.801 0.000308121 0.00111501 0.00547217 0.999984 
15.2038 -0.315003 -3.47136 200.224 0.00311336 0.00134603 0.00220659 0.999992 
15.308 -0.332199 -3.51508 201.657 0.00336315 0.0019418 -0.00246234 0.999989 
15.4121 -0.348581 -3.55558 203.095 0.00124615 0.00265984 -0.0065925 0.999974 
15.5163 -0.351843 -3.58033 204.532 4.70233e-05 0.00304506 -0.00733083 0.999968 
15.6204 -0.348136 -3.60408 205.97 7.00776e-05 0.00277876 -0.0063131 0.999976 
15.7245 -0.343831 -3.62867 207.418 4.56537e-05 0.00219538 -0.00476763 0.999986 
15.8286 -0.342198 -3.65089 208.868 8.38222e-05 0.00163299 -0.00352824 0.999992 
15.9327 -0.342964 -3.67436 210.323 0.000522389 0.00137513 -0.00370992 0.999992 
16.0368 -0.347951 -3.70894 211.785 0.000453155 0.00132196 -0.00443243 0.999989 
16.1409 -0.353316 -3.74177 213.245 -3.67786e-05 0.00126208 -0.00505815 0.999986 
16.245 -0.357581 -3.77806 214.714 3.12436e-05 0.00114398 -0.00476412 0.999988 
16.3491 -0.357484 -3.80999 216.186 0.00073204 0.000944393 -0.00455411 0.999989 
16.4533 -0.355981 -3.83709 217.661 0.000780146 0.000847106 -0.00417899 0.999991 
16.5574 -0.360488 -3.86762 219.142 0.000607865 0.000623016 -0.00435512 0.99999 
16.6615 -0.366905 -3.89969 220.619 0.000881364 0.000450818 -0.00437146 0.99999 
16.7657 -0.371188 -3.93317 222.105 0.00101674 0.000351333 -0.00439679 0.99999 
16.8697 -0.375507 -3.9617 223.589 0.000987441 0.000178904 -0.00494624 0.999987 
16.9738 -0.37715 -3.9905 225.079 0.00119001 7.204e-06 -0.00476769 0.999988 
17.0779 -0.378771 -4.01707 226.569 0.0011331 -0.000124541 -0.00501927 0.999987 
17.182 -0.378527 -4.04814 228.06 0.00106463 -0.000177706 -0.00454754 0.999989 
17.2861 -0.378661 -4.07508 229.551 0.0013829 -0.000123423 -0.00392037 0.999991 
17.3903 -0.376609 -4.09904 231.045 0.0012076 -4.04527e-05 -0.00335454 0.999994 
17.4944 -0.37457 -4.12499 232.542 0.000833013 5.85554e-05 -0.00256012 0.999996 
17.5984 -0.373963 -4.15362 234.038 0.000615646 5.39685e-05 -0.00248089 0.999997 
17.7025 -0.376469 -4.18633 235.539 0.000694863 1.19653e-05 -0.00266899 0.999996 
17.8066 -0.378408 -4.22023 237.045 0.00131229 0.000122128 -0.00301395 0.999995 
17.9107 -0.381494 -4.25331 238.55 0.000915177 0.000387357 -0.00365005 0.999993 
18.0148 -0.382906 -4.28539 240.06 -0.000297342 0.000709692 -0.00380777 0.999992 
18.1189 -0.382092 -4.3151 241.571 -0.000489814 0.000965689 -0.00367309 0.999993 
18.223 -0.38188 -4.34714 243.087 0.000306807 0.00120329 -0.00379785 0.999992 
18.327 -0.379639 -4.37765 244.602 0.000989205 0.00147895 -0.00378107 0.999991 
18.4311 -0.377078 -4.4047 246.123 0.00076157 0.00163351 -0.00429592 0.999989 
18.5354 -0.372157 -4.43202 247.648 0.000291703 0.00166462 -0.0040504 0.99999 
18.6394 -0.368389 -4.45822 249.168 -7.81824e-05 0.00151098 -0.00408997 0.99999 
18.7435 -0.365894 -4.48706 250.696 -0.000243236 0.00139804 -0.0042533 0.99999 
18.8475 -0.362986 -4.5113 252.224 -0.000291116 0.00141833 -0.00498621 0.999987 
18.9517 -0.35989 -4.53575 253.757 -0.000306499 0.00152048 -0.00547616 0.999984 
19.0556 -0.356528 -4.55844 255.288 -0.000318793 0.00146415 -0.00577636 0.999982 
19.1596 -0.351899 -4.58494 256.823 -0.000477656 0.00146989 -0.00498722 0.999986 
19.2638 -0.347449 -4.61158 258.361 -0.000929113 0.00142089 -0.00423828 0.99999 
19.3679 -0.340799 -4.6376 259.9 -0.00143695 0.00145176 -0.00282662 0.999994 
19.4718 -0.334678 -4.66224 261.435 -0.00104698 0.00129283 -0.00205703 0.999996 
19.5759 -0.329134 -4.68655 262.973 -0.000339957 0.00115326 -0.00144413 0.999998 
19.6799 -0.325374 -4.71575 264.511 -0.00124272 0.00144125 -0.000469575 0.999998 
19.784 -0.324905 -4.74817 266.057 -0.00250566 0.00166473 5.7536e-05 0.999995 
19.8881 -0.320818 -4.78837 267.598 -0.00200245 0.00173178 0.00102959 0.999996 
19.9921 -0.317394 -4.82468 269.138 -0.00123351 0.00187724 0.00145203 0.999996 
20.0962 -0.316602 -4.86605 270.677 -0.00119311 0.00219916 0.000966395 0.999996 
20.2002 -0.315594 -4.90659 272.219 -0.00138485 0.00274023 0.000229272 0.999995 
20.3043 -0.31404 -4.95022 273.765 -0.00117759 0.00321939 -0.000620262 0.999994 
20.4083 -0.311231 -4.98763 275.307 -0.00113536 0.00369997 -0.00121651 0.999992 
20.5123 -0.311421 -5.03984 276.853 -0.000956065 0.00409509 -0.0015953 0.99999 
20.6164 -0.306203 -5.08275 278.395 -0.000654674 0.0045137 -0.0017731 0.999988 
20.7204 -0.301129 -5.13414 279.945 -0.000424449 0.00496714 -0.00150329 0.999986 
20.8245 -0.289754 -5.17204 281.496 -0.000505229 0.00538674 -0.00120878 0.999985 
20.9287 -0.27649 -5.21004 283.05 -0.00116006 0.00576001 -0.000752003 0.999982 
21.0328 -0.259923 -5.24169 284.601 -0.00136788 0.00593225 -4.30904e-05 0.999981 
21.1368 -0.24473 -5.2776 286.145 -0.000188637 0.00596356 0.000288033 0.999982 
21.2409 -0.230158 -5.31624 287.7 0.00109629 0.00578546 0.000752503 0.999982 
21.3449 -0.217081 -5.35515 289.254 0.00124644 0.00536408 0.000592602 0.999985 
21.4489 -0.204525 -5.39048 290.81 0.000910498 0.00500948 0.00139627 0.999986 
21.5529 -0.192693 -5.42488 292.369 0.00121607 0.00450235 0.00134638 0.999988 
21.657 -0.182827 -5.46258 293.932 0.00135067 0.00422202 0.00121173 0.999989 
21.761 -0.175311 -5.50214 295.501 0.00109639 0.00386751 0.00119099 0.999991 
21.865 -0.168171 -5.54265 297.072 0.000942557 0.0034423 0.00141306 0.999993 
21.9691 -0.157166 -5.57321 298.65 0.000553567 0.00292475 0.00173505 0.999994 
22.0732 -0.14983 -5.60566 300.237 -0.00023058 0.00264597 0.000941768 0.999996 
22.1772 -0.143657 -5.63806 301.821 -0.000517768 0.00296194 0.000677537 0.999995 
22.2812 -0.136231 -5.67404 303.413 -0.000253791 0.00344755 0.000389995 0.999994 
22.3853 -0.12458 -5.70493 305.01 -2.72025e-05 0.00363825 0.00103299 0.999993 
22.4893 -0.111308 -5.74056 306.609 0.000410993 0.00372579 0.0018937 0.999991 
22.5933 -0.10099 -5.77594 308.212 0.00138063 0.00387542 0.00271972 0.999988 
22.6974 -0.0964999 -5.82111 309.819 0.0018739 0.00387645 0.00285097 0.999987 
22.8014 -0.0932494 -5.86305 311.433 0.00232816 0.00281622 0.00258013 0.99999 
22.9054 -0.0965843 -5.90777 313.045 0.00211969 0.00174386 0.00211437 0.999994 
23.0094 -0.106523 -5.95203 314.668 0.000541735 0.00154139 0.00124322 0.999998 
23.1135 -0.107981 -5.99069 316.295 -0.00109999 0.00179404 0.00185651 0.999996 
23.2174 -0.10867 -6.03243 317.924 -0.00152141 0.00189876 0.00238067 0.999994 
23.3214 -0.105842 -6.06836 319.553 -0.000864309 0.00203888 0.00309567 0.999993 
23.4254 -0.10397 -6.10684 321.182 -0.000881837 0.00220917 0.00348051 0.999991 
23.5296 -0.100918 -6.1434 322.814 -0.00109128 0.0023084 0.0034181 0.999991 
23.6335 -0.0988311 -6.18528 324.44 -0.000990123 0.00255284 0.00348558 0.99999 
23.7375 -0.0964844 -6.22409 326.068 -0.000689818 0.00279321 0.00276402 0.999992 
23.8417 -0.0941105 -6.26882 327.698 -0.000311085 0.00312817 0.002369 0.999992 
23.9457 -0.0849696 -6.30543 329.324 -0.00120754 0.0035516 0.00292935 0.999989 
24.0496 -0.0744272 -6.34211 330.951 -0.00176248 0.00361803 0.00337706 0.999986 
24.1537 -0.0642123 -6.37224 332.569 -0.00103073 0.00346546 0.00399076 0.999985 
24.2578 -0.0584489 -6.4135 334.189 -0.00108353 0.0034713 0.0035882 0.999987 
24.3618 -0.0543496 -6.45078 335.802 -0.000408456 0.00341767 0.00239234 0.999991 
24.4658 -0.0494975 -6.49255 337.41 0.00174734 0.00305154 0.00179133 0.999992 
24.5698 -0.0454804 -6.53219 339.021 0.00118121 0.00261589 0.00100019 0.999995 
24.6739 -0.0425701 -6.5714 340.629 -0.000532298 0.00218154 0.000729992 0.999997 
24.7779 -0.039303 -6.60181 342.246 -0.00215658 0.00165002 0.000137774 0.999996 
24.882 -0.03681 -6.62892 343.853 -0.00152813 0.00104569 -0.000104719 0.999998 
24.986 -0.0351466 -6.65278 345.452 -0.000508715 0.000135941 0.000221986 1 
25.0902 -0.0345479 -6.67764 347.055 -0.00129141 -0.000811973 0.000720879 0.999999 
25.1942 -0.0370718 -6.70815 348.655 -0.00172504 -0.0013101 0.00153357 0.999996 
25.2983 -0.0415633 -6.73724 350.253 -0.00124766 -0.00152667 0.0016729 0.999997 
25.4024 -0.0526102 -6.77306 351.848 -0.000797671 -0.00163524 0.00200445 0.999996 
25.5065 -0.0627708 -6.80586 353.446 -0.00082631 -0.00164547 0.00203704 0.999996 
25.6105 -0.0750661 -6.84356 355.038 -0.000739035 -0.00162998 0.00228418 0.999996 
25.7146 -0.0857036 -6.88255 356.631 -0.000438267 -0.00164566 0.00260865 0.999995 
25.8187 -0.0972999 -6.92176 358.222 -0.000107734 -0.00170872 0.00270107 0.999995 
25.9228 -0.109101 -6.95871 359.812 -0.000286358 -0.00167205 0.00294915 0.999994 
26.027 -0.122301 -6.99594 361.404 0.00021529 -0.00163548 0.00273403 0.999995 
26.1309 -0.132221 -7.03402 362.989 0.000826313 -0.0016026 0.0034942 0.999992 
26.2351 -0.141995 -7.07272 364.587 8.5116e-05 -0.00154246 0.00417184 0.99999 
26.3392 -0.1553 -7.1124 366.184 -0.000492098 -0.0016054 0.00500445 0.999986 
26.4433 -0.166861 -7.14688 367.781 -0.000142951 -0.00158082 0.00527911 0.999985 
26.5478 -0.185891 -7.18829 369.387 0.000295082 -0.00139445 0.0047219 0.999988 
26.6514 -0.202919 -7.22508 370.975 -0.000331611 -0.00115251 0.00371788 0.999992 
26.7579 -0.222998 -7.26884 372.615 -0.000479781 -0.000901306 0.00305051 0.999995 
26.8626 -0.237813 -7.30681 374.225 -0.000354373 -0.000716654 0.00284948 0.999996 
26.9637 -0.251989 -7.34494 375.781 4.4294e-05 -0.000600116 0.0029397 0.999995 
27.0678 -0.262588 -7.37934 377.387 0.000167095 -0.000459413 0.00285891 0.999996 
27.1719 -0.270401 -7.41442 378.993 0.000194106 -0.000346982 0.00266786 0.999996 
27.2761 -0.278359 -7.44841 380.607 0.000134895 -0.000190961 0.00209163 0.999998 
27.3801 -0.287793 -7.48506 382.22 -0.000225978 -2.81032e-05 0.00144569 0.999999 
27.4847 -0.296087 -7.52208 383.841 8.13908e-05 0.000105655 0.000869261 1 
27.5884 -0.303965 -7.55871 385.451 0.000373942 0.000240485 0.000437282 1 
27.6925 -0.311017 -7.59675 387.068 0.000326281 0.000403669 6.41079e-05 1 
27.7965 -0.316454 -7.6316 388.686 -0.000133279 0.000530385 -0.000558342 1 
27.9007 -0.320658 -7.66443 390.306 -0.000492089 0.000725647 -0.00112098 0.999999 
28.0052 -0.3238 -7.6962 391.936 -0.000158564 0.00091955 -0.00145183 0.999999 
28.1089 -0.32379 -7.73169 393.558 -0.00023076 0.00104553 -0.00146297 0.999998 
