0  0.000160237852 0.000829978208 0.000109870842 6.37814311e-05 -1.23450518e-05 -8.21754839e-05 0.999999995
0.7291284  -0.000952491289 -0.00286943371 0.235895644 -0.00155861231 -0.000262596875 0.00223548143 0.999996252
0.9375057  -0.00148024076 -0.00394646181 0.303987753 0.000415412746 -0.000483815858 0.000413884515 0.999999711
1.145875  -0.00217890911 -0.00521793161 0.37250391 0.000873417248 -0.000348212516 -0.0024837582 0.999996473
1.250003  -0.00246137907 -0.005808228 0.406969796 0.000447948843 -0.000273785144 -0.00303412893 0.999995259
1.354255  -0.00259532781 -0.00634682845 0.441636662 -0.000904389158 -7.13934522e-05 -0.00179253208 0.999997982
1.458401  -0.00263934617 -0.00688397542 0.476264868 -0.00179983069 -1.25299987e-05 0.000235492821 0.999998352
1.562526  -0.00270319603 -0.00738151313 0.510922611 -0.000628234783 -0.00016986945 0.00139098933 0.999998821
1.666754  -0.00282062411 -0.00790262546 0.545675157 0.000381541494 -0.000199055942 0.00190865977 0.999998086
1.771007  -0.00308030002 -0.00852850929 0.580507657 0.00117886182 9.33450934e-05 0.00075247349 0.999999018
1.875129  -0.00339004281 -0.00907551 0.615546391 0.000167393239 0.000511554549 -0.000611519454 0.999999668
1.979377  -0.00358572808 -0.0096262699 0.65074011 -0.00163079465 0.000783400036 -0.000850583199 0.999998002
2.083502  -0.00363050965 -0.0100253232 0.686012894 -0.00261126346 0.00102833578 0.000310835282 0.999996014
2.187759  -0.0035965463 -0.010454432 0.72127836 -0.00165286663 0.000836302409 0.00223588356 0.999995785
2.291881  -0.00365777564 -0.0109607443 0.756620702 -0.000517826235 0.000831084483 0.00237929062 0.99999669
2.396132  -0.00373510134 -0.0115164685 0.792138091 0.000749378069 0.00112785595 0.00248754667 0.999995989
2.500257  -0.00395480475 -0.0121904499 0.827647644 0.00111036059 0.00145680777 0.000780043848 0.999998018
2.604383  -0.00405648573 -0.0128741362 0.863190256 0.00218844883 0.00161824643 0.000338887639 0.999996239
2.708628  -0.00415892573 -0.0135703716 0.899000021 0.00188684461 0.00164551797 -0.000120863237 0.999996859
2.812757  -0.00420989197 -0.0142827323 0.934836724 0.00126766764 0.00153792108 -0.000117375267 0.999998007
2.916881  -0.00430890963 -0.0149503736 0.97074143 0.000484845538 0.00135298648 -0.000718467943 0.999998709
3.021006  -0.00454693439 -0.0155651443 1.00673257 0.000354092188 0.00138767018 -0.00216105169 0.999996639
3.125256  -0.00472490701 -0.0162080436 1.0427625 0.000530960442 0.00150310607 -0.00335344006 0.999993107
3.229379  -0.00495953678 -0.0168362455 1.07886248 0.000294653379 0.00149066389 -0.00451068079 0.999988672
3.333502  -0.00512809633 -0.0174589596 1.11522808 0.000294243545 0.001354457 -0.00492002016 0.999986936
3.437629  -0.00523569168 -0.0180991842 1.15149372 0.000346760178 0.0011212379 -0.00449214787 0.999989222
3.541754  -0.00535769139 -0.0187347643 1.18793383 0.000594658756 0.000782439741 -0.00417506591 0.999990801
3.64588  -0.0054905548 -0.0193736487 1.22443972 0.000501409388 0.00032220096 -0.00391633907 0.999992154
3.750007  -0.00570665051 -0.0200143259 1.26100025 -6.63791709e-05 -0.000142409564 -0.00409076856 0.99999162
3.854131  -0.00596012375 -0.0206577751 1.29765917 0.000110747151 -0.000659464539 -0.00432944539 0.999990404
3.958276  -0.0062646186 -0.0212729404 1.33439018 -9.02509004e-05 -0.00121419508 -0.00452167418 0.999989036
4.062383  -0.00660410276 -0.0218797347 1.37119921 -0.000525364149 -0.00175006903 -0.00458209097 0.999987833
4.166506  -0.0068906371 -0.0224936358 1.40810691 -0.000996964556 -0.00212346927 -0.00377904694 0.999990108
4.270633  -0.0072024128 -0.0230702801 1.44503672 -0.00104979235 -0.0023737114 -0.00318449299 0.999991561
4.374756  -0.00749832448 -0.0236779906 1.48191945 -0.000735021425 -0.00259501014 -0.0019413579 0.999994478
4.478884  -0.007837772 -0.0242830273 1.51888228 -0.000884683111 -0.00261302211 -0.00144794172 0.999995146
4.583132  -0.0081522083 -0.0249128594 1.55579095 -0.00123556434 -0.00240141125 -0.000791552469 0.99999604
4.687259  -0.00846893394 -0.0255171535 1.59267153 -0.00154331776 -0.00216068191 -0.000255722288 0.999996442
4.791384  -0.00873090645 -0.026133519 1.62943813 -0.00134085109 -0.00190680701 0.000549803581 0.999997132
4.895505  -0.00898794838 -0.0267503144 1.66620756 -0.000929669141 -0.00169192569 0.00137962346 0.999997185
4.99963  -0.00928988363 -0.0273996373 1.70286017 -0.000725618521 -0.0013889917 0.00103888197 0.999998232
5.103758  -0.00962406466 -0.0280588632 1.73945738 -0.000617982082 -0.000979229825 0.000246544555 0.999999299
5.207869  -0.010015901 -0.0287311381 1.77621356 -0.00127471187 -0.000692394497 -0.00142851577 0.999997928
5.311998  -0.0104031723 -0.0293271699 1.81275398 -0.00191098596 -0.000310574836 -0.00309400239 0.999993339
5.416245  -0.0107993229 -0.029933935 1.849215 -0.00214073967 9.04547733e-05 -0.00520202545 0.999984174
5.520244  -0.0112027184 -0.0304906463 1.88591229 -0.00196440913 0.000397329351 -0.00733235994 0.999971109
5.624505  -0.0115520854 -0.0310946186 1.92225756 -0.00167214636 0.000750995141 -0.0089493153 0.999958274
5.728633  -0.011851147 -0.0316762377 1.95859906 -0.00162018644 0.00109431091 -0.00986592009 0.999949419
5.832639  -0.0120099701 -0.0322775 1.9949516 -0.00179096319 0.00125029658 -0.00995820711 0.99994803
5.936757  -0.0121507092 -0.0328820838 2.03111956 -0.00164466006 0.00131115094 -0.00947352418 0.999952913
6.040889  -0.0122634785 -0.0334920888 2.06718652 -0.00121828923 0.00123833971 -0.00881236089 0.999959661
6.145012  -0.0123797559 -0.0341139962 2.10326178 -0.00117238343 0.00106137172 -0.00861061938 0.999961677
6.24901  -0.0125297478 -0.0347401183 2.1392132 -0.00127387702 0.000922103332 -0.00855475156 0.999962171
6.353135  -0.0127153477 -0.0353542397 2.17514489 -0.00104242558 0.000652447429 -0.00844179388 0.999963611
6.45726  -0.0129144062 -0.0360065492 2.21103086 -0.00122010106 0.000283389538 -0.00851761075 0.99996294
6.561386  -0.0131532825 -0.0366071278 2.24685041 -0.00165097016 -0.000218663435 -0.00821255255 0.99996489
6.665511  -0.013351724 -0.0371703785 2.28265515 -0.00208890666 -0.000756671506 -0.00720573078 0.99997157
6.873636  -0.0137938806 -0.0382937333 2.35382551 -0.0023645777 -0.00171380446 -0.00515883203 0.999982429
6.977759  -0.0140557249 -0.0388606963 2.38934633 -0.00213288056 -0.00196380651 -0.00444014098 0.99998594
7.081885  -0.014380982 -0.0394147699 2.42483547 -0.0019067914 -0.00209641093 -0.00394248885 0.999988213
7.290011  -0.0150681975 -0.0405973846 2.49552974 -0.00136771784 -0.00208981238 -0.0040723411 0.999988589
7.394135  -0.0155200663 -0.0412001938 2.53090974 -0.000956769602 -0.00200910826 -0.00460160214 0.999986937
7.498256  -0.0159255608 -0.0418220086 2.5661026 -0.00114892953 -0.00185610862 -0.00522386605 0.999983973
7.602386  -0.0162964437 -0.042429514 2.60127071 -0.00188155668 -0.00172887292 -0.00552376631 0.999981479
7.706383  -0.0167248939 -0.0430036061 2.63646003 -0.00253165112 -0.00167396018 -0.00616061427 0.999976417
7.810511  -0.0170262655 -0.0435711504 2.67140428 -0.00183890493 -0.00162319488 -0.00578311508 0.999980269
7.914632  -0.0173779487 -0.044137993 2.70628761 -0.000646531904 -0.00155175594 -0.00583802959 0.999981546
8.018763  -0.0177150346 -0.0447626977 2.74116221 -5.70644871e-05 -0.00161562749 -0.00551303691 0.999983496
8.12276  -0.017975092 -0.0453566166 2.776173 -0.000622120683 -0.00156425726 -0.0044651617 0.999988614
8.226883  -0.0182363837 -0.0459588716 2.81107892 -0.00162618067 -0.00123360943 -0.00325962261 0.999992604
8.331011  -0.0184522085 -0.0465148434 2.84595972 -0.00190786234 -0.000802780714 -0.00252065853 0.999994681
8.435138  -0.0186533519 -0.0470638359 2.88078758 -0.00118800868 -0.000424960466 -0.00214577699 0.999996902
8.539282  -0.0189221429 -0.0476603588 2.91549232 -2.32760142e-05 -7.7041093e-05 -0.00320048235 0.999994875
8.643387  -0.0191926693 -0.048291678 2.95028572 0.00105653844 0.000510526881 -0.0042565591 0.999990252
8.747509  -0.0194380677 -0.0489608293 2.98517589 0.00100186684 0.00121637198 -0.00574213351 0.999982272
8.851635  -0.0196102376 -0.0496167159 3.02012909 3.66005921e-05 0.00193556216 -0.00641929856 0.999977522
8.955763  -0.0196853994 -0.0502287214 3.05515005 -0.00107946433 0.00244846309 -0.00649476384 0.999975329
9.059886  -0.0196545336 -0.050773878 3.09015235 -0.00131652708 0.00283034249 -0.0061107731 0.999976457
9.164012  -0.0196680384 -0.0513000738 3.12517266 -0.00101828866 0.00335399472 -0.00632292364 0.999973867
9.268135  -0.019681578 -0.0518408915 3.16020518 -0.000742519444 0.00397382992 -0.00730108486 0.999965175
9.372259  -0.0196870518 -0.0524193505 3.19524298 -0.000586214669 0.00458411066 -0.00831451046 0.999954755
9.476392  -0.0196414616 -0.0529888595 3.2303716 -4.68579884e-05 0.00515347614 -0.00872300139 0.999948673
9.580513  -0.0195489812 -0.053616079 3.26551581 0.000334123039 0.00566071188 -0.00927707874 0.999940889
9.68464  -0.0193544841 -0.0542589992 3.30064145 0.000417834539 0.00618677628 -0.00882446206 0.999941837
9.788784  -0.0191270783 -0.05488571 3.33586031 -0.000105561041 0.0066068323 -0.00862769153 0.999940949
9.892888  -0.0188562097 -0.0555011643 3.37105144 -0.000551271671 0.00702138393 -0.00793549368 0.999943711
9.99701  -0.0185681692 -0.0560817552 3.40623075 -0.000715976449 0.00716128343 -0.00753479348 0.999945714
10.10114  -0.0181926072 -0.0566817719 3.44140404 -0.000777884415 0.00716721409 -0.0064547814 0.99995318
10.20526  -0.0178931308 -0.0572591942 3.47664191 -0.00113759854 0.00704538223 -0.00565641492 0.999958536
10.30939  -0.0176158164 -0.0578303032 3.51181929 -0.000956843377 0.0067937683 -0.00489426742 0.999964487
10.41339  -0.0173179307 -0.0583905039 3.54708033 -0.000911022166 0.00620099727 -0.00422116159 0.999971449
10.51751  -0.0170756056 -0.0589501336 3.58228317 -0.00136607537 0.00566406992 -0.00351101605 0.999976862
10.62164  -0.0168213588 -0.0595228516 3.61747144 -0.00145592167 0.00513407506 -0.00273257822 0.999982027
10.72576  -0.0166202795 -0.0600798741 3.6527397 -0.00147398666 0.00449596259 -0.00251366183 0.999985647
10.82989  -0.0165629174 -0.0606229254 3.68815204 -0.00116463147 0.00389146469 -0.00236876848 0.999988944
10.93402  -0.0164970075 -0.0611984826 3.72336352 -0.00100237682 0.00339778867 -0.00230353959 0.999991072
11.03814  -0.0164227089 -0.061837719 3.75859448 0.000191785686 0.00291217706 -0.00111466575 0.99999512
11.14227  -0.0162717037 -0.0624423926 3.7938796 0.000416612256 0.00239827185 0.00157179601 0.999995802
11.24639  -0.015977899 -0.0630679846 3.82930132 -0.000747133256 0.00184821674 0.0054300063 0.99998327
11.35052  -0.0157321483 -0.0635747663 3.86467218 -0.00147248865 0.0010695836 0.00878729894 0.999959735
11.45464  -0.0156618575 -0.0641428757 3.8999944 0.000248215894 0.000560370657 0.010374431 0.999945996
11.55878  -0.0157406631 -0.0647965498 3.93531323 0.00182514588 0.000732113716 0.0100524225 0.999947539
11.66302  -0.0159410483 -0.0655973385 3.97071955 0.00286279504 0.00118137215 0.00845728765 0.999959441
11.76716  -0.0159917027 -0.0664150036 4.00630258 0.00289393986 0.00154480294 0.00849080191 0.999958572
11.87126  -0.0159015069 -0.0671749784 4.04184781 0.00116276198 0.00186292836 0.0101074344 0.999946507
11.97539  -0.0156968719 -0.0678680912 4.07745121 -0.000183920894 0.00209223054 0.0126838195 0.999917351
12.07964  -0.0155069839 -0.0684663801 4.11300867 -0.000817060952 0.00211522378 0.0145000201 0.999892298
12.18377  -0.0153460768 -0.0690215315 4.14858776 -0.00071969719 0.0021294165 0.0152831385 0.99988068
12.28789  -0.0153711364 -0.0696108463 4.18421322 -0.00109001698 0.00262467848 0.0143041525 0.999893651
12.39202  -0.0154494237 -0.070216184 4.21985984 -0.000648671839 0.00320981116 0.0122612859 0.999919465
12.49626  -0.0155184013 -0.0708185877 4.25552633 0.000436092267 0.00362989576 0.0104888147 0.999938307
12.60039  -0.015499177 -0.0714378161 4.29137958 0.000719459726 0.00399549486 0.00900552225 0.999951208
12.70452  -0.0154656846 -0.0720782156 4.32733187 0.000120143261 0.00418470395 0.00805846234 0.999958767
12.80864  -0.0154517742 -0.0727197101 4.3632191 0.000350483296 0.00405656243 0.00709082074 0.99996657
12.91279  -0.0154328673 -0.0734096032 4.39920901 0.00157050645 0.00381007848 0.00606937605 0.999973089
13.01689  -0.015536531 -0.074147368 4.43519426 0.00294592761 0.00361032556 0.00415039381 0.99998053
13.12114  -0.0156557009 -0.0749595877 4.47136732 0.0035730518 0.00353334128 0.00160062553 0.999986093
13.22527  -0.015810292 -0.0757854947 4.50772094 0.00296976225 0.00371152834 -0.000721583292 0.999988442
13.32939  -0.0158271197 -0.0765934085 4.54409287 0.00201450718 0.00398503828 -0.00218766983 0.999987638
13.43352  -0.015767431 -0.0773128078 4.58056398 0.000880651333 0.00400325452 -0.00259344537 0.999988236
13.53764  -0.0156095686 -0.0779661291 4.6171239 0.000414702034 0.00361725862 -0.000954527141 0.999992916
13.64177  -0.0154543332 -0.0786042545 4.65371524 0.000317545931 0.00274490579 0.000132908806 0.999996173
13.74591  -0.0154736674 -0.0793113113 4.69032308 0.00247321752 0.0017255182 0.000294023901 0.99999541
13.85002  -0.0156239384 -0.080108666 4.7269826 0.00460482233 0.0009992606 -0.000565259318 0.999988739
13.95415  -0.0159541716 -0.0810449671 4.76386552 0.0049070616 0.00068194279 -0.00296920347 0.99998332
14.0584  -0.0163039848 -0.0819988316 4.80098696 0.00442244433 0.00062668757 -0.00467666335 0.999979089
14.16252  -0.0165972256 -0.0828437832 4.83819162 0.00269596393 0.00076549818 -0.00575523953 0.999979511
14.26664  -0.0168076675 -0.0836119263 4.87564267 0.0017395639 0.000921764347 -0.00616030354 0.999979087
14.47489  -0.0170301945 -0.0850417728 4.95033854 0.000949104978 0.00094754723 -0.00498782774 0.999986661
14.57901  -0.0170828453 -0.0857561045 4.98786183 0.000706830376 0.000986985214 -0.0037703818 0.999992155
14.68314  -0.0170916485 -0.0864366905 5.02555496 0.000719372758 0.00111395439 -0.00241852146 0.999996196
14.89139  -0.0169706978 -0.0877244296 5.10116851 -0.000562423372 0.00149194847 0.00133046334 0.999997844
14.99552  -0.0168623348 -0.0883060647 5.1391027 -0.000458550539 0.00162604607 0.00262873925 0.999995118
15.09964  -0.0169417926 -0.0890169974 5.17700314 0.00171854778 0.00171615373 0.00162431022 0.999995732
15.20379  -0.0172448742 -0.0898224599 5.21496374 0.0042385864 0.00194236188 -0.0020088076 0.999987113
15.30802  -0.0176706231 -0.0906797583 5.25320492 0.00423798368 0.00260603482 -0.0064726526 0.999966676
15.51627  -0.018152178 -0.0923028404 5.33006659 0.00130939263 0.00362037635 -0.0108959503 0.999933226
15.62039  -0.018025223 -0.0929625734 5.36841804 0.00109844606 0.00336914398 -0.00998283091 0.999943891
15.82864  -0.0177617506 -0.0944394185 5.44568317 0.00142980781 0.00227909196 -0.00737391105 0.999969193
15.93265  -0.017816968 -0.095191928 5.48433607 0.00169864988 0.00200949373 -0.00758046714 0.999967806
16.03677  -0.0179200278 -0.0959745823 5.52326148 0.00160521889 0.00192713546 -0.00825880707 0.99996275
16.1409  -0.0180499411 -0.0967443231 5.56223164 0.00115908485 0.00188148264 -0.0089031961 0.999957924
16.24502  -0.0181637184 -0.0975379086 5.60122255 0.00142077944 0.00173922133 -0.00859558499 0.999960535
16.34914  -0.0182968916 -0.0982777719 5.64034401 0.00192421904 0.00154754632 -0.00842740289 0.99996144
16.45327  -0.0183915575 -0.099090559 5.67953628 0.0020740564 0.00141012369 -0.00807681584 0.999964237
16.55739  -0.0185234049 -0.0999453375 5.71889651 0.00211050424 0.00122374154 -0.00824398231 0.999963042
16.66152  -0.0186987424 -0.100795512 5.75827688 0.00221291459 0.00109277087 -0.00842359348 0.999961475
16.76565  -0.0188301084 -0.101654939 5.79788802 0.0022961899 0.000956092024 -0.00843259786 0.999961352
16.97377  -0.0192129795 -0.103351194 5.87715324 0.00251594288 0.00056992465 -0.00880003274 0.999957951
17.07789  -0.0194316022 -0.104199005 5.9170728 0.00249057902 0.000421089805 -0.00905903747 0.999955776
17.18203  -0.0196180273 -0.105072471 5.95693959 0.00251150663 0.000380862232 -0.00868700568 0.999959041
17.28614  -0.019774445 -0.10596029 5.99688485 0.00262222869 0.000405901276 -0.00796535706 0.999964756
17.39027  -0.0199545568 -0.106817343 6.03706611 0.0025123161 0.000448128016 -0.00743507136 0.999969103
17.4944  -0.0201296305 -0.107713547 6.07723534 0.00210754289 0.000548070172 -0.00674668202 0.99997487
17.59842  -0.0203272343 -0.10856627 6.11751732 0.00201429392 0.000497434839 -0.00676100479 0.999974992
17.70252  -0.0205344548 -0.109407619 6.15784639 0.00217607867 0.000524083051 -0.00699262419 0.999973046
17.80664  -0.0207015452 -0.11029005 6.19819603 0.00248743805 0.000632478123 -0.00728977356 0.999970135
17.91065  -0.0209076098 -0.111161207 6.23869826 0.00215182217 0.000875272586 -0.00796285974 0.999965598
18.01477  -0.0211112443 -0.111971975 6.27941334 0.00111861366 0.00123304812 -0.00811028619 0.999965725
18.1189  -0.0212051688 -0.112768491 6.32000288 0.000894978724 0.00150302564 -0.00801247448 0.99996637
18.22302  -0.0213482242 -0.113583869 6.36070207 0.00168903956 0.00177539841 -0.00816018301 0.999963703
18.32702  -0.0214309015 -0.114387532 6.40155188 0.00238737919 0.00202359113 -0.00833956515 0.999960328
18.43115  -0.0215299469 -0.115259987 6.44235701 0.00213539478 0.00219240703 -0.00873314708 0.999957182
18.53536  -0.021584111 -0.116132173 6.48330627 0.00160517396 0.002165205 -0.00856920571 0.999959651
18.63942  -0.0216222808 -0.116957831 6.52436942 0.00140283126 0.00201868954 -0.00870817248 0.999959062
18.74348  -0.0216902291 -0.117790838 6.56532538 0.00139861777 0.00187403478 -0.00886786717 0.999957946
18.84754  -0.021796486 -0.118603823 6.60641133 0.00125852543 0.00194089037 -0.00960986321 0.999951149
18.95165  -0.0219436588 -0.119395293 6.64772591 0.00128916616 0.00204725372 -0.010263825 0.999944399
19.05565  -0.0220497761 -0.120218814 6.68893179 0.00114790085 0.00201159197 -0.0103846795 0.999943396
19.15965  -0.0220503319 -0.120997758 6.73037984 0.00106979689 0.00195654994 -0.00969300471 0.999950535
19.26377  -0.0220640466 -0.121780881 6.7719004 0.000691318915 0.00191147622 -0.00876776379 0.999959497
19.36787  -0.0220450883 -0.122518649 6.81359425 0.000358894892 0.00192821966 -0.00755874189 0.999969509
19.47178  -0.0220277886 -0.123310472 6.85503465 0.000722613385 0.00176360906 -0.00682355849 0.999974903
19.5759  -0.0220554737 -0.124088182 6.89661136 0.00123464161 0.00162656176 -0.00628328901 0.999978175
19.67991  -0.0221053809 -0.124894102 6.9382816 0.000317024486 0.00191460486 -0.0053634512 0.999983733
19.78402  -0.0220898114 -0.125634242 6.97988919 -0.000569145436 0.00205710811 -0.00434421016 0.999988286
19.88807  -0.0221232132 -0.126321191 7.02145373 -0.000175513503 0.00208956103 -0.00377644366 0.999990671
19.99213  -0.0221126889 -0.126987721 7.06313777 0.000353489284 0.0022675117 -0.00360629444 0.999990864
20.09615  -0.0221836456 -0.127787895 7.10483673 0.000449815312 0.00260726661 -0.0039019181 0.999988887
20.20015  -0.0222498675 -0.128537174 7.14662864 0.000445967905 0.00310618595 -0.00484218641 0.999983353
20.30427  -0.0223077369 -0.129375921 7.18838111 0.000562347412 0.00360340302 -0.00560817395 0.999977624
20.40827  -0.0223038272 -0.130152692 7.23022676 0.000721215176 0.00404501174 -0.00626913165 0.999971907
20.51231  -0.0222378444 -0.130934629 7.27205109 0.000829870927 0.00447680259 -0.00657418742 0.999968024
20.6164  -0.0221525483 -0.131737342 7.31390421 0.00119206723 0.00484381124 -0.00672421582 0.99996495
20.72042  -0.0219661898 -0.132616066 7.3557647 0.00146628997 0.00529988194 -0.00644870178 0.999964087
20.82452  -0.0217147079 -0.133462251 7.39771185 0.00128035102 0.00575282549 -0.00611147395 0.999963957
20.92869  -0.0214130379 -0.13431369 7.43969859 0.000779654313 0.00608768163 -0.00560905333 0.999965435
21.03278  -0.021056392 -0.135152537 7.48178778 0.000616547842 0.00623920585 -0.0050819505 0.999967432
21.13678  -0.0207047876 -0.136018669 7.52365118 0.00184717497 0.00622138356 -0.00478532311 0.999967491
21.24088  -0.0203713313 -0.136914347 7.56562225 0.00291169143 0.00607091072 -0.00411682177 0.999968858
21.34492  -0.020104164 -0.137833512 7.60770462 0.00291303716 0.00567095695 -0.00412191662 0.999971182
21.4489  -0.0198391563 -0.138749317 7.64987388 0.00290669533 0.0052818322 -0.00354065619 0.999975558
21.5529  -0.0196529873 -0.139671423 7.69217353 0.00322747095 0.00481953279 -0.0035798372 0.99997677
21.65702  -0.0194849779 -0.140605839 7.73440991 0.00339281965 0.00447975469 -0.00370881608 0.999977332
21.76102  -0.0193476737 -0.141589101 7.777044 0.00316021703 0.00418843927 -0.00371210222 0.999979345
21.86503  -0.0192247154 -0.142507078 7.81964802 0.00311948813 0.00369564946 -0.00354077834 0.999982037
21.96915  -0.0191392376 -0.143441211 7.86248335 0.00245326468 0.00321164537 -0.00328746032 0.99998643
22.07317  -0.0191624024 -0.144314819 7.90552643 0.00181124749 0.00294842819 -0.00423299437 0.999985054
22.17715  -0.019110272 -0.145160856 7.94866487 0.00179104231 0.00331335047 -0.00443462164 0.999983074
22.28115  -0.019023617 -0.146021339 7.99174593 0.00193531836 0.00374517616 -0.00468085156 0.999980159
22.38527  -0.0188665024 -0.146873712 8.03512165 0.00204526636 0.00392699232 -0.00411472723 0.999981732
22.48927  -0.018627123 -0.147751494 8.07854371 0.00255616343 0.00399114035 -0.00314374712 0.999983827
22.59328  -0.0184127601 -0.148713532 8.122214 0.00355863888 0.00419072935 -0.00245198367 0.999981881
22.69742  -0.0182073839 -0.149712936 8.16591891 0.00406796489 0.00410090803 -0.0022284525 0.999980834
22.8014  -0.0182100885 -0.150813077 8.20977917 0.00454879316 0.00304373833 -0.00258647632 0.999981677
22.9054  -0.018192007 -0.15183492 8.25387079 0.0042082592 0.00199453389 -0.00311814805 0.999984295
23.0094  -0.0182846781 -0.152872756 8.29812926 0.00257081139 0.001847747 -0.00373151343 0.999988026
23.11349  -0.0182657226 -0.15373975 8.34247786 0.00106310978 0.0021041698 -0.0030093256 0.999992693
23.21742  -0.0182481536 -0.154547402 8.38682164 0.00072148434 0.00219678255 -0.00260098375 0.999993944
23.3214  -0.0181941789 -0.155372061 8.43115709 0.00135080503 0.00233656289 -0.00209824111 0.999994157
23.4254  -0.0181456475 -0.156227188 8.47550321 0.001390602 0.00249342592 -0.00159921651 0.999994646
23.52955  -0.0181411081 -0.157178234 8.52004828 0.00122330778 0.00262534757 -0.00160662669 0.999994515
23.63355  -0.0180817107 -0.158120483 8.56436762 0.00122238814 0.00286568201 -0.00164510656 0.999993794
23.73753  -0.0181369436 -0.159113621 8.60860644 0.00169210232 0.00310652304 -0.00242834407 0.999990795
23.84166  -0.0180612431 -0.160063546 8.65309107 0.00199477456 0.00343715866 -0.00279904864 0.999988186
23.94565  -0.0179511859 -0.161054008 8.6973805 0.00101515874 0.00384259644 -0.002172385 0.999989742
24.04965  -0.0177323428 -0.161955818 8.74182298 0.00060190302 0.00389080048 -0.00172269311 0.999990766
24.25778  -0.0174423705 -0.163794046 8.83010378 0.00116346238 0.0038316333 -0.00189208115 0.999990192
24.36178  -0.0174201429 -0.16475028 8.87414232 0.00215428882 0.00372133785 -0.00277133456 0.999986915
24.46578  -0.0174179724 -0.165746495 8.91811647 0.0036499461 0.00339610771 -0.00361976152 0.999981021
24.56978  -0.0174145175 -0.166838923 8.96207946 0.00340358943 0.00299165729 -0.00429674887 0.999980502
24.6739  -0.0174542252 -0.167875832 9.00610986 0.00164837057 0.00253544215 -0.00469184603 0.99998442
24.88203  -0.0176604475 -0.169693852 9.09384126 0.00086412848 0.00136294623 -0.00548990118 0.999983628
24.98602  -0.0178271985 -0.170582442 9.13756535 0.00163063658 0.000473092353 -0.00520561754 0.999985009
25.09017  -0.0180170363 -0.171493146 9.18131476 0.00094040608 -0.000426061359 -0.00457184617 0.999989016
25.29828  -0.0185167147 -0.173341936 9.26872689 0.0010711343 -0.00112865426 -0.00368949138 0.999991983
25.50653  -0.0191083365 -0.175181866 9.35602548 0.00156818785 -0.00131177684 -0.00326803023 0.99999257
25.71465  -0.0197304486 -0.177143036 9.44313045 0.00191285243 -0.00132363453 -0.00278671766 0.999993412
25.81865  -0.0200367859 -0.178139176 9.48656584 0.00224332664 -0.00136306584 -0.00268930102 0.999992939
25.92278  -0.0203263003 -0.179157603 9.53018443 0.0021076664 -0.0013378287 -0.00239896943 0.999994006
26.02698  -0.0206413953 -0.180145586 9.57375422 0.00252157344 -0.00131555453 -0.00253818058 0.999992734
26.1309  -0.0209024297 -0.181135762 9.61728313 0.00316158883 -0.0013161249 -0.00184637642 0.999992432
26.23505  -0.021120754 -0.182131955 9.66106231 0.00225535243 -0.00131216433 -0.0011166769 0.999995972
26.33915  -0.0213196608 -0.183092503 9.7047428 0.00187855608 -0.00136010079 -0.000373161065 0.999997241
26.44329  -0.0215989395 -0.184041189 9.74849966 0.00238707339 -0.00133722127 -0.000167373714 0.999996243
26.5478  -0.0219494899 -0.184962231 9.79235811 0.00272338803 -0.00119808385 -0.000781644097 0.999995268
26.65141  -0.0222779285 -0.186018384 9.83618534 0.00226795017 -0.00100548665 -0.00157907772 0.999995676
26.75793  -0.0226728692 -0.187098922 9.88005682 0.00175876886 -0.000760754091 -0.0021327885 0.99999589
26.86258  -0.0229981697 -0.187977506 9.92407288 0.00192594744 -0.00056457504 -0.00237180458 0.999995173
26.96366  -0.0232411046 -0.189012478 9.96812266 0.00230544523 -0.000441059487 -0.00225905063 0.999994694
27.06782  -0.0235335096 -0.189857579 10.0122718 0.00248970676 -0.000368398159 -0.00247746493 0.999993764
27.17192  -0.0238390685 -0.190832022 10.0565229 0.00256908981 -0.000174672584 -0.00273739147 0.999992938
27.27606  -0.0241931523 -0.191750027 10.1010007 0.00253522878 1.94031893e-05 -0.00347858291 0.999990736
27.38014  -0.0244649374 -0.192709051 10.1455107 0.00224181451 0.000190922482 -0.00423450677 0.999988503
27.4847  -0.0247158603 -0.193667462 10.1899034 0.00257389625 0.000330363425 -0.00485479661 0.999984848
27.58841  -0.0249669005 -0.194669875 10.2343572 0.0028658665 0.00048254335 -0.0052995896 0.999981734
27.69253  -0.025176001 -0.195726688 10.2788904 0.0027925442 0.000617897001 -0.00562986477 0.999980062
27.79654  -0.025395057 -0.196713494 10.3235752 0.00231492386 0.000758561887 -0.00625241591 0.999977486
27.90067  -0.0256030088 -0.197699395 10.3682849 0.00214822546 0.000921237955 -0.00672286094 0.999974669
28.00523  -0.0258240679 -0.198652859 10.4130274 0.0023768793 0.00111297646 -0.00712834287 0.999971149
28.10894  -0.0260238386 -0.199550752 10.4579558 0.00227642614 0.00124558688 -0.00729188666 0.999970047
