1.44757  0.00088527339 0.00213102633 0.00198957531 -8.59738572e-05 -0.000182485939 -0.00010851123 0.999999974
2.17162  -0.00201818788 0.00145806995 0.270807903 0.00133163894 -0.00542123641 -0.000813697771 0.999984087
2.378626  -0.00345268126 0.00124374214 0.346243196 0.00110969688 -0.00687193785 -0.000480858129 0.999975657
2.585514  -0.00496787402 0.00106305783 0.420592004 0.00112464204 -0.00823022969 -0.000498458454 0.999965374
2.689023  -0.00580698409 0.00103029214 0.457456781 0.000154577073 -0.00877215714 -0.000572488914 0.999961348
2.793694  -0.00653642567 0.00100590638 0.493983419 -0.00122706494 -0.0091487291 3.10898673e-05 0.999957396
2.896139  -0.00736703899 0.000964517728 0.530028085 -0.00202022628 -0.00946614514 -4.23809797e-05 0.999953153
2.999556  -0.00838175066 0.000935098026 0.56505942 -0.0014371072 -0.00971653098 -0.000335922297 0.999951704
3.103545  -0.00931227134 0.00095519175 0.600164944 -0.000128624258 -0.0102020588 -0.00114944221 0.999947289
3.206573  -0.0102064511 0.000970854487 0.634727553 0.000725467453 -0.0106173082 -0.00135088733 0.999942459
3.310078  -0.0111763052 0.000921761825 0.668895961 0.000914499857 -0.0111138262 -0.00177731803 0.999936242
3.413963  -0.0121363104 0.000747180454 0.702693445 0.00113736821 -0.0117208595 -0.00166996721 0.999929267
3.517076  -0.0132106265 0.00056289529 0.736116227 0.0015323106 -0.0126894801 -0.00183415216 0.999916629
3.620721  -0.014269762 0.0004388996 0.769181693 0.00157625717 -0.0136581193 -0.00187676649 0.99990372
3.827725  -0.0165949579 0.000355676575 0.834229127 -0.000154489844 -0.015642572 -0.00171267312 0.999876169
4.034871  -0.019250346 0.00018651688 0.897405531 -0.00106237909 -0.0175767892 -0.0028481601 0.999840895
4.243437  -0.0224662009 0.000225350967 0.959431036 -0.000290129682 -0.0190912638 -0.00499732716 0.999805214
4.449183  -0.025104391 0.000310392398 1.01891084 -0.00177835547 -0.0205906054 -0.00578022931 0.9997697
4.656235  -0.0281342312 0.000163555742 1.07640777 -0.00101427838 -0.0200781315 -0.0087798122 0.999759348
4.863788  -0.0307526753 0.000218236611 1.13217173 0.00152761102 -0.01803713 -0.00995280996 0.999786612
5.073257  -0.0329543099 0.000136867862 1.18704626 -0.000185504024 -0.0149111961 -0.0128226304 0.999806582
5.277498  -0.0347111008 0.000262699152 1.24009938 -0.0023988171 -0.0108137647 -0.0174505664 0.99978637
5.484644  -0.0361161291 0.000384646359 1.28983896 -0.00354178477 -0.00524565744 -0.0212069737 0.999755072
5.691619  -0.0368665996 0.000358857496 1.33645323 -0.00405233201 0.00157243648 -0.0252717753 0.999671168
5.898736  -0.0368867559 0.000404519911 1.38069122 -0.00398724394 0.00913967104 -0.0292445077 0.99952255
6.10587  -0.036050723 0.000451102248 1.41943556 -0.00122962082 0.0168851469 -0.0323436076 0.999333413
6.313021  -0.0342950665 0.000344012002 1.45506964 -0.0019663728 0.0247574042 -0.0322361185 0.999171675
6.623722  -0.0314965218 0.000611580889 1.50079498 -0.00249440664 0.0376350473 -0.0370015819 0.998603156
6.934429  -0.0274091606 4.0721715e-05 1.53751482 -0.0023832403 0.0520553777 -0.0380553927 0.997916001
7.24533  -0.021873419 -0.000379781321 1.57102206 0.00243514058 0.0724501165 -0.0385021377 0.996625625
7.55658  -0.014613718 -0.000913201965 1.60351207 0.00361548953 0.0982743055 -0.0390656592 0.994385722
7.866988  -0.00534465081 -0.0011414134 1.63505862 0.00474774581 0.129321578 -0.0396001795 0.99080029
8.177962  0.00670162622 -0.00233345556 1.66621416 0.00535269123 0.16674778 -0.0421858709 0.985082169
8.488779  0.0224881255 -0.00368685507 1.69718993 0.0062882025 0.212127137 -0.0425738194 0.976294016
8.696029  0.0358372538 -0.0047234161 1.71669498 0.00941175127 0.247888721 -0.0401548123 0.967910219
8.903911  0.0511874032 -0.0057793845 1.73645747 0.0130919338 0.286829903 -0.041105279 0.957009699
9.11058  0.0701614125 -0.00697529585 1.75713412 0.0144245369 0.328783784 -0.0441105428 0.943264234
9.317832  0.0919706952 -0.0088704818 1.77792133 0.0147544912 0.373727878 -0.0470570613 0.926226436
9.525112  0.119329995 -0.0110670171 1.7981363 0.0154210342 0.421687169 -0.044930184 0.905496219
9.732384  0.151912747 -0.0135301618 1.81652348 0.0171710445 0.470577814 -0.0438165259 0.881102598
9.939685  0.188743592 -0.0162366725 1.83409556 0.0172621716 0.519930095 -0.0424988939 0.852976294
10.14677  0.229767112 -0.0189034069 1.84920911 0.0142502578 0.565865627 -0.0436893851 0.823215804
10.35367  0.274608395 -0.0220929022 1.85951849 0.0181413053 0.607209503 -0.0397694723 0.793338454
10.56299  0.32355816 -0.0255453297 1.86570348 0.0236975965 0.641923608 -0.0312907019 0.765763277
10.76705  0.374212721 -0.0289376998 1.86944417 0.0285535507 0.669151013 -0.028618028 0.742026027
10.97342  0.428387929 -0.0330870578 1.8709041 0.0319719003 0.68907728 -0.0229591644 0.723618115
11.18019  0.484510804 -0.0365539826 1.87071993 0.0345585834 0.701981058 -0.0209183264 0.711049029
11.3859  0.543158349 -0.0408030921 1.86988595 0.0349241516 0.710868511 -0.0207429621 0.702150976
11.59255  0.605603183 -0.0450769723 1.86772321 0.0396462085 0.716225808 -0.0193566321 0.696472606
11.79949  0.667604683 -0.0493014045 1.8656838 0.0377232709 0.719133564 -0.0188653556 0.693590636
12.00482  0.733061329 -0.0536361519 1.86333117 0.0330391339 0.720546663 -0.0146730246 0.692463446
12.21119  0.800217445 -0.0579881513 1.86026556 0.0350037793 0.720616353 -0.0124387956 0.692338128
12.41765  0.868381727 -0.0621047112 1.85786615 0.0410222374 0.719477593 -0.0174217012 0.69308416
12.62455  0.939736962 -0.0668686094 1.85573427 0.0398249059 0.718060627 -0.0161115363 0.69465339
12.83073  1.01201368 -0.0722957486 1.85414751 0.036225722 0.716287241 -0.0139592068 0.696724785
13.03771  1.08412947 -0.0772733817 1.8522507 0.043516889 0.713911921 -0.0145682361 0.698730146
13.24421  1.15575035 -0.0824777016 1.85220705 0.0388573241 0.711948222 -0.0171940346 0.700945221
13.45277  1.22801693 -0.0882381865 1.85111084 0.0411638569 0.709087916 -0.0131249836 0.70379514
13.65796  1.30080713 -0.0934671646 1.85155177 0.0417801028 0.706744196 -0.016412421 0.706043694
13.86467  1.37345544 -0.0991386518 1.8520129 0.041763436 0.704214029 -0.0139327705 0.708621405
14.07164  1.44586539 -0.104707721 1.85246382 0.0450253635 0.701677048 -0.0118589526 0.710972153
14.2786  1.51845333 -0.110031039 1.85405765 0.045271498 0.699476952 -0.0107278767 0.713139115
14.4855  1.59145896 -0.115605319 1.85589762 0.0452394351 0.697123415 -0.0103447659 0.715447638
14.69245  1.6645226 -0.121070124 1.85847777 0.0456111461 0.69501207 -0.0113378691 0.717460311
14.89949  1.73829762 -0.126625672 1.86173713 0.0443299601 0.693214675 -0.0127376707 0.719253794
15.1064  1.81251065 -0.132404996 1.86540321 0.0435597669 0.69099547 -0.0149556174 0.721390419
15.31336  1.88699903 -0.138408883 1.86937516 0.0453992084 0.688502256 -0.0172094209 0.723607208
15.52022  1.9627566 -0.14455292 1.87463526 0.042433107 0.686467423 -0.0210972651 0.725614783
15.62392  2.00090007 -0.14787483 1.87700022 0.0434726534 0.685139446 -0.020556726 0.726822873
15.7272  2.03920406 -0.151240266 1.87959548 0.0436791038 0.683725253 -0.0211657424 0.728123565
15.83062  2.0777536 -0.154444289 1.88270007 0.0426467421 0.682366033 -0.0227963966 0.729409471
15.93425  2.11660158 -0.157662843 1.8858584 0.0416447987 0.680855074 -0.0224597438 0.730888254
16.03941  2.15565275 -0.161246316 1.88883582 0.0418628027 0.679068548 -0.0221792123 0.732544535
16.14091  2.19455305 -0.164704094 1.89246957 0.0419841744 0.677182758 -0.0245586549 0.734205498
16.2443  2.23326545 -0.16823871 1.89653916 0.0446452828 0.674833188 -0.0280351909 0.73608491
16.34828  2.27243308 -0.171931055 1.90041128 0.0459869986 0.672010575 -0.030120779 0.738498289
16.45345  2.31188157 -0.175889057 1.90500227 0.0456394826 0.669238677 -0.0324600431 0.740933855
16.55445  2.35161007 -0.180062173 1.90990919 0.0436734676 0.66659822 -0.0330606206 0.743401935
16.65802  2.39137297 -0.184165442 1.91482366 0.0431382033 0.663765745 -0.0324617848 0.74598952
16.86471  2.47141402 -0.191967971 1.92582036 0.0390997297 0.658313521 -0.0302258725 0.751119775
16.96808  2.51163181 -0.195690802 1.93211468 0.0354139619 0.655695253 -0.0285422005 0.753654383
17.17558  2.59032272 -0.203036106 1.94452112 0.0351838356 0.650085795 -0.0282191714 0.758521084
17.27948  2.6287312 -0.206535059 1.95105859 0.0380344527 0.647758364 -0.0302171971 0.760295603
17.38334  2.667003 -0.210055577 1.95776186 0.0389451489 0.64574324 -0.0318230237 0.761896475
17.48544  2.70500256 -0.213890362 1.96471969 0.0396510402 0.643774344 -0.0332371603 0.763464262
17.58887  2.74266976 -0.217663662 1.97206572 0.0385926292 0.641707952 -0.0339069072 0.765226656
17.69388  2.78028823 -0.221402234 1.97881301 0.0390864427 0.639715203 -0.0316177134 0.76696612
17.79578  2.81766592 -0.224889827 1.98589681 0.0368280669 0.638046914 -0.0291635984 0.768563148
17.89936  2.8547261 -0.228420039 1.99335875 0.0337040695 0.636874069 -0.0277618871 0.769730299
18.00309  2.8910226 -0.23170728 2.00097585 0.0309607207 0.635655824 -0.0278678761 0.770847902
18.10634  2.92687873 -0.234812528 2.00834236 0.0304185922 0.6343506 -0.028393277 0.771924768
18.20979  2.96160215 -0.237716029 2.01586686 0.0305520847 0.633467804 -0.0297399489 0.772593455
18.41719  3.03066573 -0.244043067 2.03079183 0.031770165 0.631953982 -0.0341598766 0.773600623
18.52047  3.06444179 -0.247225937 2.03803095 0.0336955591 0.631033653 -0.0361136481 0.774181466
18.62397  3.0979955 -0.250367278 2.04517993 0.0348422002 0.630363299 -0.0365101628 0.77465808
18.72749  3.13109099 -0.253573003 2.05256276 0.0338246508 0.629822806 -0.037284206 0.775105808
18.83095  3.16385606 -0.256852972 2.05969292 0.032658398 0.629659377 -0.0363238967 0.775334169
18.93468  3.19617222 -0.260109699 2.06673393 0.0316249122 0.629451379 -0.0355180487 0.775583196
19.03803  3.22740484 -0.263008084 2.07354446 0.0315085453 0.629525133 -0.0348651275 0.775557697
19.2455  3.28981007 -0.269021966 2.08698669 0.0309118002 0.630761863 -0.0354256269 0.77455081
19.45211  3.34979196 -0.275025339 2.09954789 0.0338144931 0.632456641 -0.037338401 0.772956028
19.55775  3.37938287 -0.277874923 2.10538661 0.0349057481 0.633140339 -0.0367860606 0.772374058
19.76396  3.4369242 -0.283303919 2.11722884 0.0327991099 0.635092557 -0.035971366 0.770900593
19.96985  3.49334624 -0.289136705 2.12799862 0.0322837638 0.636789527 -0.0331720252 0.76964698
20.17718  3.54775744 -0.294093093 2.13778243 0.036677463 0.638472331 -0.0318439094 0.768110546
20.38385  3.60090163 -0.299169348 2.14794153 0.0379557346 0.639545449 -0.0336489612 0.767078046
20.59089  3.65543808 -0.30443831 2.1574576 0.039760233 0.639885524 -0.0300367928 0.76685294
20.79773  3.7101846 -0.309425957 2.16709856 0.0418940927 0.638326139 -0.0266930596 0.76816151
21.00461  3.76473526 -0.314820014 2.17838228 0.0406286174 0.634867347 -0.0280143517 0.771043425
21.21357  3.82100045 -0.319796206 2.1905282 0.0403147618 0.629253148 -0.0278376244 0.775654732
21.41797  3.87825862 -0.325188957 2.20443631 0.038433659 0.622387321 -0.0278971165 0.781267322
21.6248  3.93642016 -0.330438661 2.21994631 0.0376258372 0.614512764 -0.0309344043 0.78740169
21.833  3.99578464 -0.335887337 2.23729161 0.0369008261 0.60612576 -0.0347699092 0.793751186
22.03841  4.0573016 -0.341819137 2.25635378 0.0364803089 0.597707438 -0.0367267889 0.800041342
22.14192  4.08861764 -0.344773007 2.26662402 0.0365169167 0.593362863 -0.0369894298 0.803255134
22.24529  4.12055699 -0.347655823 2.27761158 0.0353524189 0.589010098 -0.0385079917 0.806433163
22.34879  4.1532631 -0.350680476 2.28886751 0.0336548375 0.584600824 -0.0367354482 0.809789933
22.45217  4.18659956 -0.353705397 2.30051069 0.032378548 0.580138001 -0.0333602759 0.813190397
22.55569  4.22012795 -0.356795166 2.31275699 0.0313174039 0.575514931 -0.0314905618 0.816584428
22.65944  4.25430183 -0.359617153 2.3258685 0.0298018716 0.571096461 -0.0305739098 0.819771869
22.76249  4.28898219 -0.362282018 2.33908697 0.0316295121 0.567003593 -0.0279453034 0.822633308
22.86596  4.32432147 -0.364777688 2.35270538 0.0323359803 0.563302129 -0.0242254249 0.825262518
23.07297  4.39624793 -0.370010866 2.38119518 0.0331512486 0.557192808 -0.015492533 0.829576489
23.28004  4.46782797 -0.375611525 2.41144388 0.0382339486 0.550458747 -0.0160698878 0.833831573
23.48762  4.5391758 -0.381464885 2.44296522 0.0424094088 0.544649134 -0.0173522328 0.837411287
23.69454  4.6091407 -0.38825006 2.47648747 0.0387236869 0.540694317 -0.0230321859 0.840011697
23.90351  4.67740741 -0.395112454 2.50898506 0.0403999915 0.536814781 -0.026355039 0.842320096
24.10822  4.74413069 -0.402116649 2.54177365 0.0393123678 0.533319309 -0.0279929538 0.844536232
24.31511  4.80937872 -0.408874859 2.57386631 0.0371006153 0.529871918 -0.0260202961 0.846866128
24.52242  4.87218914 -0.41533687 2.60574888 0.0361638882 0.526545119 -0.027080322 0.848945856
24.72875  4.93305459 -0.421447872 2.63661347 0.0370386639 0.52414718 -0.0258759985 0.850428306
24.93558  4.99245634 -0.427458993 2.66717702 0.0368577458 0.522530313 -0.0253080747 0.851447638
25.1425  5.04982746 -0.433149225 2.69701268 0.0379698874 0.520352673 -0.0253395992 0.85273049
25.34936  5.10528188 -0.43903529 2.72603284 0.0400069415 0.517523923 -0.0237520599 0.854402875
25.5563  5.15915229 -0.444561217 2.75460902 0.0410488602 0.514444817 -0.0216337362 0.856267191
25.76316  5.21106504 -0.450120206 2.78307185 0.0413908672 0.511216369 -0.0208196217 0.858202286
25.97023  5.26211137 -0.455349909 2.81149542 0.0425958216 0.507591824 -0.0206989834 0.860295117
26.17779  5.31204237 -0.460808685 2.8401849 0.0445448161 0.50311022 -0.0217910504 0.862798364
26.38451  5.36072254 -0.466466224 2.86991094 0.0470260655 0.497272308 -0.0280200302 0.865865855
26.59019  5.40925103 -0.472305404 2.90058354 0.0485327699 0.490704134 -0.0335716053 0.869325584
26.79695  5.45907806 -0.47833652 2.93321168 0.043229422 0.484988691 -0.0364162863 0.872691836
27.00385  5.50988299 -0.48446638 2.96781849 0.034928119 0.478952685 -0.0386867123 0.876292012
27.2106  5.56156907 -0.490091749 3.00353238 0.0321201292 0.472289695 -0.041237855 0.879892142
27.41742  5.61439068 -0.495679646 3.04136497 0.0328066925 0.465511206 -0.045061704 0.883285051
27.62417  5.6692637 -0.501384285 3.08156803 0.0320382593 0.458503991 -0.0473392465 0.886852093
27.83108  5.72584009 -0.507546756 3.12466135 0.0288944061 0.451094157 -0.049058779 0.890658414
28.03782  5.78401093 -0.513668064 3.1699231 0.0277676002 0.442746035 -0.0485942199 0.894898603
28.24442  5.84279118 -0.519694793 3.2184325 0.0267863241 0.433805408 -0.0508207273 0.899173295
28.45134  5.9031221 -0.525844861 3.26909069 0.0258256744 0.426836019 -0.0511205871 0.902513564
28.66087  5.96494906 -0.532252552 3.32144552 0.0264678931 0.422654521 -0.0486110668 0.904599122
28.86683  6.02889842 -0.538779039 3.37541975 0.0284705956 0.41884282 -0.0421505007 0.906633031
28.97069  6.06134894 -0.542004782 3.40341839 0.0286019016 0.416788126 -0.0389765342 0.907717147
29.07355  6.09404895 -0.545278011 3.43150937 0.0287196396 0.415033963 -0.035954106 0.908641455
29.17674  6.12661371 -0.548493527 3.46029416 0.0280654122 0.41302425 -0.0354346293 0.909597542
29.27933  6.15921506 -0.551681647 3.48959362 0.0286813413 0.411167936 -0.03602802 0.910395678
29.38483  6.19163564 -0.554806108 3.51938508 0.0282830423 0.409017776 -0.0388205065 0.911261487
29.48639  6.22415207 -0.557923285 3.54975981 0.0267128805 0.407101395 -0.041548845 0.912046364
29.58938  6.25720806 -0.561147319 3.58048294 0.0247440663 0.405377716 -0.0406672123 0.912908986
29.69289  6.29032046 -0.564168338 3.61151664 0.0211439874 0.403263971 -0.0408237023 0.913928075
29.79633  6.32366054 -0.567042345 3.64289522 0.0181555348 0.401258329 -0.0390616748 0.914951537
29.89982  6.35696258 -0.569783183 3.67446202 0.0170016588 0.398550471 -0.0374368576 0.916224289
30.00317  6.39039481 -0.572411387 3.70584433 0.0188269385 0.395748154 -0.0349664736 0.917500022
30.10656  6.42378052 -0.575077007 3.73717617 0.0236783543 0.392605854 -0.0311934562 0.91887265
30.21163  6.45681472 -0.577948521 3.76905093 0.0285603843 0.389218195 -0.0300731797 0.920211446
30.31333  6.48980943 -0.581011322 3.80188225 0.0309468888 0.385637487 -0.0293606513 0.921663697
30.41669  6.52293937 -0.584148668 3.83515515 0.0298794299 0.381885256 -0.0274988124 0.923317219
30.52007  6.5560638 -0.587566871 3.86882001 0.0294383813 0.378137875 -0.0248196391 0.924948169
30.62358  6.58888385 -0.590791267 3.90276607 0.0305427638 0.374654476 -0.0227159775 0.92638283
30.72698  6.6212365 -0.593944312 3.93684097 0.0336472468 0.371535977 -0.0226750045 0.927531522
30.83033  6.6534536 -0.59716382 3.97148881 0.0342727703 0.369039626 -0.0232421773 0.928490675
30.93384  6.68593049 -0.600705488 4.00646851 0.0341112251 0.366957344 -0.0218504158 0.92935531
31.03735  6.71852939 -0.604202401 4.04143663 0.0327208837 0.365326174 -0.0194078772 0.930101857
31.14277  6.75112695 -0.607538003 4.07661028 0.032022691 0.36445292 -0.0174209423 0.930507994
31.24424  6.78372318 -0.610747237 4.11191382 0.0312601874 0.36409762 -0.015266398 0.930710836
31.34774  6.81612052 -0.613880247 4.1473081 0.0306919889 0.36392114 -0.0150277054 0.93080265
31.45126  6.848421 -0.616971351 4.1828306 0.0300359193 0.364017215 -0.015560739 0.930777725
31.55559  6.88072578 -0.620031796 4.2183044 0.0304745925 0.364352322 -0.016561952 0.930615058
31.66173  6.91294578 -0.623096917 4.25378564 0.0303155487 0.365124723 -0.0187166689 0.93027662
31.7632  6.94529795 -0.626248105 4.28928753 0.0305049175 0.366396993 -0.0206484373 0.929729173
31.86588  6.9776221 -0.629423675 4.32480496 0.0294577623 0.367718157 -0.0225534442 0.929196932
31.97085  7.01023012 -0.632667021 4.36005231 0.0287865071 0.369303996 -0.0235740756 0.928563492
32.07411  7.04301379 -0.635855516 4.39503578 0.0277251227 0.37085684 -0.023572925 0.927976745
32.17664  7.07583604 -0.638945383 4.42983113 0.0260168414 0.37255284 -0.0235297349 0.927347754
32.28017  7.10887393 -0.64201579 4.46407747 0.0259470834 0.374418926 -0.021387846 0.92664976
32.38256  7.14151452 -0.645248976 4.49789594 0.028249627 0.376199571 -0.0226753436 0.92583026
32.48611  7.17363575 -0.648413508 4.53157849 0.031212247 0.378355946 -0.0269744716 0.924740478
32.58989  7.20582475 -0.651700297 4.56528357 0.0337647168 0.380544338 -0.0295633753 0.92367308
32.69468  7.23897178 -0.655164379 4.59857879 0.0316197739 0.382803165 -0.0294739536 0.922818082
32.79656  7.2720258 -0.658836831 4.63201218 0.0283826929 0.385284663 -0.0298092903 0.921879362
32.90229  7.30493779 -0.662062831 4.66501231 0.0258404177 0.387612135 -0.0298628511 0.920976284
33.00343  7.3380078 -0.665218274 4.69748352 0.026042543 0.389755033 -0.029775077 0.920068609
33.1068  7.3712165 -0.668333364 4.7295827 0.0260878556 0.391758629 -0.0288559187 0.919245308
33.2116  7.40471325 -0.671554201 4.76151466 0.0279532578 0.393693632 -0.0276659378 0.918399987
33.31472  7.43818903 -0.674785264 4.7929791 0.0295856179 0.395901213 -0.026505597 0.91743358
33.41709  7.47183307 -0.678027747 4.82437011 0.031683292 0.398308391 -0.0259293188 0.916337419
33.52052  7.50575203 -0.681394792 4.85591635 0.0314743049 0.400772725 -0.026275454 0.915259631
33.62398  7.53957821 -0.684823787 4.88737709 0.0310171451 0.403291317 -0.0273115249 0.914137917
33.72776  7.57387231 -0.688247499 4.91859266 0.0311192963 0.406339499 -0.0269732323 0.912793649
33.83082  7.60824277 -0.691681197 4.94964606 0.03094684 0.409725495 -0.0284846595 0.911238682
33.93465  7.64262421 -0.69530333 4.98066298 0.0326403218 0.413369992 -0.0317415635 0.909424176
34.03788  7.67742173 -0.698918865 5.01119939 0.0340964071 0.416936981 -0.0341293182 0.907654218
34.14223  7.71291706 -0.702616148 5.041711 0.035396244 0.420693214 -0.0348282725 0.905842877
34.2447  7.7489916 -0.70632489 5.07183572 0.0314351673 0.424635397 -0.0335483615 0.904196393
34.34807  7.78584382 -0.710050637 5.10287671 0.0254555167 0.42883845 -0.0341265429 0.902377404
34.45159  7.82308943 -0.713539175 5.13311429 0.0229068516 0.433106722 -0.032630823 0.900460478
34.55509  7.86067315 -0.716460419 5.1632091 0.0207168802 0.437164051 -0.0342796707 0.898489459
34.6591  7.89854347 -0.719412251 5.19273399 0.0222050581 0.44171029 -0.0343400569 0.89622526
34.76471  7.93653499 -0.722709611 5.2212085 0.0252394062 0.445355004 -0.032763344 0.894398377
34.96903  8.01396522 -0.729711197 5.27836612 0.0329829668 0.453195754 -0.034148372 0.890145843
35.17679  8.09329637 -0.7377605 5.33433513 0.0308068617 0.461162257 -0.0294154804 0.886292863
35.38277  8.1717243 -0.745200496 5.38855721 0.0303767841 0.468702405 -0.0300882082 0.882320807
35.58968  8.25083197 -0.752463639 5.44070901 0.030936252 0.474791751 -0.0249154959 0.879201319
35.79654  8.32811889 -0.759603787 5.49112804 0.0281327133 0.479738577 -0.0242450217 0.876625135
35.90004  8.3661025 -0.76290326 5.51548977 0.0290146868 0.482200766 -0.0250620624 0.875221379
36.00601  8.40392247 -0.766408464 5.5393707 0.0308778683 0.48406248 -0.025486646 0.874116985
36.1082  8.44122353 -0.769806915 5.56286308 0.0335055587 0.485595293 -0.0273744801 0.873112379
36.3137  8.51547968 -0.776776616 5.60926704 0.0313819765 0.488723744 -0.0272687596 0.871447467
36.52046  8.59010386 -0.783612831 5.65413498 0.0284502012 0.491359876 -0.0210852989 0.870236444
36.72736  8.66250561 -0.789659875 5.69719954 0.0322568477 0.493737307 -0.0193630798 0.868796891
36.93469  8.73304917 -0.796397375 5.73969182 0.0378463512 0.495581435 -0.0251599778 0.867371702
37.14102  8.80318133 -0.802890588 5.78050881 0.0370792792 0.498015189 -0.0227216511 0.866077205
37.34788  8.87219389 -0.809587774 5.82211051 0.0237144303 0.501365453 -0.0238351952 0.864582091
37.55479  8.93982563 -0.814912678 5.86080157 0.0266759425 0.503522031 -0.0248696364 0.863212291
37.76167  9.00576184 -0.820180835 5.89801698 0.0275648772 0.50598118 -0.0247898907 0.861747459
37.96855  9.0705014 -0.825677204 5.93429508 0.0265330121 0.508383156 -0.0244871088 0.860373726
38.17612  9.13379907 -0.830911217 5.96878859 0.0286326396 0.511592807 -0.0243178061 0.85840644
38.38232  9.19579782 -0.836206604 6.00198135 0.0303072066 0.515882164 -0.0254967521 0.855743526
38.58933  9.25694716 -0.8415132 6.03389744 0.033169741 0.520940528 -0.0268917504 0.852524233
38.79634  9.31903759 -0.84722484 6.06487783 0.0354674968 0.526951149 -0.0283363416 0.848682269
39.00324  9.38222132 -0.853095573 6.09618974 0.0329031925 0.533105752 -0.0317045716 0.84481386
39.21038  9.4468973 -0.859205948 6.12632713 0.0338827782 0.539223708 -0.0333465348 0.840819695
39.41743  9.51288899 -0.865380873 6.15654666 0.0351760981 0.546044814 -0.037594359 0.836172451
39.6243  9.58106335 -0.872327881 6.18594583 0.036343499 0.55262592 -0.0398122768 0.83168427
39.72799  9.61591998 -0.87598229 6.20054173 0.0365625528 0.55593621 -0.0409784551 0.829408751
39.83129  9.65144709 -0.879594765 6.21470094 0.0382783177 0.559136514 -0.0400927494 0.827220467
39.9348  9.6876771 -0.883266035 6.22888504 0.0385862213 0.562383881 -0.0393167865 0.825039189
40.0383  9.72516376 -0.887172965 6.24321883 0.0378392431 0.565743375 -0.0382452613 0.822824359
40.14168  9.76253259 -0.8909564 6.25757293 0.0360346475 0.569100929 -0.0380054821 0.820598087
40.24519  9.8008133 -0.894695651 6.27177928 0.0344247731 0.572082852 -0.0364931044 0.818660124
40.35054  9.83984867 -0.898254465 6.2855762 0.0344686617 0.574723568 -0.0342602063 0.816903281
40.45208  9.87964494 -0.90167463 6.29975029 0.0315616393 0.577204764 -0.0326317034 0.815336553
40.55606  9.92014407 -0.905065783 6.31389916 0.029782265 0.579750663 -0.0306925512 0.813670789
40.66016  9.96109704 -0.908613354 6.32770827 0.0312914892 0.581860132 -0.0291919961 0.812162211
40.76408  10.0030624 -0.912544991 6.34129712 0.0362447445 0.583750574 -0.0304193184 0.810553052
40.96936  10.085861 -0.919947212 6.36783456 0.0480390523 0.587246677 -0.0330103361 0.807306576
41.07276  10.1287246 -0.924358816 6.38105212 0.0486262627 0.589125132 -0.0296162309 0.806033463
41.28276  10.2168599 -0.933696328 6.4077104 0.0466362591 0.593360372 -0.0225045941 0.803269613
41.38511  10.2609296 -0.938375472 6.42135344 0.0477118012 0.595214963 -0.0254464083 0.801745104
41.48677  10.3048023 -0.942666473 6.43494725 0.0495946007 0.597023363 -0.0300473432 0.800125388
41.59269  10.3495838 -0.947279414 6.44850433 0.049387382 0.598982668 -0.0321733329 0.798589711
41.69329  10.3962508 -0.952579463 6.46221354 0.0461534267 0.601279053 -0.0316052761 0.797078709
41.79667  10.4419487 -0.957603696 6.47546766 0.0435594519 0.603654521 -0.0315443075 0.795429915
41.90018  10.4879764 -0.962350466 6.48845452 0.0434538293 0.60591875 -0.0324488474 0.793675819
42.00356  10.5344552 -0.967035569 6.50125238 0.0445192285 0.60789909 -0.0340985573 0.79203158
42.10694  10.5819063 -0.971939349 6.51365597 0.0458573425 0.609828703 -0.0330624209 0.790514347
42.21032  10.6293873 -0.977037896 6.52570089 0.0471570228 0.611565673 -0.0314804314 0.789159442
42.31383  10.6771584 -0.982149799 6.53794425 0.0472460158 0.613172812 -0.0307467993 0.787934991
42.52059  10.7739723 -0.992423685 6.56203691 0.0475653342 0.61587047 -0.0293306597 0.785863102
42.72736  10.871655 -1.00259118 6.58619383 0.0453155988 0.618079074 -0.0288743758 0.784277391
42.93415  10.9691656 -1.01278034 6.61010198 0.0441411763 0.61981486 -0.0315476838 0.782870257
43.14076  11.0664956 -1.02297527 6.63326447 0.0445206219 0.621265144 -0.0318928565 0.781684323
43.34761  11.1641359 -1.03308945 6.65598141 0.0425404482 0.62240461 -0.0295041177 0.780981638
43.45091  11.2127696 -1.03827347 6.66701821 0.0429831178 0.623059746 -0.0283267687 0.780478442
43.66034  11.30941 -1.04807191 6.68924751 0.0453857725 0.624212544 -0.0317303917 0.779289429
43.76228  11.3574709 -1.0531458 6.70011314 0.046300843 0.625028419 -0.0322994476 0.778557932
43.97143  11.4546204 -1.06375373 6.72179115 0.044032481 0.627274696 -0.032396689 0.776877114
44.17679  11.5519926 -1.07391321 6.74259409 0.0405003736 0.630093367 -0.0289418809 0.774922213
44.38209  11.6488176 -1.08327764 6.7626911 0.0404783893 0.633327424 -0.0300774388 0.772239096
44.48572  11.6974441 -1.08795573 6.77235888 0.0408262002 0.63488098 -0.0301551178 0.770941004
44.69296  11.7943769 -1.09749419 6.79098601 0.0402643314 0.638172394 -0.0295566286 0.768271557
44.79676  11.8428462 -1.10220742 6.8000464 0.039703864 0.639724554 -0.0296325327 0.767005874
45.00306  11.9395039 -1.11152037 6.81782067 0.0386493696 0.642870037 -0.0315626876 0.764348179
45.2099  12.0359224 -1.12074398 6.83501763 0.0361631944 0.645915416 -0.0339609722 0.761795347
45.41689  12.131588 -1.13028968 6.85161435 0.0368241912 0.648354465 -0.0396163259 0.759414915
45.62368  12.2276882 -1.14006149 6.86731564 0.0353884392 0.650961123 -0.040580164 0.757199131
45.83055  12.3237401 -1.14984425 6.88205739 0.0331704483 0.653603797 -0.0381120919 0.755148506
46.03744  12.4194541 -1.15910822 6.8958601 0.0333029281 0.656203098 -0.0373756863 0.752921953
46.14084  12.4670603 -1.1637889 6.90258171 0.0337893672 0.657743411 -0.0381870424 0.751514227
46.34774  12.5627827 -1.17269126 6.91452178 0.0365544221 0.661469323 -0.0345059851 0.748285671
46.55447  12.6577342 -1.18212295 6.92594696 0.0351497836 0.665279598 -0.0329590559 0.745037751
46.65798  12.7040824 -1.18673254 6.93111839 0.0403758731 0.666642928 -0.0364359262 0.743390489
46.76138  12.7503694 -1.191436 6.93604416 0.0453973258 0.668436245 -0.0400808724 0.741299935
46.86495  12.7971292 -1.1967211 6.94100627 0.0463414294 0.670454461 -0.0421330482 0.739302437
46.96825  12.8443254 -1.20217746 6.94588792 0.0428007015 0.672533875 -0.0417438753 0.737647433
47.1752  12.9392044 -1.21264078 6.95429532 0.0370675711 0.676378219 -0.0394234609 0.734564014
47.38204  13.0321021 -1.22217033 6.96249535 0.03320409 0.681425473 -0.0416117159 0.729948819
47.58892  13.1249912 -1.2314768 6.96898999 0.0282900493 0.686800095 -0.0409930514 0.72513783
47.7958  13.2168668 -1.24022815 6.97306861 0.0324016033 0.691452065 -0.0409315295 0.720533683
48.00263  13.3085735 -1.24921214 6.97623738 0.0332775991 0.696131421 -0.0403420532 0.716007098
48.20933  13.4003335 -1.25827581 6.97839972 0.0325720522 0.700558036 -0.0384922286 0.711811666
48.4161  13.4927172 -1.26712504 6.97934399 0.0354324703 0.703758721 -0.0398994181 0.708432241
48.62287  13.5836723 -1.27632271 6.97938353 0.0380427167 0.706023804 -0.0374832028 0.706171473
48.72612  13.6293121 -1.28095139 6.97925701 0.0377692433 0.706773909 -0.0359652689 0.70551444
48.82938  13.6750815 -1.28555342 6.97903392 0.0379508961 0.707476056 -0.034683496 0.70486482
49.03615  13.766063 -1.2945585 6.97850217 0.039627263 0.708429059 -0.0333460797 0.703879242
49.13941  13.8112187 -1.29904937 6.97819392 0.0408027181 0.708556593 -0.0332791524 0.703686856
49.24278  13.8560369 -1.30356185 6.97774161 0.0425647112 0.708430436 -0.0326541935 0.703738777
49.34662  13.9002442 -1.30806 6.97753683 0.0437590557 0.708016347 -0.0321103686 0.70410718
49.55303  13.9881601 -1.31735588 6.97724957 0.0449528363 0.706924475 -0.0310652754 0.70517514
49.65658  14.0314266 -1.32198193 6.97726763 0.0448422725 0.706153581 -0.0303048537 0.705987186
49.86354  14.1167602 -1.33086258 6.97782342 0.043382343 0.704248357 -0.0281405668 0.708068028
50.06933  14.1996245 -1.33912921 6.97934939 0.0408391141 0.701804354 -0.0271773897 0.710678694
50.17272  14.2404191 -1.34324154 6.98051195 0.0391837546 0.700419122 -0.0289135986 0.7120686
50.27612  14.2804892 -1.34715798 6.98172618 0.0388067297 0.699028466 -0.0302416139 0.713399388
50.37934  14.3201554 -1.35088818 6.98292601 0.0388107111 0.697541103 -0.0301790643 0.714856183
50.48368  14.3594104 -1.35461221 6.98425434 0.0378870163 0.696264013 -0.0295182382 0.716177124
50.691  14.4356679 -1.36199758 6.98771275 0.0343794767 0.693805343 -0.029450269 0.718738394
50.8962  14.5086402 -1.36863782 6.99104314 0.0357348299 0.690872866 -0.0297756969 0.721478422
51.103  14.5783802 -1.37533499 6.99499678 0.0369581864 0.688430821 -0.0320192452 0.723651756
51.30966  14.64541 -1.38175494 6.99960092 0.03545345 0.686087406 -0.0341964944 0.725849657
51.51692  14.7098595 -1.38822973 7.00418258 0.0344380397 0.683691537 -0.03485704 0.728124227
51.7234  14.7707249 -1.39404954 7.00926926 0.0345978698 0.681397147 -0.0376428355 0.730125971
51.93013  14.8309254 -1.40022617 7.0144027 0.0335495098 0.679250181 -0.0382887035 0.732139056
52.13691  14.8889891 -1.4060376 7.01966093 0.0331098599 0.67714475 -0.0387506441 0.734082497
52.34373  14.9446574 -1.41173146 7.02507192 0.0333167206 0.675011694 -0.0400085419 0.735967748
52.55054  14.9978718 -1.41720578 7.03038046 0.0342893919 0.673261846 -0.0410268386 0.73746832
52.75746  15.0494824 -1.42250098 7.0357745 0.034732425 0.67211709 -0.0424290507 0.738411844
52.9643  15.1008343 -1.42797312 7.04107729 0.0354319803 0.671664615 -0.0431250152 0.738749925
53.17124  15.1529627 -1.43337598 7.04645999 0.0346827412 0.672260252 -0.0436154882 0.738214705
53.37812  15.2055735 -1.43874036 7.05158032 0.0348401342 0.673520029 -0.0431105556 0.737087794
53.58511  15.2602171 -1.44491351 7.05586406 0.040465293 0.674773785 -0.0426534598 0.735678993
53.79207  15.3168053 -1.45061625 7.06060483 0.0439166654 0.676368148 -0.0449012714 0.733881006
53.99902  15.3763386 -1.45704493 7.06516402 0.0445508604 0.677885878 -0.0426087903 0.732577947
54.20594  15.4383681 -1.46440069 7.06883414 0.0463091757 0.679293091 -0.0368863156 0.731475055
54.41274  15.5018386 -1.47114901 7.07428474 0.0454399828 0.68097682 -0.0410377161 0.729740834
54.61969  15.5684204 -1.47826193 7.07800131 0.0476969679 0.681967746 -0.036712619 0.728901349
54.82664  15.6369061 -1.48607328 7.08278896 0.0470604411 0.683496507 -0.0380176016 0.727442439
55.03352  15.7077327 -1.49375511 7.08765778 0.0477803678 0.684596335 -0.0408399222 0.726207268
55.24038  15.7807788 -1.50210037 7.09200666 0.047382793 0.68580395 -0.0417585887 0.725040711
55.44705  15.8558362 -1.51087864 7.09676963 0.0457335783 0.687333735 -0.0435384179 0.723591862
55.65399  15.9322611 -1.52015362 7.10041467 0.0516611783 0.688204849 -0.0456186328 0.722235521
55.86074  16.0112579 -1.52983177 7.10423243 0.0535166118 0.688857842 -0.0447651062 0.721530963
56.06746  16.0924444 -1.54019906 7.10722149 0.0533282753 0.689863278 -0.0389900276 0.720919226
56.27429  16.1745864 -1.55046163 7.11044056 0.0553322091 0.690426921 -0.0387745794 0.720239922
56.48105  16.2590164 -1.56058936 7.11416311 0.0558718471 0.690658173 -0.0385079261 0.719990809
56.58442  16.3020136 -1.56586896 7.11611207 0.0553842935 0.690363961 -0.0376527041 0.720355784
56.79105  16.3888982 -1.57648222 7.12019562 0.0551104805 0.689632702 -0.0366727041 0.72112737
56.99768  16.4775184 -1.58726798 7.12443136 0.0542701099 0.688510196 -0.0350169343 0.722344986
57.20436  16.5676838 -1.59771266 7.12932485 0.0543853293 0.687244735 -0.0337555675 0.723600354
57.41089  16.6594344 -1.60827911 7.13452287 0.0553423826 0.685278685 -0.0325686462 0.725444435
57.61751  16.7527899 -1.61907368 7.14025818 0.0556762394 0.683263363 -0.0307412748 0.727396939
57.82409  16.8472145 -1.62997253 7.14674553 0.0568305097 0.681025866 -0.0306220974 0.729408219
57.92736  16.8949053 -1.63559584 7.15026657 0.0571195606 0.679892047 -0.0311650291 0.730419675
58.1339  16.9910424 -1.64692285 7.15827409 0.0562995349 0.677928438 -0.0334241314 0.732206407
58.23724  17.038856 -1.6527655 7.16230667 0.0557428163 0.677042277 -0.0342053089 0.733032393
58.44383  17.136909 -1.66442641 7.17086866 0.0542253409 0.675846499 -0.032984272 0.734304541
58.54707  17.186285 -1.67022024 7.17519477 0.0532003116 0.67544347 -0.0320957052 0.734789569
58.65044  17.2355409 -1.67592412 7.17942417 0.0535631571 0.675045545 -0.0314789064 0.73515548
58.75366  17.2845853 -1.68158366 7.18372902 0.0549930593 0.67474996 -0.0318219799 0.735306478
58.85711  17.333064 -1.68718589 7.18801764 0.0543863285 0.674481006 -0.0318240549 0.735598212
58.96041  17.3824074 -1.69293774 7.19282431 0.0527460511 0.674493428 -0.0321609714 0.735691607
59.06368  17.4315264 -1.69871671 7.1974762 0.051176459 0.674470531 -0.0323019492 0.735817271
59.16711  17.4803674 -1.70437989 7.2021156 0.0509743942 0.674322925 -0.0334002581 0.73591754
59.27046  17.5290855 -1.7099138 7.20663201 0.0512302477 0.674276993 -0.0338756727 0.735920129
59.37386  17.5780264 -1.71560438 7.21109222 0.0513122412 0.674171579 -0.0340821295 0.736001457
59.58054  17.6748119 -1.72705491 7.22010406 0.051273979 0.673983866 -0.034918833 0.73613681
59.68378  17.7223341 -1.73266503 7.22445911 0.0510861808 0.673776515 -0.0349774749 0.73633687
59.89036  17.8188359 -1.74410132 7.23347794 0.0507949349 0.6736193 -0.0348173764 0.736508427
60.09704  17.9147071 -1.75533967 7.24231882 0.0533447942 0.673177746 -0.0350061801 0.736722894
60.30358  18.0110746 -1.76664802 7.25108095 0.0525615164 0.67226197 -0.0310879018 0.7377904
60.40676  18.0590182 -1.77228573 7.25548063 0.05454769 0.671434253 -0.0303226867 0.738431533
60.51003  18.1059715 -1.77796412 7.26001092 0.0588922226 0.670132814 -0.0302293681 0.739283371
60.61329  18.1540738 -1.78349353 7.26456926 0.0611867012 0.668875894 -0.0301813696 0.740236659
60.71668  18.2021682 -1.78951764 7.2694037 0.0622402359 0.667636295 -0.0290911328 0.741310756
60.81992  18.2501187 -1.79554297 7.27446394 0.0623384619 0.666441092 -0.0284250071 0.742402994
60.92331  18.2976224 -1.80182661 7.27986532 0.0636330415 0.665120221 -0.0290153658 0.743454125
61.02663  18.345694 -1.80757466 7.28536283 0.063643188 0.663809267 -0.0289368188 0.744627062
61.12994  18.3938427 -1.81366211 7.29117474 0.0621075549 0.66246743 -0.0279702011 0.745987416
61.2332  18.4420327 -1.81969238 7.29736809 0.0597135531 0.660917775 -0.0272602211 0.747582013
61.33645  18.4902687 -1.82549593 7.30374581 0.0586300793 0.659210608 -0.0274114269 0.749167873
61.43983  18.5331757 -1.83120149 7.31076871 0.0576226659 0.657388143 -0.0278573931 0.750829157
61.54314  18.583218 -1.83684905 7.31752675 0.0568824887 0.655199886 -0.0282395692 0.752781521
61.64643  18.6319824 -1.84255912 7.32468912 0.0564458555 0.652796479 -0.0287007837 0.754882035
61.85303  18.7277959 -1.85393728 7.34036234 0.0560401828 0.646907259 -0.0307556106 0.759884589
62.05954  18.8227663 -1.86553216 7.35800437 0.0555200971 0.639704513 -0.0323479125 0.765930328
62.26619  18.9179456 -1.87722034 7.37719599 0.0545897222 0.632403315 -0.0333240644 0.771994505
62.36943  18.9654065 -1.88305832 7.38752693 0.0539151775 0.628894473 -0.0339128656 0.774877289
62.47279  19.0131974 -1.88890232 7.39822044 0.0534497262 0.625675228 -0.0341189399 0.777502111
62.67943  19.1055815 -1.9009997 7.42153041 0.052427086 0.620688256 -0.0348919588 0.781524178
62.88616  19.2014461 -1.9124403 7.4446089 0.0520760493 0.616597409 -0.0356484502 0.784745123
63.09292  19.2967958 -1.92407778 7.46885812 0.0517969385 0.61295805 -0.035894477 0.787598307
63.29956  19.3911426 -1.93586798 7.49396729 0.0518022781 0.609378182 -0.0358761761 0.790371846
63.5062  19.4866031 -1.94750978 7.52028489 0.0502466068 0.605786827 -0.0353715384 0.793250561
63.71284  19.5815895 -1.95887925 7.54737243 0.0486791572 0.602111178 -0.0338553599 0.796207438
63.91945  19.6725445 -1.97005059 7.5747366 0.0476675283 0.598622206 -0.0336652936 0.798902941
64.12587  19.7652756 -1.98097379 7.60331132 0.0487456715 0.594650254 -0.0371083415 0.801646996
64.33241  19.8568535 -1.99198688 7.63258569 0.0460803644 0.591648646 -0.0370251195 0.804025883
64.53906  19.9486104 -2.00395611 7.66327118 0.0423505312 0.590035016 -0.0388309626 0.805330534
64.74571  20.036178 -2.01392483 7.69213372 0.0446449134 0.589052758 -0.043336513 0.805695741
64.95228  20.1244091 -2.02453228 7.72136096 0.041311402 0.588809354 -0.0437575662 0.806028652
65.15882  20.2122325 -2.03496393 7.75052608 0.037100645 0.588871014 -0.0431804984 0.806219521
65.36548  20.2991529 -2.04462521 7.77883986 0.0375498458 0.58928977 -0.0430824791 0.805897932
65.57196  20.3876892 -2.05486183 7.80760465 0.0387765575 0.589628199 -0.04029171 0.805736646
65.77866  20.4736856 -2.06445886 7.83526022 0.0395145916 0.589911786 -0.0402747849 0.805494025
65.98518  20.5595126 -2.0737842 7.86261187 0.0446035226 0.589779263 -0.0420190049 0.805236208
66.19175  20.6472551 -2.08406832 7.89100613 0.0423495437 0.590272286 -0.0408579078 0.805056381
66.3984  20.735962 -2.0942676 7.91970804 0.0425961732 0.59039431 -0.0413559544 0.80492845
66.60504  20.8264499 -2.104524 7.94863664 0.0453526609 0.590057183 -0.0418976497 0.804997046
66.81153  20.9189495 -2.11528398 7.97849562 0.0439653216 0.590021409 -0.0401490992 0.805189318
67.01818  21.0126458 -2.12621774 8.00819323 0.046842975 0.589550048 -0.0378003898 0.805485945
67.2247  21.1069981 -2.13721146 8.03813941 0.0486543466 0.588749215 -0.0351096963 0.806085868
67.43136  21.2014153 -2.1485085 8.06792036 0.0519297658 0.587519561 -0.0308791061 0.80695139
67.53461  21.2484769 -2.15391679 8.08346742 0.0498708184 0.587421743 -0.0306875101 0.807159757
67.74123  21.3437364 -2.16507146 8.1150457 0.0450986941 0.587079529 -0.0284244182 0.807772113
67.94774  21.4367792 -2.17512382 8.14572978 0.0470963638 0.586713819 -0.0294404965 0.80788742
68.15489  21.5293215 -2.18540256 8.17608293 0.0485108428 0.585932616 -0.0284881058 0.808404661
68.36101  21.6207017 -2.1960266 8.20639262 0.047272236 0.58561318 -0.0267547037 0.808768647
68.56775  21.7098071 -2.20600507 8.23622027 0.0468587304 0.585819354 -0.0275045318 0.808618232
68.77469  21.7972501 -2.21570565 8.26510109 0.0458198063 0.586464378 -0.0254661219 0.808276905
68.98102  21.8833907 -2.22520032 8.29362745 0.0450682893 0.587353415 -0.0245755028 0.807700972
69.18764  21.9663524 -2.23419263 8.32040486 0.0481752323 0.588311348 -0.0260003387 0.80677933
69.39441  22.0479977 -2.24368174 8.34695226 0.0512130901 0.589279706 -0.0298837165 0.80575034
69.60087  22.1300765 -2.25331131 8.37324748 0.0496990535 0.590398044 -0.0292404487 0.805049781
69.808  22.2106518 -2.26262654 8.39865549 0.0475916992 0.591326047 -0.0267704283 0.804581804
70.01415  22.2901149 -2.27155857 8.4235802 0.0493013979 0.591698445 -0.0269837352 0.804197862
70.22157  22.3694252 -2.28005993 8.44842869 0.0508155212 0.59174236 -0.026725264 0.804079923
70.42961  22.4486013 -2.28940456 8.47301622 0.0524822742 0.591690064 -0.0265164543 0.804018256
70.63429  22.5278127 -2.29849257 8.49797641 0.0529408879 0.591702885 -0.0272106549 0.803955558
70.84196  22.6074659 -2.30789117 8.52303358 0.0520193939 0.591255605 -0.0260869377 0.804381914
71.0493  22.6861282 -2.31638592 8.54807775 0.0508754333 0.590139523 -0.0246925441 0.805318143
71.25537  22.7634348 -2.32559859 8.57323641 0.0500212154 0.588629438 -0.0248838246 0.806470123
71.35974  22.801221 -2.3300641 8.58580224 0.0499575563 0.587801567 -0.025875901 0.807046466
71.46215  22.838462 -2.33436017 8.59812929 0.0501318961 0.586968978 -0.0261848715 0.807631453
71.56446  22.8750063 -2.33841507 8.61041883 0.0496163153 0.586194428 -0.0265255153 0.80821452
71.77195  22.9468806 -2.34700123 8.63468935 0.0478144425 0.58523914 -0.0265327313 0.809014797
71.97787  23.0164416 -2.35497364 8.6581939 0.0473961149 0.584277068 -0.0266847086 0.809729488
72.18472  23.0827091 -2.36234096 8.68086009 0.0477049106 0.583314594 -0.0262340416 0.810419707
72.39408  23.1480081 -2.36986758 8.702895 0.0480545125 0.582286918 -0.0256735302 0.811155706
72.60151  23.2106429 -2.37717397 8.72459511 0.0477594893 0.581318961 -0.0264063887 0.811843581
72.80481  23.2705339 -2.38377273 8.74559681 0.0476425182 0.580549888 -0.0265837119 0.812394808
73.01157  23.3287419 -2.39048891 8.76620474 0.0461338623 0.579971147 -0.0269505204 0.81288302
73.2182  23.3844632 -2.39676849 8.78579365 0.0457078001 0.57933938 -0.0263338533 0.813377654
73.42509  23.4379362 -2.4030378 8.80430573 0.0471883683 0.578582922 -0.02784055 0.813781275
73.6328  23.4885048 -2.40884349 8.82266321 0.0485977544 0.577973261 -0.0298543696 0.814060123
73.83863  23.5369773 -2.41431969 8.83976014 0.0500091974 0.577424505 -0.0291341025 0.814390094
74.04538  23.5836782 -2.42012591 8.85618175 0.0481722254 0.57814967 -0.0288835838 0.813995169
74.25233  23.6270369 -2.42531119 8.87150683 0.047394789 0.579317124 -0.0285132998 0.81322346
74.4591  23.6675801 -2.43015409 8.88654769 0.0470406047 0.58046012 -0.028267265 0.812437193
74.76928  23.7247693 -2.43671811 8.90571368 0.0466256237 0.581622821 -0.027010759 0.811671956
75.07951  23.7763594 -2.44263483 8.9235261 0.0451168379 0.582910045 -0.0280547692 0.810797928
75.38954  23.8237395 -2.44778541 8.93913998 0.0467354901 0.584001333 -0.0278572573 0.809927287
75.69968  23.8682013 -2.45271707 8.95458295 0.046139466 0.58419576 -0.0280801058 0.809813541
76.11293  23.9261873 -2.45906783 8.97498175 0.0446498168 0.581384686 -0.0293796989 0.811871341
76.4226  23.9699727 -2.46382565 8.99126869 0.0450416537 0.57387241 -0.0296721526 0.81716661
76.73232  24.0146594 -2.46890827 9.01006501 0.0454436218 0.559984491 -0.0309830682 0.826675448
77.04177  24.0605922 -2.47410505 9.03341716 0.0442847491 0.538538379 -0.0344952262 0.840729062
77.24812  24.0907228 -2.47781195 9.04973388 0.0459010334 0.520478645 -0.036422454 0.851861773
77.45453  24.1195177 -2.48167114 9.06783107 0.0455509894 0.501373823 -0.0393676054 0.863133587
77.76493  24.1604017 -2.48677905 9.09506383 0.0445807499 0.491591131 -0.0466603736 0.868431647
78.07579  24.1992779 -2.49195478 9.11697821 0.0454375696 0.505091897 -0.0464623098 0.860615394
78.38678  24.2378748 -2.49735846 9.13406436 0.0483446192 0.530907458 -0.0424122394 0.844985959
78.59392  24.2648739 -2.5008136 9.14445893 0.0482018927 0.550349049 -0.0420160794 0.832482523
78.80095  24.2934343 -2.5044958 9.15376193 0.0491924963 0.567808582 -0.0397008998 0.820729768
79.00771  24.3226516 -2.50838745 9.16203486 0.0514834213 0.581864259 -0.0364572906 0.810835561
79.32229  24.3650672 -2.51378312 9.17359591 0.0497628659 0.595681911 -0.0342975572 0.800943441
79.73366  24.4167884 -2.52003923 9.18898653 0.0506798009 0.596072158 -0.0325130715 0.800669995
80.04483  24.4491168 -2.52417741 9.20113499 0.0488737845 0.581014454 -0.0340234587 0.811711748
80.35071  24.4760313 -2.52781356 9.21438059 0.0451234894 0.562507187 -0.0374844974 0.824708705
80.65844  24.4976574 -2.53078534 9.22436075 0.0531358685 0.541452016 -0.032710036 0.838412993
80.97164  24.5146934 -2.53298059 9.23679681 0.0481203277 0.521208841 -0.0390203902 0.85117753
81.38147  24.5339567 -2.53540193 9.25071102 0.0459942025 0.497638466 -0.0395129608 0.865262513
81.90022  24.5506074 -2.53794919 9.26588562 0.0419441326 0.474944075 -0.0468222272 0.877767905
82.72618  24.5667723 -2.54005223 9.28127649 0.0374382341 0.453984859 -0.0493098633 0.888855817
