0  -0.00346114467 -0.00403020253 0.00323859568 -1.01020283e-05 0.00011617647 -4.06665007e-05 0.999999992
0.8324957  0.0400136698 -0.00606442136 0.172891214 -0.00493265961 0.134306601 -0.00143524075 0.990926509
1.04077  0.0516961393 -0.00658379558 0.194016105 -0.011716281 0.183667577 0.00368089542 0.982911695
1.248998  0.0671260646 -0.00670645467 0.216652508 -0.0154206845 0.238960946 0.00557167556 0.970890738
1.457124  0.0852916068 -0.0064945234 0.240007174 -0.0193789401 0.296369615 0.00712494442 0.954850116
1.665128  0.110148701 -0.00596493541 0.264827386 -0.0211810383 0.354066566 0.010636016 0.934919839
1.872875  0.140272152 -0.00453107729 0.288847584 -0.0213858741 0.408410374 0.0119558195 0.912469544
2.080499  0.17786328 -0.00322352298 0.312678632 -0.023915235 0.457241088 0.0103179216 0.888961298
2.287894  0.221122491 -0.0011644748 0.33574683 -0.0252381682 0.498770721 0.0104565656 0.866303332
2.495127  0.271966132 0.000904519252 0.358281268 -0.0249652304 0.534577756 0.00921655448 0.844700193
2.702273  0.329802187 0.00344092621 0.379046921 -0.0207065104 0.563309889 0.00952855039 0.825931242
2.909375  0.394824141 0.00612483177 0.400031559 -0.0179510476 0.58316858 0.00960493192 0.812096
3.116499  0.466353718 0.00864551573 0.421380779 -0.0176445113 0.594221138 0.0109382434 0.804033746
3.32375  0.544040475 0.0114320533 0.443780334 -0.0200305816 0.603170726 0.0112934788 0.79728057
3.531001  0.62765524 0.0146087621 0.465858709 -0.0219712191 0.61143964 0.0119723842 0.790895375
3.738395  0.716321763 0.0181556067 0.487396809 -0.0229605146 0.619866511 0.0128387483 0.784266211
3.945774  0.806392344 0.0220854873 0.507082908 -0.0264600579 0.628509593 0.014042817 0.777224778
4.15325  0.90095973 0.0260795088 0.525621283 -0.029229629 0.638393364 0.0156169509 0.768996523
4.360751  0.995019373 0.0304039117 0.540764538 -0.0292246667 0.649361983 0.0150761741 0.759768151
4.568398  1.09207551 0.0346009426 0.553481069 -0.028860531 0.663519397 0.013411479 0.747481914
4.672274  1.13996973 0.0365462597 0.557687991 -0.0295806394 0.673018036 0.0116376155 0.738942674
4.776128  1.18953028 0.0385052734 0.560799065 -0.030354573 0.684180139 0.010331473 0.728607849
4.880125  1.23918772 0.040358378 0.56203328 -0.0308852858 0.696179152 0.00940209481 0.717141749
4.984148  1.28886191 0.0420181789 0.561563855 -0.0307137699 0.708422965 0.00883002776 0.705064251
5.088126  1.33840593 0.0437783213 0.559447097 -0.0301096314 0.720410238 0.00810397201 0.692846898
5.192023  1.38852759 0.0453021809 0.555637796 -0.0297513464 0.731642601 0.00683785611 0.681004556
5.295877  1.43841822 0.0467053828 0.550368718 -0.0291210829 0.742683244 0.00500496337 0.668990667
5.399752  1.48872913 0.0479717947 0.543075427 -0.0262008036 0.753472103 0.00448112117 0.656942332
5.503628  1.5381516 0.048876265 0.533792587 -0.0221310825 0.763859118 0.00437967082 0.64498859
5.6074  1.58749502 0.0495765398 0.522872264 -0.0177013135 0.773731502 0.00444887414 0.633250688
5.711251  1.63656408 0.0500166396 0.510477456 -0.0137420285 0.782975313 0.00463533904 0.621883695
5.815003  1.68547573 0.0500996376 0.496457122 -0.00898941657 0.791754171 0.00574970607 0.610746644
5.918752  1.73372962 0.0497198341 0.481424518 -0.00381000213 0.799964935 0.0039722954 0.600021505
6.022375  1.78169764 0.0488790857 0.465507162 0.00247759252 0.807824898 -0.00059336139 0.589417037
6.126131  1.82833014 0.0475472737 0.448633382 0.00809188949 0.815374049 -0.0076261615 0.578827714
6.229773  1.87469832 0.0456428423 0.430715553 0.0126383825 0.822959778 -0.0142360777 0.567780599
6.333503  1.92080085 0.0428993222 0.411294324 0.0168169021 0.830283247 -0.0174635664 0.556814103
6.437129  1.96654894 0.0397152385 0.390564909 0.0188364737 0.837299209 -0.0182866184 0.546114294
6.54088  2.01188729 0.0363950096 0.368725745 0.0196911683 0.843986454 -0.0167828139 0.535740106
6.644505  2.05676777 0.0330570247 0.345737144 0.0193171911 0.85000023 -0.0133672093 0.526258275
6.748254  2.10050318 0.0299666868 0.321801974 0.0211287526 0.855206578 -0.00926322911 0.517773576
6.851878  2.1438491 0.0269684836 0.297729056 0.0217526006 0.859201056 -0.00844537292 0.511105708
6.955504  2.18647501 0.0240479103 0.273404866 0.0240647831 0.862407086 -0.00860695198 0.505569802
7.059005  2.22858346 0.0211654633 0.249024305 0.0248830008 0.865239793 -0.00955157398 0.500649283
7.266377  2.31196307 0.0150673731 0.199955474 0.0222899506 0.871519817 -0.0119773293 0.489706964
7.473752  2.39282464 0.00937794896 0.147673404 0.024917453 0.876033892 -0.011810943 0.481460531
7.681003  2.47766342 0.00366581996 0.093659767 0.0265985699 0.876902866 -0.0140405288 0.479725697
7.888275  2.56617559 -0.00247891052 0.0384926735 0.0263895579 0.874273669 -0.0134103853 0.484529983
8.095633  2.65855753 -0.00877341639 -0.0165707119 0.0248420493 0.870226612 -0.0142567899 0.49181832
8.30313  2.75537073 -0.0154047563 -0.0728361133 0.0216478297 0.867163792 -0.0159408749 0.49729691
8.510755  2.85630334 -0.0222273018 -0.129954673 0.0179047926 0.866919716 -0.0170278299 0.49783499
8.614628  2.90775357 -0.0257062934 -0.159384727 0.0172650926 0.867193774 -0.0170640784 0.497378822
8.718382  2.96046914 -0.0292112448 -0.190246399 0.0169679144 0.867312086 -0.0168359806 0.497190492
8.822133  3.01324893 -0.0327012145 -0.220768979 0.0168360637 0.867355137 -0.0166308932 0.497126772
9.029629  3.12069617 -0.03985934 -0.283407393 0.016416427 0.867415846 -0.0161896586 0.497049441
9.237279  3.22842018 -0.047275723 -0.345645261 0.0150715281 0.867463671 -0.0161556663 0.497009681
9.341007  3.28290068 -0.0511064668 -0.377466515 0.0145112524 0.867290428 -0.0163249961 0.497323065
9.548508  3.39062002 -0.058597796 -0.43938547 0.0134593867 0.866346273 -0.0144929783 0.499052036
9.755883  3.49829356 -0.0656810968 -0.500682073 0.013152777 0.864972318 -0.013309387 0.501470592
9.85963  3.5522506 -0.068985178 -0.530820653 0.0133113255 0.864363995 -0.0133278165 0.502513743
10.06727  3.65952018 -0.0760761713 -0.59110797 0.0136044578 0.86432476 -0.0146359516 0.502536981
10.27501  3.76593325 -0.0834779292 -0.651649036 0.0135267457 0.866411379 -0.0170827912 0.498855217
10.37888  3.81908645 -0.0870365954 -0.682628512 0.0134718443 0.868026075 -0.0158562167 0.496082476
10.58651  3.92393176 -0.0943067337 -0.745130867 0.0115466076 0.87113847 -0.0143523148 0.490691811
10.79413  4.02644962 -0.101217113 -0.808094669 0.0135511211 0.873956266 -0.0157447799 0.485560413
10.89801  4.0773596 -0.104953751 -0.839656303 0.0134843019 0.875291231 -0.0168928944 0.483112891
11.00175  4.12796515 -0.108610089 -0.871386005 0.0130068842 0.876349355 -0.0176776677 0.481175778
11.20913  4.22845726 -0.115521129 -0.935772713 0.0113663207 0.878061793 -0.0128803755 0.478238843
11.31289  4.27887019 -0.118705493 -0.968161422 0.00867651404 0.878728756 -0.00858157066 0.477165431
11.41663  4.32846042 -0.121491643 -1.00021529 0.00861847381 0.879193142 -0.00723134467 0.476332708
11.52039  4.37762298 -0.123875739 -1.0319879 0.00980365567 0.879486155 -0.00973882778 0.475723813
11.62401  4.42640325 -0.126645041 -1.06383781 0.0122447335 0.879805331 -0.0121168526 0.475021923
11.83151  4.5238617 -0.132626848 -1.12837794 0.0161674087 0.879883246 -0.010085965 0.47480771
12.03893  4.62154907 -0.138094755 -1.19199189 0.0130310798 0.879595296 -0.00706973276 0.475491667
12.14264  4.67066899 -0.140665241 -1.22346166 0.0101403229 0.879426386 -0.00521030863 0.475898369
12.24638  4.71957936 -0.143099981 -1.25411479 0.00607215899 0.879303826 -0.00661410579 0.47617661
12.35015  4.76852195 -0.145004448 -1.28462364 0.00246427569 0.878895236 -0.00777230137 0.476945158
12.45388  4.81700944 -0.147048139 -1.31593232 0.00365727568 0.878318521 -0.0064127967 0.478018908
12.55763  4.86534114 -0.149285317 -1.34692855 0.00570938974 0.877466411 -0.00600498992 0.479566514
12.66139  4.91396185 -0.151183181 -1.37754878 0.00726157674 0.875934956 -0.00648936796 0.482330914
12.76505  4.96255675 -0.153193162 -1.40795605 0.00942630877 0.873716054 -0.00499047701 0.486319337
12.86876  5.01147279 -0.155546697 -1.43812317 0.0125073677 0.871380622 -0.00284514665 0.490439886
12.9724  5.06080345 -0.157420583 -1.46695133 0.0114234695 0.868528585 -0.00365666242 0.495493926
13.07617  5.11083268 -0.159274374 -1.49492017 0.0102306418 0.865438637 -0.00348005992 0.500898381
13.17993  5.16082922 -0.161260298 -1.52248477 0.00941831185 0.862101967 -0.00166265452 0.506644579
13.28368  5.21120627 -0.163189328 -1.54926293 0.00911939728 0.858883283 -0.00144257214 0.512088138
13.38743  5.26223511 -0.164713202 -1.57536839 0.00911236057 0.855470837 -0.000793633033 0.517770202
13.49113  5.31268038 -0.166537336 -1.60081581 0.00992606373 0.851936858 -0.000508853372 0.523550193
13.59489  5.36379357 -0.168745807 -1.62536437 0.0110698741 0.848415766 -0.00243025893 0.52920907
13.69876  5.41430852 -0.170627955 -1.64914342 0.0147285705 0.844982933 -0.00540967004 0.534563044
13.80249  5.46540556 -0.172730049 -1.67226721 0.0160487032 0.841224144 -0.00764186442 0.540394283
13.90626  5.51734507 -0.175274989 -1.69459093 0.0146375549 0.837811588 -0.00665606047 0.545722624
14.01003  5.56943377 -0.177890561 -1.71639697 0.0131334577 0.834310275 -0.00558659198 0.551110394
14.1138  5.6213054 -0.180532069 -1.7373332 0.0125328462 0.831387944 -0.00713723042 0.555505243
14.21764  5.67322528 -0.18329851 -1.75748346 0.0124675559 0.829270892 -0.011162329 0.558596232
14.32153  5.7255898 -0.186015394 -1.77746979 0.0123253289 0.82769529 -0.0158434884 0.560818667
14.42539  5.77768901 -0.189204675 -1.79728252 0.0121800761 0.826629689 -0.0178043468 0.562332649
14.52926  5.83002888 -0.192601102 -1.81714237 0.011750669 0.825493539 -0.0181821616 0.56399623
14.63312  5.88229254 -0.19591804 -1.83681515 0.0116932598 0.823977934 -0.0183274096 0.566204679
14.73691  5.93500636 -0.199124138 -1.8561517 0.00955128777 0.82230142 -0.0175291008 0.568701925
14.94451  6.04039075 -0.205504305 -1.89396503 0.00698503532 0.818978012 -0.0152578822 0.573579481
15.04826  6.09323476 -0.208343449 -1.91159046 0.00391262281 0.817200452 -0.0180438088 0.576057753
15.25576  6.19845949 -0.214231007 -1.94626237 0.00359503707 0.81313729 -0.0220351617 0.581643598
15.35953  6.25131381 -0.217255143 -1.96368078 0.00522945782 0.810957114 -0.0225745639 0.584646561
15.46328  6.30441897 -0.220200569 -1.98042853 0.00427243904 0.808953298 -0.0221738379 0.587439043
15.56714  6.35790198 -0.223381778 -1.99690605 0.0025660737 0.806833575 -0.0202967698 0.590424456
15.67089  6.41123034 -0.226436653 -2.01292873 0.00127754572 0.804675149 -0.0196053495 0.593390177
15.77464  6.4644521 -0.229238926 -2.02841043 0.00171804499 0.802632313 -0.021673959 0.596077728
15.87839  6.51770439 -0.23217734 -2.04371248 0.00289083955 0.800596083 -0.0223977543 0.59877867
15.98216  6.57103947 -0.235128345 -2.05833503 0.00230900101 0.798475635 -0.023504735 0.601563675
16.08605  6.62487789 -0.238348677 -2.07291273 0.00211677126 0.79629747 -0.0231770787 0.604457345
16.18976  6.67870094 -0.241404661 -2.08741762 0.00340117165 0.793831854 -0.0212916306 0.607754955
16.29351  6.73258036 -0.244472567 -2.10154963 0.00456774215 0.791429867 -0.020584318 0.610896216
16.39726  6.78665225 -0.247478828 -2.11500198 0.00513318355 0.789353861 -0.0202680201 0.613582383
16.50103  6.84058893 -0.250470228 -2.12741683 0.00278660693 0.787177439 -0.0221639992 0.616321889
16.60476  6.89447263 -0.253357297 -2.13949185 0.00101897351 0.785327543 -0.0229943163 0.618652465
16.81239  7.00293755 -0.259319729 -2.16435083 0.00264489249 0.782421094 -0.0212222556 0.622382401
16.91616  7.05748213 -0.262269869 -2.17642182 0.00327990742 0.780900984 -0.0213786267 0.624280265
17.12376  7.16625002 -0.267872999 -2.20064599 0.00700512552 0.777379746 -0.0151111651 0.62881103
17.33141  7.27515515 -0.27355793 -2.22259358 0.00715284624 0.77451133 -0.0153651613 0.632332941
17.43514  7.32940108 -0.27620612 -2.23300756 0.00724244621 0.773324788 -0.0167136223 0.633748353
17.64289  7.43806924 -0.281935837 -2.25352183 0.00562592557 0.772450114 -0.0171280964 0.6348195
17.74664  7.49276051 -0.2844641 -2.2640898 0.00458902252 0.772147283 -0.0148933284 0.635252471
17.85054  7.54710798 -0.287187659 -2.27438512 0.0024975367 0.771832314 -0.0132222738 0.635683736
17.95427  7.60114174 -0.289700635 -2.28459604 0.00212487017 0.771555819 -0.012212892 0.636040838
18.05814  7.65458227 -0.29206207 -2.29464993 0.00353581458 0.771120042 -0.0141201746 0.636523369
18.16189  7.70818889 -0.294368715 -2.30473618 0.00474932609 0.771088684 -0.0155912433 0.636519126
18.26577  7.76164089 -0.296833384 -2.3144494 0.00339757471 0.771085932 -0.0164717464 0.636508934
18.36958  7.81501904 -0.299656409 -2.32431638 0.00250166534 0.770861587 -0.0167741186 0.636776872
18.47338  7.86828247 -0.302332459 -2.33463338 0.00431691274 0.770638196 -0.015247084 0.637075868
18.57716  7.92076919 -0.304686643 -2.34424472 0.00447338238 0.770369393 -0.0169262181 0.637357427
18.68099  7.97386728 -0.307445114 -2.35326926 0.0020128551 0.770385512 -0.0206722619 0.637239962
18.78486  8.02611681 -0.310319637 -2.36223164 0.000551018638 0.770167557 -0.0235055415 0.637408127
18.88852  8.07800575 -0.313220199 -2.37184872 0.00265998358 0.770069433 -0.023809932 0.637510063
18.99237  8.13007626 -0.31632151 -2.3814468 0.00352590557 0.769899794 -0.0235696816 0.637719645
19.09604  8.18180274 -0.319368881 -2.39057079 0.00357291156 0.769370542 -0.0243124702 0.638329936
19.19989  8.23311541 -0.322300173 -2.40032065 0.00617193915 0.768841386 -0.0207271353 0.639073717
19.30352  8.28457081 -0.325280746 -2.41011005 0.00681223721 0.767782331 -0.0174557876 0.640436711
19.40739  8.33593121 -0.328221041 -2.41944045 0.00646517162 0.767215907 -0.0139765578 0.641204031
19.51115  8.38661556 -0.330890779 -2.42825895 0.0069829255 0.766009956 -0.0130791404 0.642657702
19.61477  8.43724765 -0.33371777 -2.43678556 0.00891824485 0.764336967 -0.0146399973 0.644589122
19.82214  8.53765 -0.3386832 -2.45229847 0.0107734473 0.759476555 -0.0154588627 0.650261731
19.92567  8.58847799 -0.341529839 -2.45943733 0.00990640625 0.756361484 -0.0129821848 0.653950022
20.02941  8.63864877 -0.344270586 -2.4661882 0.0108430695 0.752403448 -0.0108067904 0.658524634
20.13289  8.68851158 -0.346660796 -2.47212922 0.0131780141 0.747824548 -0.0102259519 0.663686835
20.34039  8.78826706 -0.351689807 -2.4812545 0.0141247025 0.738427058 -0.00997912874 0.674111555
20.44402  8.83776773 -0.354471261 -2.48477029 0.0150537545 0.733821051 -0.0101867958 0.679099609
20.54777  8.88704931 -0.357542519 -2.48730047 0.0163965746 0.729094954 -0.0134254603 0.684084393
20.65152  8.93534549 -0.360523883 -2.48854611 0.017205747 0.72463878 -0.0191855908 0.688646872
20.75527  8.98343336 -0.363608637 -2.48942367 0.0187827728 0.7197431 -0.0233134149 0.693594667
20.85914  9.03177081 -0.36688085 -2.49007886 0.0190411514 0.715147674 -0.0234803482 0.698319348
20.96289  9.08081419 -0.370504554 -2.48989832 0.0163896661 0.711035552 -0.0233505831 0.702577094
21.17064  9.17667366 -0.378095968 -2.48780699 0.0153398591 0.703969684 -0.0272170441 0.709542533
21.37853  9.27212572 -0.385072635 -2.48507581 0.0172665301 0.700270131 -0.0329867488 0.712906365
21.5864  9.36802649 -0.393215568 -2.48257168 0.0127220238 0.701005745 -0.0311622734 0.712360869
21.79428  9.46309416 -0.400162205 -2.48133088 0.0130441896 0.703118253 -0.0291414575 0.710355789
21.89827  9.50993572 -0.403851683 -2.48091068 0.0136191021 0.704411445 -0.0285406324 0.709087067
22.10615  9.60415063 -0.410733925 -2.48049997 0.0125581702 0.707968947 -0.0288868526 0.705540794
22.21007  9.65100589 -0.414112605 -2.48058233 0.0114403444 0.710060954 -0.0287260941 0.703460995
22.3139  9.69798463 -0.417800016 -2.48135397 0.011276879 0.712176299 -0.0269865985 0.701391099
22.41777  9.74470758 -0.421037003 -2.48216339 0.0110064417 0.714018119 -0.0272979763 0.699508259
22.6254  9.83668182 -0.427809129 -2.48398869 0.0115016413 0.717273811 -0.0294408343 0.696074155
22.72917  9.88216252 -0.431288976 -2.48515918 0.012349898 0.718067352 -0.0301649753 0.69520992
22.93652  9.97330708 -0.437983737 -2.4882829 0.0144870443 0.718478274 -0.0279358816 0.694837162
23.14377  10.0634394 -0.445098602 -2.49039212 0.014436315 0.714590156 -0.0251487495 0.698942087
23.24742  10.1077946 -0.448398891 -2.49065828 0.0157154718 0.71066904 -0.0243432376 0.702929545
23.35102  10.1514192 -0.45150408 -2.49032127 0.0168581036 0.705592434 -0.0233122298 0.708033658
23.45465  10.1954674 -0.454489564 -2.48887224 0.0157704949 0.700202737 -0.0226998924 0.713408812
23.55827  10.2391707 -0.457527545 -2.48624134 0.0123822323 0.694477957 -0.0226350831 0.719051251
23.66202  10.2824185 -0.460263162 -2.48321007 0.00960603524 0.68863368 -0.020649631 0.724751662
23.76565  10.3257548 -0.462703261 -2.47962639 0.00692445484 0.682504942 -0.0180960254 0.73062411
23.8694  10.3686741 -0.464933231 -2.47529614 0.00409714555 0.676099405 -0.015565412 0.736634594
23.97302  10.4109929 -0.466974693 -2.46991585 0.00130788 0.669825882 -0.0141058367 0.742383057
24.07678  10.4526941 -0.468921532 -2.46407384 0.000161888037 0.663135477 -0.0134604266 0.748378333
24.18054  10.4941283 -0.470472218 -2.45771718 0.000218400098 0.656357907 -0.0123802107 0.75434805
24.28416  10.5353379 -0.471753892 -2.4502841 -0.000458864942 0.649743289 -0.0125709853 0.760049616
24.3879  10.5758677 -0.473075064 -2.44206042 -0.00269682924 0.643559516 -0.0136691435 0.765269254
24.49165  10.6162553 -0.474345627 -2.43328411 -0.0049130503 0.637997056 -0.0131676726 0.769910534
24.5954  10.6566877 -0.475525648 -2.42486795 -0.00514478012 0.633221939 -0.0107211348 0.773878908
24.69927  10.6965648 -0.476644713 -2.41610883 -0.00475387764 0.628947196 -0.00957047263 0.777374576
24.80311  10.7357117 -0.477952702 -2.40637814 -0.00503431505 0.624999709 -0.0121018632 0.780514936
24.90678  10.7739053 -0.47924267 -2.39630096 -0.0038043377 0.621346736 -0.0156183718 0.783370811
25.01054  10.811792 -0.480495813 -2.38653628 0.000168945755 0.617587725 -0.0186242286 0.786281445
25.11427  10.8500141 -0.48164897 -2.37701402 0.00479523904 0.614224106 -0.0186280285 0.788897173
25.21804  10.8885344 -0.482835279 -2.36669358 0.00436763828 0.611623524 -0.0177685566 0.790937334
25.42552  10.9669235 -0.485572641 -2.34399951 -0.00597439235 0.607586373 -0.01440519 0.794100495
25.52939  11.0062259 -0.48701199 -2.33262882 -0.0094058172 0.606860669 -0.0119595864 0.794662587
25.63321  11.0450893 -0.488074931 -2.32214189 -0.00828574146 0.606438031 -0.0106132863 0.795016741
25.73702  11.0840069 -0.488766638 -2.31153463 -0.00599640608 0.60591267 -0.0101083329 0.795444342
25.8408  11.1234565 -0.48924342 -2.30066111 -0.0048466765 0.605293045 -0.00892764584 0.795937897
25.94452  11.1629076 -0.48969319 -2.28923454 -0.00656119263 0.604561945 -0.00880280814 0.796482465
26.04815  11.2026783 -0.490352159 -2.27766768 -0.00822054557 0.603434006 -0.0077286063 0.797333112
26.1519  11.2426372 -0.490979461 -2.26587743 -0.0100709524 0.602223683 -0.00591809199 0.798241936
26.35915  11.3226197 -0.49133098 -2.24183238 -0.0109214902 0.597858577 -0.00333690872 0.801520248
26.56661  11.4028673 -0.491648535 -2.21613359 -0.0114588644 0.5904796 -0.000561049069 0.806971016
26.7739  11.4826171 -0.491971546 -2.18778365 -0.0102681337 0.580910397 -0.00312684062 0.813896737
26.98128  11.5627533 -0.491847515 -2.15740349 -0.00883270108 0.570752892 -0.00402661487 0.821064496
27.08502  11.603355 -0.491912101 -2.14126105 -0.00986261907 0.565808515 -0.00281647375 0.824472875
27.29253  11.6841762 -0.492128283 -2.10688878 -0.0121438849 0.555769286 -0.00296639645 0.831242581
27.50002  11.7662297 -0.4915954 -2.06968328 -0.0156702557 0.548319049 -0.00520127388 0.836106219
27.6039  11.8078087 -0.491292023 -2.05083258 -0.0170344862 0.546373451 -0.00429914195 0.837357388
27.81165  11.8925425 -0.490358599 -2.01333083 -0.0151029122 0.545348379 -0.0012336818 0.838072506
27.91552  11.9354553 -0.490156248 -1.99427556 -0.0143346691 0.545847167 -0.000960595109 0.83776158
28.0194  11.9788326 -0.489569276 -1.97535317 -0.0121552673 0.546146381 -0.000278052662 0.837601518
28.12328  12.0228142 -0.488992972 -1.95628051 -0.0115476314 0.546231016 0.00124049886 0.837554053
28.22715  12.0673773 -0.488611124 -1.93695884 -0.0126610612 0.546528784 0.0040291014 0.837334911
28.3309  12.1119156 -0.488194162 -1.91738392 -0.0138157341 0.547065973 0.00501869204 0.836960429
28.43477  12.1567029 -0.487817438 -1.89775913 -0.0145564511 0.547787042 0.00603400937 0.8364694
28.53865  12.2014709 -0.486961302 -1.87808267 -0.0149613124 0.548420935 0.00582977432 0.836048235
28.64242  12.2464477 -0.486129569 -1.85834857 -0.0157290209 0.549284428 0.00545772297 0.835469586
28.74615  12.2914418 -0.485795719 -1.83875533 -0.0155980159 0.55004829 0.00491412203 0.834972713
28.8499  12.3363033 -0.485472662 -1.81952489 -0.0136845398 0.550584727 0.00419369331 0.834656579
28.9538  12.3810521 -0.484838885 -1.80035214 -0.0110647097 0.55088954 0.00233309118 0.834501554
29.05752  12.4259982 -0.484288386 -1.78075191 -0.0106764603 0.551399458 0.000862929195 0.834172588
29.16127  12.4713184 -0.484087638 -1.76122889 -0.0124281624 0.552081122 0.00133396428 0.833696705
29.2649  12.5165488 -0.484004807 -1.74181465 -0.0146338439 0.552569989 0.00167637824 0.833336335
29.36865  12.5614696 -0.483779129 -1.722283 -0.0160083688 0.553717546 0.000217180892 0.832550638
29.47253  12.6066248 -0.483383545 -1.70320946 -0.0172083178 0.555836479 -0.000672202248 0.831113247
29.5763  12.6521471 -0.482722233 -1.68483711 -0.017573473 0.55878079 -0.000254249981 0.829129144
29.68017  12.6973782 -0.48247929 -1.66696523 -0.0174433565 0.562723826 6.97434382e-06 0.826460904
29.7839  12.7429182 -0.482339786 -1.64996631 -0.0156851986 0.567081111 0.000523066208 0.823512425
29.88778  12.7883294 -0.481893648 -1.63333141 -0.0145571152 0.571730499 -0.000837360909 0.820311907
29.99166  12.8340792 -0.481154286 -1.6168623 -0.0156803908 0.576722238 -0.00176884894 0.81678789
30.09553  12.8805844 -0.480627217 -1.60142626 -0.0167601624 0.58142177 0.00226225169 0.81342652
30.19928  12.9273352 -0.480211117 -1.58660986 -0.0185737164 0.585006578 0.00622607248 0.810791932
30.30305  12.9739556 -0.4793125 -1.57153752 -0.0206362811 0.588018775 0.00804284497 0.808543986
30.40678  13.0206341 -0.477995548 -1.5559634 -0.0233276045 0.589837318 0.0065363055 0.80715862
30.5104  13.0674572 -0.476715893 -1.54116707 -0.0236107657 0.590898502 0.0074811336 0.806365628
30.61403  13.1144864 -0.475442891 -1.52640166 -0.0236404106 0.59153668 0.00815710976 0.805890159
30.71778  13.1616647 -0.473990862 -1.51129221 -0.0228912853 0.59196177 0.00744117499 0.805606529
30.82141  13.2087367 -0.472543344 -1.49596829 -0.0234726182 0.592150563 0.00579924806 0.805464534
30.92516  13.2563266 -0.471104962 -1.48068479 -0.0240888418 0.591922076 0.00573204338 0.805614751
31.02878  13.3041404 -0.469709776 -1.46536789 -0.0249538744 0.591201138 0.00593179406 0.806116203
31.13253  13.3522146 -0.468287078 -1.45007505 -0.0251728549 0.590606441 0.00696407162 0.806536956
31.2363  13.4003737 -0.466813812 -1.43488729 -0.0241150455 0.589854932 0.00843448251 0.807105001
31.34005  13.4487487 -0.465062982 -1.41911708 -0.0243144706 0.588573393 0.00921034737 0.80802558
31.44365  13.4973144 -0.463382317 -1.4026826 -0.0257505067 0.586771442 0.00911338207 0.809291747
31.54741  13.5460963 -0.461576841 -1.38582415 -0.0282436778 0.584592653 0.00980761006 0.810775885
31.65103  13.5949953 -0.45949985 -1.36878796 -0.030205575 0.582447703 0.0107040811 0.812236246
31.75479  13.6437388 -0.457481799 -1.35166083 -0.0308519246 0.580617497 0.0103368806 0.813526047
31.85853  13.6922605 -0.455671931 -1.33381365 -0.0311935489 0.578762666 0.00731824503 0.814866358
31.96228  13.7408037 -0.453241586 -1.31569473 -0.0307237122 0.576837214 0.00409300289 0.816270868
32.06603  13.7896814 -0.4510504 -1.2973082 -0.0311238082 0.574831719 0.00198764706 0.817677108
32.16965  13.8388697 -0.449327163 -1.27879483 -0.0321791002 0.572936593 0.0014754121 0.818966415
32.27341  13.8877117 -0.447651817 -1.26003151 -0.0320112925 0.571247219 0.000238678026 0.820153544
32.37715  13.9368466 -0.445772166 -1.24126263 -0.0310344603 0.569483386 -0.000775366361 0.821416419
32.48091  13.9857865 -0.443970499 -1.22214803 -0.0310703363 0.567493848 -0.000924085217 0.822790686
32.58453  14.0348858 -0.442422489 -1.202807 -0.0317338861 0.565502907 -0.000405004373 0.824135461
32.68828  14.0839171 -0.440894904 -1.18358641 -0.0303111454 0.563579617 0.00101579753 0.825504826
32.7919  14.1329136 -0.439317263 -1.16421939 -0.0289775207 0.561667658 0.00192439369 0.826853096
32.89566  14.1814923 -0.437566764 -1.14428927 -0.0285319645 0.559825546 0.000995710715 0.828118526
32.99941  14.2301488 -0.435876536 -1.12351956 -0.0308670898 0.557894262 -0.000320683386 0.829337755
33.10317  14.2790876 -0.434244423 -1.10265849 -0.0323822281 0.555813172 -0.00114837293 0.830675503
33.20678  14.3273858 -0.43298081 -1.08224673 -0.0301080826 0.55398083 -0.000985061913 0.831984238
33.31053  14.3755058 -0.431614626 -1.06159714 -0.0268663632 0.552216011 -0.00275605122 0.833263512
33.41428  14.4234496 -0.429886937 -1.0400238 -0.0267319464 0.550723485 -0.00660043557 0.834233469
33.51817  14.4719248 -0.428329861 -1.01801807 -0.029994156 0.549347068 -0.00800410965 0.835017415
33.62178  14.5207625 -0.426899296 -0.996522085 -0.0343313829 0.548215922 -0.00468913299 0.835618736
33.72553  14.5699301 -0.424806715 -0.97521765 -0.0382483274 0.547385939 0.000105968454 0.836005795
33.82928  14.6188919 -0.422453847 -0.953294453 -0.0424265063 0.546589083 0.00204665888 0.83632301
33.93305  14.6672111 -0.420180251 -0.931389099 -0.0440268205 0.545600315 0.00210966501 0.836885586
34.03666  14.7151153 -0.417495361 -0.909647727 -0.0419310138 0.544332578 0.000862895645 0.83782044
34.14041  14.7627723 -0.414661837 -0.887981669 -0.0388047214 0.542447412 -0.000385028228 0.839192976
34.24403  14.8107678 -0.412243025 -0.865738394 -0.0368421861 0.540436162 -0.00167121949 0.840576359
34.34778  14.8588668 -0.41012899 -0.843235904 -0.0352688672 0.538551432 -0.00160455804 0.841852652
34.45153  14.9069008 -0.407974011 -0.820424607 -0.0340891997 0.536678859 -0.0019621966 0.843095415
34.55516  14.9549483 -0.405652856 -0.797434385 -0.0342661939 0.534887306 -0.00120268223 0.844227429
34.65891  15.0033572 -0.403514475 -0.774010184 -0.0360117773 0.533315032 0.00080428284 0.845149444
34.76253  15.0515515 -0.401210294 -0.750643628 -0.0378982142 0.531922374 0.0031838369 0.845938636
34.97003  15.1487035 -0.39538151 -0.703158191 -0.0415842639 0.529783519 0.00728430423 0.847081526
35.17756  15.2458108 -0.388999287 -0.655145445 -0.0446191019 0.528235655 0.00978314255 0.84786822
35.28128  15.2931317 -0.386033125 -0.630392028 -0.0434868857 0.527467923 0.00378699714 0.848452792
35.38505  15.340621 -0.383124734 -0.606304767 -0.0378685156 0.527132451 -0.000597447993 0.848938748
35.48866  15.3885766 -0.380010888 -0.582232606 -0.0342378238 0.526731306 -0.00281879146 0.849337363
35.59241  15.437442 -0.377530833 -0.557723923 -0.035219453 0.526848236 -0.00205462305 0.849226886
35.69616  15.486292 -0.375303573 -0.53272291 -0.0380607676 0.526677378 -0.000624473308 0.849212534
35.79978  15.5350472 -0.373084545 -0.508388749 -0.038157588 0.525992086 0.000273795541 0.849633008
35.90353  15.5836238 -0.370434706 -0.484102422 -0.0367223558 0.525510655 0.00127116662 0.849993179
36.00718  15.6325519 -0.367825671 -0.459786659 -0.0358801448 0.524879433 0.00305697963 0.850414517
36.11091  15.6815357 -0.365383805 -0.434961648 -0.0379513761 0.524187767 0.00437254508 0.850745414
36.21453  15.7304614 -0.362850737 -0.409795564 -0.0396203029 0.523724173 0.00456663199 0.850953799
36.31829  15.7787211 -0.36006678 -0.384600728 -0.0398286246 0.523225514 0.00371206861 0.851254934
36.42204  15.8274671 -0.357375471 -0.359704003 -0.0377120186 0.522720601 0.00312831265 0.851663778
36.52578  15.8763424 -0.354596888 -0.334538298 -0.0368452581 0.521979433 0.00290260983 0.852156953
36.62953  15.9251321 -0.351762843 -0.309299212 -0.0368932459 0.521092974 0.00461724809 0.852689675
36.73328  15.97445 -0.349167765 -0.283611569 -0.0382480727 0.519433061 0.00544605622 0.853637347
36.83704  16.0234788 -0.346383451 -0.257691155 -0.0390376418 0.517640939 0.00626386418 0.854683968
36.94079  16.0722549 -0.343338065 -0.231685657 -0.0380290069 0.515598298 0.00700552862 0.855957425
37.04454  16.120827 -0.340476994 -0.205226848 -0.0378004602 0.513626732 0.00600746313 0.857159621
37.14829  16.1689778 -0.337753854 -0.177881821 -0.037605961 0.511628799 0.0032584061 0.858377042
37.35566  16.2654501 -0.332522812 -0.124167861 -0.0336727228 0.505537208 0.00363949379 0.862139799
37.45941  16.3135111 -0.33007752 -0.0965055523 -0.0321463901 0.501254059 0.00523158983 0.864687
37.66666  16.4083564 -0.325391249 -0.0395448807 -0.0302617297 0.48975905 0.00879564746 0.871288091
37.77028  16.4548846 -0.322789987 -0.00921483153 -0.0314345699 0.483025278 0.00897399879 0.874995952
37.87404  16.5012845 -0.320172188 0.0215463133 -0.0331769254 0.476199031 0.0106552095 0.878646824
37.97779  16.5470282 -0.317528131 0.0531502365 -0.0353693725 0.469549817 0.0109513888 0.882129267
38.08153  16.5920729 -0.314759299 0.0856147049 -0.0367910456 0.463939586 0.00906546169 0.885056098
38.18528  16.636658 -0.311768573 0.118703838 -0.0370997243 0.459243744 0.00567916542 0.887517065
38.28916  16.6813667 -0.30877183 0.151986803 -0.0372570738 0.456108913 0.00309894152 0.889138328
38.39316  16.7262882 -0.305950993 0.185543444 -0.0384112166 0.455135434 0.000316230175 0.889593287
38.49716  16.7710608 -0.303405693 0.218863457 -0.0392164555 0.456778168 -0.00383085455 0.888707545
38.60116  16.8159088 -0.300930612 0.251605624 -0.038986868 0.460568565 -0.00795781944 0.886731805
38.70516  16.8613377 -0.298468982 0.283214449 -0.0375803654 0.465554563 -0.0103088982 0.884160841
38.80929  16.9076746 -0.296220719 0.313664714 -0.0352701444 0.471264765 -0.00820335531 0.881248117
38.91329  16.9548062 -0.294169328 0.343901048 -0.0359836288 0.476499485 -0.00693413691 0.878410688
39.01716  17.0019187 -0.292095755 0.374291534 -0.0372520889 0.481597583 -0.00850401542 0.875559097
39.12116  17.0495351 -0.290132792 0.403562881 -0.0371220024 0.486390331 -0.00704484652 0.872924266
39.22504  17.0974632 -0.287993076 0.431882855 -0.0349429102 0.490682582 -0.00583060883 0.870617942
39.32891  17.1455362 -0.285965312 0.459999934 -0.0336191656 0.495180652 -0.00515160576 0.868124032
39.43266  17.193627 -0.284138856 0.488302138 -0.0332532763 0.498856883 -0.00647663351 0.866021988
39.53641  17.2422654 -0.282071229 0.516389533 -0.0348335901 0.502023924 -0.00720146488 0.864121947
39.64016  17.2916587 -0.279791983 0.544553106 -0.0376399439 0.504611993 -0.00724096816 0.86249495
39.74382  17.3409999 -0.27753845 0.572282141 -0.0407842689 0.50710137 -0.00645663373 0.860896716
39.84756  17.3907355 -0.27508135 0.599699031 -0.0422431149 0.509142964 -0.00518651681 0.859629026
39.95129  17.4401154 -0.272472853 0.627214891 -0.0422745119 0.510506927 -0.00749527293 0.85880112
40.05504  17.4890448 -0.270373002 0.654703859 -0.0403871737 0.511651337 -0.0119701285 0.858159951
40.15866  17.5382078 -0.268370502 0.681754873 -0.0354718022 0.512336817 -0.0159228216 0.857903958
40.26242  17.5879892 -0.266375069 0.708805528 -0.0319839508 0.513020339 -0.0176680422 0.85759839
40.36616  17.6385689 -0.26479052 0.736305882 -0.0328793323 0.513648155 -0.018232807 0.857176812
40.46991  17.6895912 -0.263566442 0.764164711 -0.0349774958 0.514166969 -0.0177140018 0.856793509
40.57354  17.7408044 -0.261963892 0.791662681 -0.0355664748 0.514146018 -0.0162967666 0.856809964
40.67728  17.7927997 -0.260105083 0.819366865 -0.0353925433 0.513839449 -0.0144180439 0.857034718
40.78104  17.8440579 -0.258403401 0.847272106 -0.0366221319 0.513055477 -0.0135236256 0.857467206
40.88479  17.8953645 -0.256696573 0.875438782 -0.0365172423 0.511390453 -0.0128209828 0.85847651
40.98841  17.9467177 -0.254589025 0.903905339 -0.0365859045 0.509334049 -0.0128313118 0.859695095
41.09217  17.9981657 -0.252561915 0.932967705 -0.0367621865 0.507567261 -0.0131618229 0.860726893
41.19579  18.0494712 -0.250671283 0.962635709 -0.0379333793 0.505804846 -0.0145271454 0.861691058
41.29942  18.1008258 -0.248744248 0.992267811 -0.0370258198 0.503739345 -0.0152775353 0.862926624
41.40316  18.152301 -0.246811286 1.02164694 -0.0344851129 0.501587719 -0.014326602 0.86430046
41.50679  18.2037795 -0.245258082 1.05172041 -0.0320221181 0.498915278 -0.0143100088 0.865940733
41.61054  18.25515 -0.24357604 1.08239483 -0.030802157 0.495650002 -0.0142227968 0.867859444
41.71417  18.3066448 -0.2417844 1.11400934 -0.0317648129 0.491775757 -0.0142270689 0.870025972
41.81792  18.3581082 -0.240119168 1.14650889 -0.0350421327 0.488298511 -0.0138334623 0.87186309
41.92154  18.40965 -0.237998524 1.17977601 -0.0388399775 0.484796236 -0.0136705885 0.873657359
42.0253  18.4611134 -0.235383728 1.21363238 -0.0426945681 0.481263628 -0.0138269029 0.875426359
42.12892  18.5124574 -0.232786615 1.24768865 -0.0445240908 0.47760577 -0.0133985175 0.877343042
42.23267  18.5634182 -0.230174896 1.28187394 -0.0430165614 0.473591276 -0.0140462861 0.87958148
42.33629  18.6140711 -0.227369553 1.31656702 -0.039506338 0.469707952 -0.0151771985 0.881806862
42.44004  18.6645701 -0.225120294 1.35176017 -0.0357191458 0.465634228 -0.0169834797 0.884093021
42.54379  18.7151363 -0.223283086 1.38721026 -0.0318105767 0.461931234 -0.0162435368 0.886196237
42.64742  18.7660812 -0.221473596 1.42349021 -0.028390358 0.458199875 -0.0145576357 0.888276386
42.75118  18.8170587 -0.21995608 1.46002205 -0.0271751201 0.454699822 -0.0104495077 0.890168744
42.85479  18.8679498 -0.218401864 1.49750752 -0.0287365011 0.4505162 -0.00745196958 0.892274529
42.95854  18.9189933 -0.216475336 1.53578707 -0.0309489706 0.446404215 -0.00369604429 0.89428842
43.06229  18.9695054 -0.214237811 1.57465271 -0.0325636877 0.442442404 -0.00184932447 0.896203607
43.16606  19.0195587 -0.211709259 1.61435049 -0.0338248469 0.438881878 -0.00163315733 0.897906404
43.26979  19.0691659 -0.209044874 1.65487974 -0.0351088272 0.435058791 -0.00368535604 0.899709752
43.37356  19.1189579 -0.206103085 1.69611701 -0.0370612894 0.431628736 -0.00513543364 0.901275054
43.47733  19.1688025 -0.203205478 1.73709776 -0.0376876607 0.429011491 -0.00345572184 0.902505866
43.58104  19.218462 -0.200474041 1.77846086 -0.0373713313 0.426549232 -0.00374589387 0.903684184
43.68494  19.2680519 -0.197387761 1.82000193 -0.034724364 0.424072836 -0.00396108148 0.904953457
43.78869  19.3173304 -0.194660552 1.8618209 -0.0328020453 0.421118187 -0.00420322521 0.906402687
43.89243  19.3666972 -0.191780591 1.90442809 -0.0328410971 0.418715383 -0.00399346957 0.907514706
43.99606  19.4158804 -0.189023632 1.94801814 -0.0358328551 0.41636273 -0.00482848416 0.908479372
44.09996  19.4650992 -0.18622828 1.99176672 -0.0384775196 0.413995843 -0.00411267107 0.909455886
44.20356  19.5139975 -0.183092453 2.03528283 -0.0379137456 0.411368595 -0.00449861434 0.910669089
44.3073  19.5624163 -0.180126927 2.0793571 -0.0366356171 0.408850081 -0.00650522633 0.911842709
44.41104  19.6106923 -0.177281958 2.123534 -0.0337011885 0.406199617 -0.00702937286 0.913135635
44.51479  19.659329 -0.174620505 2.16765164 -0.0323078163 0.403674489 -0.00462881323 0.914320341
44.61854  19.7079308 -0.172129377 2.21218965 -0.0317491852 0.401120737 -0.00221252601 0.915472145
44.72233  19.7560553 -0.169690552 2.25686005 -0.0308212201 0.398482985 0.000539931665 0.916657554
44.82616  19.8038582 -0.166991249 2.30188339 -0.0296699537 0.395332039 0.00237469814 0.918055899
44.92979  19.8518806 -0.164307697 2.34724398 -0.0286112121 0.392626116 0.00602624056 0.919233276
45.03354  19.8988702 -0.161782801 2.39321759 -0.0303077932 0.390056034 0.00543839801 0.920276128
45.13734  19.9454115 -0.159177346 2.43938405 -0.0303998547 0.388047817 0.00565368859 0.921120392
45.24104  19.9918999 -0.156467278 2.48579271 -0.029481752 0.385391847 0.00509691973 0.922267842
45.34481  20.0376746 -0.153821831 2.53235119 -0.0300345132 0.382970617 0.00379165341 0.923264349
45.44854  20.0837819 -0.151107391 2.5785994 -0.028649458 0.380468222 0.00661779653 0.924326428
45.55229  20.12968 -0.148583766 2.62581202 -0.0304907377 0.377529665 0.00609931364 0.925475265
45.65617  20.1746049 -0.145955397 2.67281138 -0.0287692682 0.375276326 0.00635794615 0.926444593
45.75992  20.219842 -0.142944631 2.71980454 -0.0285117406 0.372648422 0.00834876917 0.927496918
45.86367  20.2643022 -0.140212983 2.76784655 -0.0306007803 0.370567685 0.00662556135 0.928277591
45.96742  20.3085247 -0.137478113 2.81628067 -0.0332453302 0.368829848 0.0048974821 0.928889286
46.07129  20.3526789 -0.134187921 2.86431591 -0.0337437444 0.367025336 0.00461464005 0.929587257
46.17505  20.3972156 -0.130690681 2.91226232 -0.0361064071 0.36582069 0.00669740168 0.929960588
46.27879  20.4414206 -0.127780928 2.96031734 -0.0364208173 0.364532761 0.00554573612 0.930461517
46.38267  20.4846918 -0.124547263 3.00809179 -0.0339871234 0.363566692 0.00495657851 0.930934782
46.48654  20.5283192 -0.121418333 3.0556896 -0.0297620584 0.363140518 0.00433572369 0.931248831
46.59042  20.5721643 -0.118552622 3.1037712 -0.029875313 0.363474317 0.0045524543 0.931113936
46.69417  20.6164682 -0.115737888 3.15212687 -0.0311630365 0.364045902 0.00443610036 0.93084895
46.79805  20.6610767 -0.112628996 3.20078775 -0.0336222071 0.364953715 0.00513073643 0.930404218
46.90192  20.7058891 -0.109495493 3.24928493 -0.0341904561 0.366585664 0.00540200414 0.929740169
47.0058  20.7511415 -0.106281148 3.29736608 -0.0342510106 0.368967674 0.00500166808 0.928797452
47.10967  20.7959943 -0.103235761 3.34546066 -0.0329501299 0.371882928 0.00194211395 0.927692624
47.21356  20.8416436 -0.100283086 3.39324022 -0.0314349299 0.375248808 0.000516842909 0.926390798
47.31742  20.8881174 -0.0974871999 3.44062066 -0.0301869942 0.378675661 0.000276255756 0.925036979
47.42117  20.9352892 -0.0947668424 3.48809479 -0.0307880129 0.382578662 2.31514606e-05 0.923409803
47.52505  20.9829161 -0.0922063615 3.53525282 -0.0306018116 0.386311144 0.000224938929 0.921860715
47.6288  21.0310079 -0.0892434045 3.58251963 -0.0329834601 0.389983339 -0.000616391228 0.92023079
47.73267  21.0800091 -0.0860332352 3.629526 -0.0363551586 0.394047738 3.9484633e-05 0.918370667
47.83644  21.1292666 -0.0827729253 3.6763713 -0.0400082459 0.398217662 -0.00030059421 0.916417996
47.94017  21.1786153 -0.0793171954 3.72252442 -0.0387996827 0.402315589 -0.00218224159 0.914675893
48.04392  21.2283874 -0.0758608808 3.76798096 -0.0356545286 0.405819378 -0.00388186259 0.913249319
48.14769  21.2791422 -0.0728000474 3.81328892 -0.0328613149 0.40920431 -0.00449664184 0.911839759
48.25142  21.3306722 -0.0699714952 3.85850825 -0.0326655902 0.412545918 -0.00332311592 0.91034487
48.35505  21.3827261 -0.0671969503 3.90388048 -0.0338705444 0.415664802 -0.00294817686 0.908882207
48.4588  21.435193 -0.0642808106 3.94908304 -0.0345602329 0.418556278 -0.00263981587 0.907529208
48.56255  21.4881179 -0.0611623705 3.99397965 -0.0349386149 0.421146919 -0.00208389731 0.906316845
48.66619  21.5414231 -0.0580385322 4.03900149 -0.0360425704 0.42366275 -0.00261063177 0.905098885
48.76994  21.5950591 -0.0549626112 4.08414465 -0.0373023845 0.426173219 -0.00391583235 0.903863699
48.87355  21.6489669 -0.0516085875 4.12891745 -0.0378212949 0.428368793 -0.00491220224 0.902798758
48.9773  21.7034213 -0.0483536364 4.17368286 -0.0382787213 0.430472955 -0.00592022258 0.901771992
49.08093  21.7581971 -0.0452293313 4.21815438 -0.0382504461 0.432547858 -0.00680716833 0.90077351
49.18467  21.8132942 -0.0420032826 4.2626328 -0.0385670384 0.434543479 -0.00776390885 0.899791237
49.28832  21.8690015 -0.0388627142 4.30677868 -0.0380908132 0.436378585 -0.00701836895 0.89892912
49.39205  21.9249676 -0.0357329846 4.35093645 -0.0386873422 0.438059575 -0.00714779672 0.898084633
49.4958  21.9809959 -0.0325285578 4.39491687 -0.0388195045 0.439827113 -0.00698757809 0.897215877
49.59942  22.0373085 -0.0292991191 4.4388387 -0.0400952529 0.441342059 -0.00789810336 0.896407931
49.70317  22.0938167 -0.0260316546 4.48257798 -0.0410263087 0.443180845 -0.00817984824 0.895455566
49.8068  22.1502618 -0.0228329429 4.52617641 -0.0411077252 0.444849793 -0.00914389995 0.894614557
49.91055  22.2069161 -0.0196561145 4.5692315 -0.0398770727 0.44655835 -0.00987168046 0.893810947
50.01417  22.2639031 -0.0163990736 4.61218196 -0.0396377168 0.447638386 -0.00950122307 0.893285203
50.11799  22.3213706 -0.0130386653 4.6550426 -0.0408958138 0.448196376 -0.00657153101 0.892975003
50.22158  22.3793186 -0.00942771416 4.69786945 -0.0436476565 0.44854412 -0.00285982959 0.892689686
50.3253  22.4370256 -0.00544460807 4.74086617 -0.0455673217 0.448960328 -0.00101745544 0.892388485
50.42899  22.4943855 -0.00143491666 4.7838442 -0.0445166534 0.449397193 -0.000769043781 0.892221855
50.53269  22.5514303 0.00250703701 4.826061 -0.0410463222 0.449696198 -0.001496511 0.892236678
50.63645  22.6085782 0.00619311106 4.86860231 -0.0373637431 0.450119718 -0.00235157145 0.892183087
50.74021  22.6661603 0.00956159091 4.91095964 -0.0355879861 0.450676185 -0.00165014907 0.891976316
50.84399  22.7236744 0.0127321149 4.95338614 -0.0358295219 0.451273304 8.91883881e-05 0.891666217
50.9476  22.7819837 0.0160841195 4.99591877 -0.0368664377 0.451796984 0.00269396182 0.891354639
51.0512  22.8402724 0.0196246228 5.03846667 -0.0379274765 0.452174124 0.00499297618 0.891108937
51.15495  22.8981352 0.023404616 5.08086925 -0.0388469604 0.452440259 0.00656261662 0.890924047
51.25856  22.956176 0.0272608659 5.12337481 -0.0389045497 0.452586384 0.00733058966 0.890841323
51.36231  23.0138727 0.0310340927 5.16554824 -0.0374677576 0.452586414 0.00725425346 0.890903519
51.46593  23.0716448 0.0349295781 5.20795658 -0.0359854669 0.452496143 0.00736617895 0.891009555
51.56968  23.1296039 0.0387684315 5.2505696 -0.0359752318 0.452412767 0.00783520463 0.891048304
51.67332  23.1877975 0.0425425387 5.29314736 -0.0369756292 0.452535843 0.00953139136 0.890928317
51.77693  23.2461961 0.0464869062 5.33588773 -0.0372744707 0.452731619 0.0100730666 0.890810433
51.88067  23.3037811 0.0502941719 5.37810774 -0.0361494621 0.453043146 0.0101112236 0.890697978
51.9843  23.3618378 0.054315627 5.42060039 -0.0351583704 0.45330624 0.010204751 0.89060272
52.08805  23.4199326 0.0581200188 5.46297209 -0.035160628 0.453500994 0.0110228594 0.890493725
52.19167  23.4779464 0.0618722254 5.50549502 -0.0359234842 0.453524539 0.0119167727 0.890439771
52.29543  23.5358974 0.0658523337 5.54765544 -0.0357784843 0.453396742 0.0135559637 0.890487243
52.39917  23.5942855 0.0699906137 5.58989555 -0.0353993085 0.453178057 0.0155812051 0.890580577
52.50293  23.6521028 0.0740788604 5.63174138 -0.0347045848 0.452970794 0.0183810444 0.890659974
52.60668  23.7099629 0.0782271322 5.67346322 -0.0341842487 0.45261521 0.0216922509 0.890786369
52.71043  23.7678304 0.0825132037 5.71489592 -0.0326207304 0.45226172 0.0250839303 0.890935475
52.81418  23.8249819 0.0867749211 5.75661522 -0.0332291409 0.451638402 0.0266654525 0.89118322
52.91793  23.8818297 0.0912990377 5.79828856 -0.0328837395 0.451079311 0.0282178207 0.89143136
53.02168  23.9380053 0.0958165917 5.83978901 -0.033505898 0.450393107 0.0294832875 0.891714158
53.12543  23.9933741 0.10013667 5.88097616 -0.0334134372 0.44971548 0.0298216905 0.892048315
53.22918  24.0482376 0.104572937 5.92181153 -0.0332608264 0.448979362 0.0305655396 0.892399573
53.33293  24.1023263 0.108901497 5.96229667 -0.0332507273 0.448208857 0.0313750599 0.892759103
53.43655  24.1557157 0.113285744 6.00244008 -0.0343962939 0.447464453 0.0320101849 0.893066518
53.5403  24.2081964 0.117792105 6.04222309 -0.0368582924 0.446962461 0.0322425129 0.89321131
53.64405  24.2591952 0.122444333 6.08139414 -0.0408569324 0.446800743 0.0317319727 0.893136545
53.7478  24.309858 0.127333398 6.12052434 -0.0452194257 0.446849921 0.0299319235 0.892963847
53.85155  24.3592098 0.132338432 6.1587642 -0.0479961136 0.447053091 0.0275508138 0.892793851
53.9553  24.4074485 0.137670514 6.19606251 -0.0502097702 0.447322847 0.0250387655 0.892610951
54.05905  24.4549983 0.14289036 6.23275814 -0.0517207103 0.447658059 0.0222047892 0.89243161
54.1628  24.5017247 0.147948393 6.26844403 -0.0522406788 0.448149426 0.0204683426 0.892196195
54.26655  24.5476584 0.152927224 6.30308072 -0.0517106369 0.448460281 0.0194397134 0.892093876
54.37018  24.592792 0.157812295 6.33695178 -0.05080032 0.448810614 0.0192548703 0.891973996
54.47393  24.6374424 0.162554707 6.37027033 -0.0505105226 0.449094171 0.0196964029 0.891838082
54.57757  24.6817598 0.167181666 6.40328117 -0.0504972585 0.449378017 0.0191703991 0.891707307
54.68131  24.7250623 0.171606461 6.43554604 -0.0505685967 0.450216031 0.0188532214 0.891287215
54.78506  24.7679254 0.176152751 6.46718169 -0.0511494596 0.451897618 0.018441159 0.890411253
54.8888  24.8104293 0.180678676 6.49845237 -0.0528141759 0.454407291 0.0168831409 0.889066722
54.99268  24.8522563 0.184966348 6.52844047 -0.0534862894 0.457604682 0.0169806507 0.887383136
55.09643  24.8936718 0.189087141 6.55785175 -0.0538990096 0.46062374 0.0152029281 0.885827036
55.20018  24.9345154 0.193021976 6.58639766 -0.0519548733 0.463909673 0.0129167309 0.884263346
55.30405  24.975558 0.197114626 6.61478448 -0.0503662459 0.467578748 0.00993530051 0.88245943
55.40781  25.017393 0.201283089 6.64255162 -0.0493385057 0.472051873 0.00873298986 0.880145713
55.51168  25.0599387 0.205514087 6.67009463 -0.0505192953 0.477375827 0.00824155132 0.877207044
55.61543  25.1034471 0.209688884 6.6978162 -0.0545016291 0.482653138 0.00853386296 0.874072477
55.71918  25.1476669 0.214026758 6.72487686 -0.0569156667 0.487567663 0.00967003957 0.871174421
55.82293  25.1925308 0.218535688 6.75142618 -0.058663837 0.492578711 0.0108504966 0.868220614
55.92668  25.2379931 0.223288597 6.77747685 -0.0590374509 0.497448757 0.0117293993 0.865402643
56.03043  25.2836519 0.228054091 6.80318341 -0.0577199874 0.502102759 0.0123915764 0.86279063
56.13405  25.3297997 0.232513265 6.82830242 -0.0546286095 0.50589744 0.0131942942 0.860760946
56.2378  25.376535 0.237134508 6.85303381 -0.0511849079 0.509227278 0.0143001572 0.858989633
56.34158  25.4238911 0.241843452 6.87783224 -0.0488128827 0.511988436 0.0166016901 0.8574436
56.44535  25.4722178 0.246809541 6.90295546 -0.0494006269 0.514398633 0.0199997202 0.855893472
56.54907  25.5217171 0.252206518 6.92836553 -0.0548457306 0.516483153 0.0251439696 0.854169116
56.65294  25.5715753 0.258178376 6.95440697 -0.0623748679 0.518176706 0.0283113653 0.852526095
56.75668  25.6216564 0.264480545 6.98045816 -0.0691765004 0.520326448 0.0310392249 0.850594831
56.86044  25.6716955 0.271350431 7.0056887 -0.0701422713 0.522804693 0.0321468309 0.848953412
56.96428  25.7220312 0.278826435 7.03101605 -0.0701658797 0.525303593 0.0308899288 0.847454244
57.06806  25.7729518 0.286430798 7.05595843 -0.0694212618 0.528079 0.0308549456 0.8457903
57.17189  25.8248093 0.294106782 7.08052864 -0.0700188406 0.53067676 0.0338786851 0.843997496
57.27556  25.8769722 0.301991418 7.10485592 -0.0715127685 0.53336628 0.0366672926 0.842058101
57.37933  25.929261 0.309875194 7.12867666 -0.0718955934 0.536158806 0.0397958381 0.840107761
57.48306  25.9812924 0.317920822 7.15204511 -0.0716600616 0.538541112 0.0415128423 0.838519523
57.58681  26.0328316 0.325938409 7.174996 -0.0704291399 0.541224418 0.041830841 0.836878752
57.69056  26.0841659 0.333928488 7.19761096 -0.0699787211 0.543955994 0.0418019684 0.835145167
57.7943  26.1353949 0.341842491 7.2199607 -0.0703293927 0.54686792 0.0415114485 0.833226292
57.8982  26.1862606 0.349473963 7.24173282 -0.0710611232 0.550502246 0.0410315386 0.830791193
58.00193  26.2372029 0.357040726 7.26258956 -0.0708203164 0.554593067 0.0413799248 0.828069269
58.10581  26.2875808 0.364570356 7.2823414 -0.0702461447 0.559052658 0.0420316739 0.825081174
58.20968  26.3376735 0.372077022 7.30139941 -0.0703216849 0.563559099 0.042366228 0.821986074
58.31344  26.3873355 0.37955297 7.31989741 -0.0712048573 0.567812708 0.0425804947 0.818966115
58.41731  26.4359975 0.386538375 7.33707234 -0.069457803 0.572329228 0.0430659458 0.815941292
58.52106  26.4847319 0.393311475 7.35377719 -0.0674429903 0.576836362 0.0416154719 0.813006401
58.62493  26.5329801 0.400025732 7.37032314 -0.065251853 0.582088451 0.0365114602 0.809680273
58.72868  26.5811244 0.40664638 7.38638867 -0.064527742 0.588073129 0.0311017592 0.805629472
58.83268  26.6300259 0.412773469 7.40104817 -0.0628607332 0.59499004 0.0282915198 0.800771484
58.93658  26.6788016 0.418438386 7.41413988 -0.060710356 0.602958107 0.0280826132 0.79496361
59.04043  26.7284687 0.42388521 7.42597383 -0.0581466703 0.61133348 0.0275842549 0.78875183
59.14431  26.7785062 0.42908765 7.43667941 -0.0540665779 0.619878617 0.0271755913 0.782361037
59.24819  26.8292455 0.43390109 7.446324 -0.0494921618 0.628174999 0.0269346208 0.776029138
59.35206  26.880344 0.438595518 7.45483664 -0.0451428833 0.636228196 0.0279942147 0.769670141
59.45581  26.9330523 0.443522587 7.46284127 -0.0435969778 0.643702276 0.0289241047 0.763485481
59.55956  26.9865987 0.448594984 7.47046559 -0.0447808118 0.650534927 0.0307430874 0.757531419
59.66331  27.0408595 0.453722809 7.47770273 -0.0485357392 0.656169198 0.0328882919 0.752332789
59.76694  27.095521 0.459001051 7.48385539 -0.0507550691 0.660981726 0.0371135196 0.747763109
59.87068  27.1502494 0.464618663 7.48985235 -0.0527426846 0.66457382 0.0391139927 0.744331876
59.97431  27.2053557 0.470497962 7.49603867 -0.0544903311 0.667552264 0.0387430926 0.741554955
60.07808  27.2609911 0.476706387 7.50190472 -0.056917272 0.6703359 0.0380945985 0.738890389
60.1818  27.3169439 0.483326371 7.50697118 -0.0587807994 0.673130419 0.0394112473 0.736129751
60.28556  27.3721291 0.489722357 7.51210093 -0.0617764669 0.675570305 0.0378765009 0.733725971
60.38931  27.4268502 0.495162095 7.51772584 -0.0626978401 0.678039246 0.0288978677 0.731776383
60.49306  27.4811595 0.500652005 7.52252368 -0.0577466151 0.680464518 0.0199411216 0.730229909
60.59681  27.5362796 0.506483488 7.52605768 -0.0514300785 0.682125608 0.0150796334 0.729268268
60.70058  27.5926952 0.51180886 7.53028008 -0.0535661768 0.683506404 0.0126552671 0.727866406
60.80418  27.650535 0.516652523 7.53532607 -0.0604752609 0.683547654 0.013510492 0.727270798
60.90796  27.7078045 0.521272331 7.53946816 -0.0630737009 0.682805961 0.0148565263 0.727720421
61.0116  27.7633768 0.524931677 7.54398553 -0.0585999744 0.681882144 0.00792824266 0.729067848
61.11533  27.8177253 0.528507011 7.54851487 -0.0502745915 0.680812511 -0.0012617319 0.730729224
61.21894  27.8723737 0.53239058 7.55318373 -0.0438536928 0.678706697 -0.00852212079 0.733049416
61.32269  27.9275725 0.535461898 7.55840561 -0.0456092504 0.677022102 -0.00940020205 0.734487921
61.42643  27.9833912 0.537677599 7.56435037 -0.0519352919 0.675849118 -0.00663089443 0.735178024
61.53019  28.0381068 0.539770111 7.56999791 -0.0551748258 0.674884413 -0.00458614039 0.735843554
61.63382  28.0912606 0.542103698 7.5748788 -0.0518363673 0.674052683 -0.00400482833 0.736851364
61.7376  28.1433399 0.544547648 7.57974387 -0.0466754646 0.672930781 -0.00592945328 0.738207564
61.84131  28.1976693 0.546488084 7.58396334 -0.0430904244 0.672028005 -0.00673045031 0.739240338
61.94506  28.2479876 0.548166298 7.58924581 -0.0415446721 0.671202148 -0.00631265497 0.740082338
62.04884  28.2982028 0.549564293 7.59408104 -0.0386468423 0.671094802 -0.0063096967 0.740336664
62.15261  28.3481032 0.550928194 7.59920106 -0.0364698976 0.671333722 -0.00851009125 0.740208456
62.2564  28.3973352 0.552079326 7.60462613 -0.0355544319 0.671590486 -0.0108935574 0.739988805
62.36006  28.4460964 0.553158029 7.61011719 -0.0361103308 0.672242747 -0.0141036408 0.739315102
62.46396  28.4946313 0.553705289 7.61514299 -0.0369046235 0.674578136 -0.0166388404 0.737092624
62.56793  28.5426149 0.553990315 7.61936624 -0.0378967141 0.679316358 -0.0187745792 0.732625853
62.67181  28.5901147 0.554320327 7.62231388 -0.0379629974 0.685447374 -0.0204229035 0.726844972
62.77581  28.6403436 0.554712035 7.62267941 -0.0365700327 0.692201324 -0.0202310343 0.720493348
62.87983  28.6849064 0.554634692 7.62348041 -0.0352165208 0.699013357 -0.0186022579 0.713998655
62.98369  28.7289336 0.554446155 7.6231848 -0.0338537483 0.705374877 -0.0179926153 0.707796914
63.08756  28.7717062 0.554170946 7.62202651 -0.0321915811 0.711580597 -0.0174907844 0.70164865
63.19144  28.8131817 0.553996335 7.62026971 -0.0316190285 0.717722886 -0.0174081168 0.695392733
63.29544  28.8532034 0.553918339 7.61797941 -0.0326081883 0.723890885 -0.0180049256 0.688908206
63.39931  28.8915411 0.553700047 7.6152139 -0.0340488366 0.730407045 -0.018405457 0.681914558
63.50319  28.9301419 0.553034077 7.61024517 -0.0330941083 0.736879568 -0.0180149091 0.674973144
63.71081  28.9951127 0.550934144 7.6008254 -0.023661015 0.74793866 -0.0197744073 0.663051197
63.91844  29.0527944 0.549330456 7.59119319 -0.0146047196 0.756947769 -0.0248563156 0.652839138
64.12596  29.1050304 0.547920701 7.58239589 -0.0117914774 0.763494058 -0.0296426052 0.645026434
64.33331  29.1543199 0.54503265 7.57250452 -0.00680244844 0.768536759 -0.0258409538 0.639247388
64.64444  29.2163919 0.541609306 7.55937449 -0.00846114209 0.773396355 -0.0236427626 0.633425218
64.95531  29.2651125 0.539408838 7.54973243 -0.0117520668 0.776251102 -0.0250972359 0.629814452
65.37006  29.3112151 0.536315484 7.53898717 -0.00590349977 0.776425732 -0.0251982969 0.629677121
65.78481  29.3554113 0.534657274 7.52853951 -0.000502762932 0.771240857 -0.016783513 0.636321932
66.19969  29.3997431 0.532606115 7.52296273 -0.00220234341 0.764703133 -0.0219543179 0.644004873
66.51069  29.4454933 0.532027575 7.52070287 -0.00916786439 0.757810655 -0.0251003265 0.651927093
66.82169  29.4972458 0.529311462 7.51428713 -0.00957986741 0.747680999 -0.0209965355 0.663656911
67.02907  29.535438 0.527970526 7.51079075 -0.00735366267 0.738700184 -0.017444606 0.673768245
67.23644  29.576023 0.526852095 7.50937338 -0.00628792915 0.727144949 -0.0155575837 0.686278841
67.44369  29.6193457 0.525488414 7.51028133 -0.00632649585 0.712287701 -0.0152698809 0.701692979
67.65108  29.666012 0.525071825 7.51485651 -0.00764263276 0.696298837 -0.0203209756 0.717423569
67.85832  29.7155502 0.524217053 7.52172498 -0.00926872438 0.678439361 -0.0235539311 0.734220223
68.06569  29.7693013 0.522636262 7.52999157 -0.00806762448 0.659527806 -0.0200942866 0.751368223
68.27307  29.826546 0.521492281 7.54274452 -0.00887831339 0.639556248 -0.0198073472 0.768437799
68.48032  29.8890629 0.520395984 7.56018936 -0.00913853428 0.619281633 -0.0199625704 0.784861926
68.68782  29.9553706 0.519168552 7.58085857 -0.00890171599 0.60072773 -0.0185178519 0.799189617
68.89532  30.0262341 0.51795091 7.60631298 -0.00896351766 0.584627981 -0.0177811321 0.811057094
69.10284  30.1028538 0.51677611 7.63592775 -0.00829864946 0.569518782 -0.0167655752 0.82176542
69.20657  30.1427235 0.51619338 7.65216971 -0.00750459832 0.561787816 -0.0150402742 0.827110586
69.31032  30.1832145 0.515560482 7.669673 -0.00622200589 0.553910171 -0.0132706355 0.832447415
69.41395  30.2245512 0.514991793 7.68848234 -0.00498021472 0.546031146 -0.0115653061 0.837670239
69.51769  30.2665278 0.514297833 7.70891153 -0.0047561982 0.538631659 -0.0114578674 0.842450018
69.62144  30.3079648 0.513639537 7.72988204 -0.00470069921 0.531856485 -0.0120979351 0.846735037
69.72532  30.3524367 0.513000767 7.75328113 -0.00506704478 0.525653997 -0.0128609769 0.850586148
69.82907  30.3974901 0.512563479 7.77757147 -0.00592871526 0.520151691 -0.0126933918 0.853958984
70.03672  30.4892783 0.511580926 7.82842746 -0.00839486517 0.511554974 -0.0120416292 0.859125156
70.24432  30.5865248 0.510792432 7.88386702 -0.00994544564 0.506234333 -0.0121784297 0.862252616
70.3482  30.6365256 0.510568883 7.91280239 -0.0105494534 0.504448547 -0.0124820009 0.863287074
70.45194  30.6873215 0.510337829 7.94216632 -0.0109511201 0.502761502 -0.0128795602 0.864259835
70.55582  30.7395467 0.510000143 7.97264591 -0.0108184622 0.501452815 -0.0133001399 0.86501511
70.65957  30.79293 0.509691052 8.00374301 -0.0102760367 0.500110039 -0.012831879 0.865805807
70.76333  30.847421 0.509315374 8.03619792 -0.00927611962 0.498749659 -0.0125395509 0.86660573
70.86719  30.9027876 0.50889881 8.06891257 -0.00850254474 0.497579054 -0.0126105116 0.867285286
70.97082  30.9586296 0.508337475 8.10226468 -0.00785155297 0.496342579 -0.0127793087 0.86799717
71.07469  31.0152077 0.507680596 8.13607231 -0.0067775184 0.495197617 -0.0126002952 0.868662546
71.17844  31.0728593 0.506868403 8.17061042 -0.00569992334 0.494006024 -0.0115671631 0.869362847
71.28219  31.1308686 0.506042695 8.20545398 -0.00483970749 0.493189105 -0.0106906726 0.86984297
71.38595  31.1894291 0.50507127 8.24089895 -0.00412677349 0.492301943 -0.00995756535 0.870357751
71.48957  31.2484081 0.503885541 8.27703003 -0.00339443183 0.491525207 -0.0111553128 0.870785282
71.59333  31.3083636 0.502726795 8.31353143 -0.00177891571 0.491053468 -0.0115325845 0.871051277
71.6972  31.369191 0.501633535 8.3507401 -0.000562248724 0.490879423 -0.0123219289 0.871140199
71.80095  31.4311159 0.500391325 8.38924826 -0.00181483172 0.490612388 -0.0128861729 0.871280746
71.90472  31.4937535 0.499075127 8.42766656 -0.00293429865 0.490563131 -0.0120213364 0.871317791
72.00847  31.5571663 0.497571785 8.46660665 -0.00407538432 0.490334222 -0.0114902221 0.871449205
72.1122  31.6212952 0.496434977 8.50571388 -0.0029437976 0.490079866 -0.010514337 0.871609149
72.21595  31.6860593 0.495310565 8.54542434 -0.00200338581 0.489674324 -0.00978154239 0.871848246
72.3197  31.7517316 0.493947757 8.58551793 -0.00109056025 0.489419437 -0.00879530823 0.872003479
72.42345  31.8181767 0.492645877 8.62634134 -0.00087766519 0.489048583 -0.00803536551 0.872219093
72.5272  31.8851346 0.491405683 8.66800742 -0.000501161097 0.488638235 -0.00729756623 0.872455827
72.63095  31.9532265 0.489883139 8.70990279 -0.000508287984 0.488240377 -0.0070364676 0.872680677
72.7347  32.0218624 0.488458789 8.75247581 -0.00032731152 0.487896512 -0.0074327032 0.872869773
72.83847  32.0913176 0.486958677 8.79578157 -8.270613e-05 0.487433138 -0.00813438007 0.87312242
72.9422  32.1611851 0.485475085 8.83942524 -0.000435450571 0.487207784 -0.0083744579 0.873245816
73.04595  32.2321077 0.483913244 8.88360189 -0.00101756362 0.487421001 -0.00806922354 0.873129212
73.1497  32.3030901 0.482501686 8.92868003 -0.00257155863 0.487885155 -0.0100441213 0.872846251
73.25345  32.3747036 0.480891906 8.97332699 -0.0024603163 0.488888567 -0.0115101163 0.872266836
73.35722  32.4470324 0.479176303 9.0180323 -0.00201471651 0.490835656 -0.0135657717 0.87114423
73.46107  32.5203197 0.477235156 9.06292402 -0.00230570064 0.493977966 -0.0162047081 0.869320344
73.56495  32.5937585 0.474843134 9.10726901 -0.00291484418 0.498447552 -0.0193885384 0.866698117
73.66882  32.6683744 0.472368941 9.15073753 -0.00330857219 0.504089089 -0.021908009 0.863367409
73.7727  32.7457353 0.470016902 9.19420485 -0.00408896566 0.510720667 -0.0234843877 0.859416177
73.8767  32.8219484 0.467121017 9.23529172 -0.00540958134 0.518015078 -0.0236393638 0.855027658
73.9806  32.8995937 0.464336225 9.27538532 -0.0077723498 0.52540075 -0.0238237569 0.850485785
74.08445  32.9779058 0.461608605 9.31408434 -0.00841574287 0.533064672 -0.0245401376 0.845676659
74.18845  33.057191 0.459025607 9.35110891 -0.00738931338 0.540923006 -0.0257100282 0.840646593
74.29233  33.1374367 0.456148264 9.38692824 -0.00632116458 0.549071399 -0.0277140984 0.835291908
74.3962  33.2187125 0.453335604 9.42131588 -0.00585485244 0.557706708 -0.0285071284 0.829527753
74.50011  33.3014743 0.450006283 9.4540481 -0.00713020048 0.566906714 -0.0283601283 0.823262802
74.60382  33.3849124 0.446501938 9.48460278 -0.007158921 0.576664303 -0.02755102 0.816485133
74.70783  33.4703512 0.443066739 9.5135971 -0.00602092063 0.58678295 -0.0293372714 0.809190239
74.8117  33.5544951 0.439171582 9.54016289 -0.00416933035 0.597357679 -0.032527671 0.801304169
74.91545  33.6402523 0.434844623 9.56437292 -0.00259801677 0.608239235 -0.0346502407 0.79299284
75.01933  33.7240189 0.430080072 9.58654608 -0.0028228672 0.619751771 -0.0388012326 0.783833042
75.12333  33.8120398 0.424582252 9.60577236 -0.000150919664 0.631821982 -0.0388068885 0.774141451
75.2271  33.9005939 0.418592687 9.62296385 -0.000830268494 0.643489483 -0.0417408302 0.764315575
75.33095  33.9888121 0.412250396 9.63649672 0.00166082453 0.654557334 -0.0420192264 0.754841919
75.43482  34.0776247 0.40552443 9.64754925 0.00471901434 0.665033088 -0.0432905161 0.745543194
75.53857  34.1669862 0.398266365 9.65595634 0.0075755116 0.674704869 -0.0432941951 0.736777825
75.6422  34.2566444 0.390706601 9.66248627 0.00891645944 0.683556379 -0.0429494805 0.728578421
75.74595  34.3472007 0.382674889 9.66694773 0.00952220437 0.691775849 -0.0427443736 0.720783199
75.84958  34.4379024 0.374614317 9.66960363 0.00996730793 0.69967771 -0.0442051231 0.713020099
75.95332  34.5275885 0.36645029 9.67047272 0.0112190344 0.707485148 -0.0453420047 0.705182956
76.05695  34.6193661 0.357935715 9.66906978 0.0121439797 0.71481131 -0.0451602049 0.697752012
76.16058  34.7115166 0.349269969 9.66559595 0.012500663 0.721100227 -0.0426355227 0.691404664
76.2642  34.8049189 0.340581607 9.66076001 0.0137575367 0.72571229 -0.0404882962 0.686668116
76.3677  34.8967977 0.332098198 9.65464371 0.0171981005 0.728731442 -0.0393897265 0.683449457
76.47133  34.9890886 0.323478954 9.64831136 0.0195470268 0.730768034 -0.0394816075 0.681202758
76.57495  35.0824776 0.314347392 9.64203529 0.019413866 0.732308404 -0.0399369243 0.679523764
76.67858  35.175332 0.30515939 9.63557082 0.0188791076 0.733536739 -0.0404251773 0.678183778
76.7822  35.2690128 0.295851418 9.62861846 0.0194956894 0.734700902 -0.0412369886 0.676855977
76.88586  35.3630117 0.286481603 9.62100737 0.02127579 0.735796202 -0.0420625648 0.67556053
76.98956  35.4582125 0.276989405 9.6126414 0.0229949318 0.736915108 -0.0421918289 0.674275319
77.09325  35.5539395 0.267074491 9.60429556 0.0229894461 0.738003355 -0.041868775 0.673104405
77.19695  35.6508984 0.257367487 9.59572284 0.0216780756 0.739038282 -0.0407112665 0.672082637
77.30058  35.748708 0.24801185 9.58692655 0.0200003083 0.739812028 -0.0395415044 0.671352829
77.4042  35.8467002 0.238386537 9.57833573 0.0195142656 0.740269451 -0.0410807213 0.670770234
77.50783  35.9453722 0.228892167 9.56907897 0.0208691892 0.740318563 -0.042722445 0.670572662
77.61158  36.0445461 0.21871735 9.55994331 0.0221811463 0.740207644 -0.0437568758 0.670586293
77.7152  36.144721 0.208144562 9.55048752 0.0226766991 0.740138024 -0.0430607791 0.670691615
77.81895  36.2455724 0.197433565 9.54124667 0.0223560974 0.740102942 -0.0434431009 0.670716436
77.92271  36.3471727 0.186741725 9.53204704 0.0214304374 0.740197685 -0.0444530983 0.670575906
78.02633  36.4492997 0.17598371 9.52290769 0.0212057694 0.740420236 -0.0455556976 0.670263283
78.13008  36.5522716 0.165212375 9.5133112 0.0201430549 0.741224644 -0.0448383114 0.66945486
78.23383  36.6558608 0.154305897 9.50338524 0.0200280078 0.742135999 -0.0451752067 0.668425193
78.33745  36.7595766 0.143498501 9.49295728 0.0204826562 0.742836886 -0.0449355117 0.667648576
78.4412  36.8640533 0.132493496 9.48205867 0.0212376948 0.74363895 -0.0451792464 0.666715013
78.54483  36.9694557 0.121333467 9.4711457 0.0202851305 0.744675278 -0.0452287973 0.665583654
78.64858  37.0756836 0.11032179 9.45979755 0.0206811211 0.745843125 -0.0448830732 0.664285958
78.75233  37.1821004 0.0991026329 9.44799884 0.019302663 0.747035951 -0.0452897378 0.66295817
78.85595  37.2891888 0.0878556105 9.43570154 0.0189816483 0.748269724 -0.0448291736 0.661605972
78.95971  37.3971626 0.0767964432 9.42306733 0.018420563 0.749406457 -0.0453443887 0.66029882
79.06333  37.5052343 0.0654749162 9.40985776 0.0186632569 0.750372012 -0.0457326138 0.659167698
79.16708  37.6144917 0.0541419032 9.39623258 0.0188414972 0.751261845 -0.0458890856 0.658137394
79.27083  37.7239294 0.0424850398 9.38204812 0.0191862275 0.752151061 -0.0455072716 0.65713755
79.37446  37.8338441 0.0308632142 9.36760761 0.0197649468 0.753015051 -0.0459950219 0.656096135
79.47821  37.9447745 0.0190354445 9.35263259 0.0199518407 0.753960849 -0.0462013011 0.654988856
79.58195  38.0567174 0.00709061577 9.3374001 0.0197537617 0.754998951 -0.0462714079 0.653793032
79.6857  38.1688779 -0.00506241733 9.32156433 0.0193048332 0.756177894 -0.0463278382 0.65243854
79.78945  38.2816584 -0.0172617883 9.30524073 0.0196285787 0.757470914 -0.0461102107 0.650942687
79.89321  38.3950281 -0.0294197573 9.28848676 0.0193019795 0.758800002 -0.0461662556 0.649398697
79.99697  38.5086912 -0.0416528121 9.27108666 0.0199968444 0.75996457 -0.0460923739 0.648019653
80.10058  38.6229392 -0.0540189704 9.25330152 0.0203443674 0.760809513 -0.046186817 0.647009868
80.20433  38.7378938 -0.0664623057 9.23512651 0.0207851069 0.761490403 -0.0462228256 0.646191764
80.30798  38.8533231 -0.0791311672 9.21655303 0.0209510126 0.762116693 -0.0461069618 0.645455923
80.41171  38.9701537 -0.0917241162 9.19795339 0.0210392321 0.76261134 -0.0460722548 0.644871028
80.51533  39.086509 -0.104478425 9.17882381 0.0212800545 0.76303171 -0.0458489375 0.644381597
80.61908  39.2033484 -0.117484516 9.15948938 0.0220075137 0.763437947 -0.0458587872 0.643875098
80.72274  39.3223774 -0.130350485 9.13999504 0.0225866856 0.76381646 -0.0455410888 0.643428525
80.82644  39.440351 -0.143427965 9.12000366 0.0223686932 0.764154327 -0.0445634696 0.643103338
80.93008  39.5589281 -0.156309572 9.1001502 0.0223307512 0.764469813 -0.0450578484 0.642695132
81.03384  39.6786135 -0.16929659 9.08005586 0.022047165 0.764878121 -0.0450238806 0.642221327
81.1375  39.7996693 -0.182323763 9.05991001 0.0209983101 0.765318328 -0.0447076595 0.641753966
81.24121  39.9203861 -0.19531058 9.03924081 0.0205469166 0.765763352 -0.0437522587 0.641303401
81.34494  40.0414672 -0.208385754 9.01836685 0.0210549343 0.76603327 -0.0434969974 0.640981848
81.44859  40.1627142 -0.221310209 8.9973799 0.0218508692 0.766019784 -0.0440641382 0.640932587
81.55233  40.2843245 -0.234704444 8.97622063 0.022218784 0.766043451 -0.0441032035 0.640888964
81.65606  40.4057357 -0.248072211 8.95542792 0.021796861 0.766145969 -0.0444216022 0.640758904
81.75971  40.5277023 -0.261754886 8.93449343 0.0220167242 0.766160821 -0.0439166971 0.640768433
81.86346  40.6494027 -0.275251272 8.91340588 0.022016323 0.766031706 -0.0445417491 0.640879661
81.96708  40.7709887 -0.289012821 8.89231479 0.0229591108 0.765818696 -0.0451025768 0.641061902
82.07083  40.8925458 -0.302889541 8.87154666 0.0242286229 0.765524067 -0.0446378077 0.641399519
82.17446  41.0146381 -0.316871691 8.85045052 0.0247357299 0.764981759 -0.0439453956 0.642074648
82.27821  41.1371002 -0.330863117 8.8297183 0.0252027031 0.764358031 -0.0422501791 0.64291255
82.38196  41.2593515 -0.344669445 8.80913887 0.0249195933 0.763807879 -0.0417882152 0.643607243
82.48571  41.3817784 -0.358414823 8.78871513 0.0246033317 0.763449288 -0.0419532515 0.644033993
82.58943  41.5039688 -0.372020638 8.76858562 0.0249892882 0.763242555 -0.0413371245 0.644303949
82.69308  41.6265936 -0.385813141 8.74885872 0.024968388 0.762928265 -0.0417174216 0.644652387
82.79692  41.748603 -0.399472543 8.72860942 0.0253666705 0.762664918 -0.0413786231 0.644970205
82.9006  41.8708327 -0.413268584 8.70868141 0.0250400821 0.762417439 -0.0415094928 0.645267081
83.00423  41.9926658 -0.427020236 8.68956921 0.0245012803 0.762222151 -0.0422136972 0.64547276
83.10785  42.1147927 -0.440692026 8.67010967 0.023398319 0.762048318 -0.0426511846 0.645690139
83.21158  42.2369134 -0.454334156 8.65054858 0.0240218701 0.762000823 -0.0412802405 0.645812386
83.31521  42.3590259 -0.467690165 8.63076518 0.0241378736 0.761762961 -0.040096276 0.646163171
83.41896  42.4812255 -0.480914493 8.61036825 0.0266145613 0.761513726 -0.0375316759 0.646513637
83.52259  42.6030991 -0.494197386 8.59066148 0.0281718072 0.761096906 -0.0375921771 0.646934833
83.62621  42.7246482 -0.507803235 8.5714892 0.0288129987 0.76095626 -0.0390019309 0.646988586
83.72996  42.8466161 -0.521527844 8.55259582 0.0280455861 0.760804286 -0.0400144621 0.647139187
83.83358  42.9687943 -0.535306935 8.53399376 0.0262404499 0.760545443 -0.0403861318 0.647495967
83.93735  43.0903248 -0.548804571 8.51545348 0.0256942816 0.760206122 -0.040602653 0.647902678
84.04096  43.2123185 -0.562278391 8.49691683 0.0251891179 0.759906311 -0.0411896165 0.648237088
84.14471  43.334232 -0.575779253 8.47864844 0.0241422152 0.759654988 -0.0423183863 0.648498733
84.24835  43.4568807 -0.589217815 8.46008648 0.0239078694 0.759455924 -0.0420838745 0.648755778
84.3521  43.5785963 -0.602692841 8.4417624 0.0227870871 0.75946861 -0.0421667199 0.648775883
84.45571  43.7003455 -0.615987218 8.42319994 0.0239472141 0.759583217 -0.0418143428 0.648622716
84.55938  43.8217348 -0.629423742 8.40440948 0.0247374402 0.759555469 -0.0416094708 0.648638729
84.66298  43.9433608 -0.642798256 8.38552866 0.0255662931 0.759429096 -0.0404116247 0.648830265
84.76673  44.0647684 -0.65628898 8.36688889 0.0254396209 0.759127031 -0.0394595533 0.649247195
84.87034  44.1853666 -0.669746322 8.34854676 0.0262374391 0.758535614 -0.0398796339 0.649880708
84.97396  44.3051409 -0.683411481 8.33098386 0.0267227845 0.757974808 -0.0419539316 0.650384464
85.07772  44.4247356 -0.697412107 8.31384698 0.0249869812 0.757744175 -0.0426336699 0.650677944
85.18133  44.5436876 -0.711444316 8.29711875 0.023081075 0.757313235 -0.0432416876 0.651209709
85.28509  44.661899 -0.724833145 8.28020256 0.0221624363 0.757106227 -0.0424885529 0.651531818
85.38871  44.7796117 -0.738214445 8.2630437 0.0219800416 0.757050355 -0.0410152594 0.651697312
85.49246  44.8965153 -0.750945467 8.24585852 0.0224892852 0.757039455 -0.0397882416 0.651768664
85.59611  45.0127754 -0.763770494 8.22905233 0.0224987592 0.757052749 -0.0400406892 0.651737435
85.69975  45.1285408 -0.776410164 8.21237359 0.0228953809 0.757278069 -0.0403759215 0.651441104
85.80345  45.2435302 -0.789199748 8.19583934 0.0223310666 0.757609836 -0.040341796 0.651076954
85.90711  45.3582951 -0.801687064 8.17934359 0.021815607 0.757841164 -0.0406191649 0.650807908
86.01084  45.4703986 -0.814299279 8.1630397 0.0213042822 0.758037134 -0.0409766706 0.650574165
86.11446  45.5810272 -0.826672942 8.14677658 0.020900239 0.758324538 -0.0405386202 0.650279706
86.21821  45.6905833 -0.83876957 8.13087984 0.0195552225 0.758700495 -0.0397384871 0.649932307
86.32183  45.7974455 -0.850586133 8.11501179 0.018335178 0.759070909 -0.0387924044 0.649592431
86.42559  45.901752 -0.862149456 8.09937083 0.0187945871 0.759186806 -0.0391636465 0.649421563
86.52921  46.007741 -0.87375134 8.08335014 0.0212807827 0.759256944 -0.040295881 0.649193549
86.63298  46.1061581 -0.884958462 8.06844571 0.0214382797 0.759331936 -0.0405644587 0.64908392
86.73673  46.2032617 -0.896218269 8.05372277 0.0211089505 0.759203974 -0.0392796796 0.649323375
86.84034  46.298436 -0.906844358 8.03953375 0.0203979777 0.758802305 -0.0382316759 0.64987793
86.94409  46.3902853 -0.917192295 8.02606016 0.0200317669 0.758291809 -0.0382811702 0.650481985
87.04771  46.4795778 -0.926968621 8.0133155 0.019099515 0.757680622 -0.0382254673 0.651225074
87.15136  46.5692702 -0.936327652 8.00065471 0.0187072511 0.756955001 -0.0367602099 0.652163977
87.25496  46.6515691 -0.945390487 7.98895484 0.0173432883 0.756352804 -0.0353834997 0.652975998
87.35871  46.7311789 -0.954058376 7.97811316 0.0160214674 0.756000455 -0.0355517329 0.653408524
87.46246  46.8074519 -0.962331684 7.9675072 0.01678193 0.755788683 -0.035757148 0.653623178
87.56621  46.8834299 -0.96954939 7.95726702 0.0177258619 0.755501992 -0.0363414494 0.653897417
87.66986  46.9518279 -0.977261898 7.9478595 0.0177873475 0.755365747 -0.036578868 0.654039896
87.77359  47.0174743 -0.984612338 7.93903461 0.0168454971 0.75536768 -0.0374702216 0.65401214
87.87734  47.0822286 -0.990507789 7.93028247 0.0155534103 0.756339138 -0.0386306113 0.652852874
87.98121  47.1411495 -0.997439197 7.92181259 0.0141795003 0.75933547 -0.0399890129 0.649314612
88.08521  47.1974375 -1.0038779 7.91252833 0.0127953516 0.764702506 -0.0416331751 0.642909818
88.18921  47.2508238 -1.01014794 7.90237116 0.0116211956 0.772246883 -0.0433846679 0.633732965
88.29333  47.3012184 -1.01603598 7.89052616 0.0119797987 0.781253005 -0.0445299812 0.622508882
88.39746  47.3496424 -1.02181043 7.87671134 0.0134170616 0.7914544 -0.04545937 0.609387693
88.50159  47.3965153 -1.02748887 7.86070278 0.0160048268 0.803082809 -0.0452834968 0.593928659
88.60584  47.4421596 -1.03321751 7.84290948 0.0161931053 0.816295215 -0.0453408863 0.575624972
88.7101  47.4869207 -1.03754514 7.82251822 0.016218285 0.830460986 -0.0451740217 0.555005249
88.81434  47.5288065 -1.04345152 7.8010619 0.0159401267 0.844863377 -0.0445624467 0.53288458
88.91859  47.5690109 -1.04917879 7.77758313 0.01577429 0.859461575 -0.0437955694 0.509076538
89.02284  47.6073873 -1.053804 7.75137971 0.016513833 0.874413863 -0.0440777968 0.482892158
89.12709  47.6423349 -1.05980106 7.72395068 0.0180912384 0.889160226 -0.0449653506 0.455021885
89.23134  47.6751617 -1.06531691 7.6946791 0.0185370665 0.903458865 -0.0465134327 0.425740481
89.33559  47.7053347 -1.07056497 7.66341388 0.0202114834 0.916938493 -0.0483453336 0.395573033
89.43959  47.7322822 -1.07598058 7.63015929 0.0243198149 0.929200023 -0.0484826571 0.365575295
89.54371  47.7555468 -1.08037266 7.59410086 0.0286355182 0.940447756 -0.0477383601 0.335349182
89.64784  47.778908 -1.08607504 7.55754673 0.0291564521 0.950846052 -0.0472979227 0.304638463
89.75184  47.8001808 -1.09134044 7.51948587 0.0285780176 0.960311023 -0.0469465483 0.273463083
89.85584  47.8176192 -1.09626546 7.4799184 0.0292444467 0.968753089 -0.0460875728 0.241946584
89.95974  47.8331375 -1.10226521 7.4387464 0.0326080767 0.975963665 -0.0452779279 0.210669282
90.06371  47.8455983 -1.10777154 7.39641956 0.0359807771 0.982098817 -0.0461171421 0.179054479
90.16759  47.8559788 -1.11274601 7.35289223 0.0373994971 0.987222675 -0.0497207849 0.14669871
90.27149  47.8628739 -1.11733675 7.30754423 0.0373033015 0.991399026 -0.0531107755 0.113647171
90.37547  47.868089 -1.1229318 7.26077079 0.0382689346 0.994482588 -0.0545595682 0.0810131083
90.47934  47.8700195 -1.12874571 7.21204786 0.037849726 0.996671799 -0.0535033677 0.0484779719
90.58309  47.868819 -1.13458302 7.16212616 0.038495465 0.997777424 -0.0521939071 0.0153005455
90.68697  47.8641629 -1.14024082 7.11167847 0.0387995791 0.997652365 -0.0533897879 -0.0182724351
90.79084  47.856253 -1.14590828 7.06084262 0.0395853655 0.996312293 -0.0554898665 -0.0521122608
90.89459  47.8422665 -1.15130615 7.00904725 0.0393846189 0.993859209 -0.0576151778 -0.0858674348
90.99849  47.8282792 -1.15729114 6.95680949 0.0397864279 0.990201566 -0.0600186079 -0.119648093
91.10209  47.8094893 -1.16338497 6.90401103 0.0400780551 0.985711476 -0.0610819036 -0.151774956
91.20584  47.7860206 -1.16950871 6.85069834 0.041831692 0.980420327 -0.0612858928 -0.182401018
91.30947  47.7573339 -1.17559768 6.79772034 0.0422614185 0.974582239 -0.0614730084 -0.211245122
91.41297  47.7273494 -1.1821606 6.74426852 0.0431636566 0.968438226 -0.06185692 -0.237566881
91.51659  47.6917832 -1.18813417 6.69122235 0.0438752176 0.962171294 -0.0629997857 -0.261404653
91.62022  47.6556772 -1.19419956 6.63802524 0.0449263873 0.956031899 -0.0648180828 -0.282459277
91.72371  47.6162985 -1.20027512 6.58465136 0.0451836155 0.950636388 -0.0652920936 -0.299976401
91.82724  47.5741658 -1.20686431 6.53096559 0.046376004 0.945896937 -0.0645873608 -0.314573877
91.93059  47.5293613 -1.21343878 6.4766114 0.0465218802 0.941854268 -0.0617242519 -0.327011267
92.03413  47.4840239 -1.22014982 6.42187051 0.0445449695 0.938414263 -0.0585592011 -0.337587377
92.13772  47.4370419 -1.22656403 6.36720222 0.042724339 0.935086862 -0.0566046887 -0.347250774
92.24122  47.3873593 -1.23240922 6.3128725 0.0418477808 0.931803394 -0.0545346873 -0.356394677
92.34486  47.3365376 -1.23821138 6.25817219 0.0402662716 0.928346139 -0.0519929131 -0.365853536
92.4486  47.2843258 -1.24417815 6.2033413 0.0365276255 0.924655069 -0.0483293222 -0.375956131
92.55222  47.2302292 -1.24986553 6.14883598 0.0329432081 0.920841636 -0.0446113006 -0.385973131
92.65597  47.1739324 -1.25458582 6.09585317 0.0321718045 0.916685132 -0.0411435645 -0.396182473
92.75972  47.1159612 -1.25935109 6.04277415 0.0293637825 0.912106277 -0.0360462913 -0.407308939
92.86347  47.0567538 -1.26383429 5.99087304 0.0263440538 0.907261302 -0.0308121419 -0.418609044
92.96722  46.995714 -1.26770356 5.94028284 0.0234421051 0.901946846 -0.0277296541 -0.430317815
93.07097  46.9323896 -1.27076637 5.8919299 0.0234071021 0.896184996 -0.0262461882 -0.442284635
93.17472  46.8676027 -1.27347531 5.84518437 0.0239339806 0.890161243 -0.02489873 -0.454334876
93.27847  46.8005418 -1.27612143 5.79978995 0.0252017335 0.884015941 -0.0222494511 -0.466246341
93.38209  46.731767 -1.27849012 5.75590504 0.0274055935 0.87807279 -0.020199186 -0.477314468
93.48584  46.6616245 -1.28014368 5.71348984 0.0299378891 0.872762873 -0.0191499949 -0.48684902
93.58947  46.5901019 -1.28154718 5.67161815 0.0314735558 0.868511116 -0.0175160939 -0.494359224
93.69312  46.5176482 -1.28241192 5.6295136 0.0318440261 0.865648968 -0.0156424914 -0.499392766
93.79672  46.4436216 -1.28290831 5.58711207 -0.0325978878 -0.863893529 0.0129084792 0.502452704
93.90035  46.3693001 -1.28299615 5.54405434 -0.0320688007 -0.86314471 0.00952162463 0.503847339
94.00397  46.2941128 -1.28290038 5.49975646 -0.0292479481 -0.863024652 0.0058402324 0.504280575
94.10764  46.2183125 -1.28267267 5.45509456 -0.0259610535 -0.863320633 0.00480525908 0.503964699
94.21135  46.1419361 -1.28259941 5.41016889 -0.0228119564 -0.86399915 0.00650762018 0.502934126
94.31499  46.0647093 -1.28304067 5.36470683 -0.0207415051 -0.865042084 0.0100215064 0.501170183
94.41859  45.9865975 -1.28368365 5.31847229 0.0185209456 0.86656554 -0.0121684343 -0.498571027
94.52222  45.9074093 -1.28494752 5.27109948 0.0191047855 0.867897924 -0.0134378078 -0.496193134
94.62597  45.8272028 -1.28645429 5.22251585 0.0188988756 0.869467632 -0.0122031109 -0.493477409
94.72972  45.7470546 -1.28812265 5.17272289 0.0168764882 0.87046385 -0.011826438 -0.491800778
94.83349  45.665793 -1.28998521 5.12145543 0.0137181806 0.870929924 -0.0133042383 -0.491035514
94.93722  45.5842245 -1.29172284 5.07117714 0.0123246662 0.870889115 -0.0154969873 -0.491080538
95.04097  45.5012431 -1.29414287 5.01973688 0.0109586697 0.871064375 -0.0148710456 -0.490821367
95.14472  45.4169179 -1.29700575 4.96706156 0.0110039854 0.871326445 -0.014524836 -0.490365341
95.24835  45.3318425 -1.29929478 4.91504351 0.0124487817 0.871730909 -0.0139801851 -0.489627211
95.35209  45.2462225 -1.30179708 4.86229403 0.0145910279 0.872078323 -0.0135591633 -0.488960784
95.45587  45.1603834 -1.30416094 4.80883306 0.0150531902 0.872807247 -0.0117491094 -0.487691367
95.55954  45.0748884 -1.30637593 4.75533495 0.0159046323 0.873610074 -0.0118665532 -0.486221829
95.66311  44.9897398 -1.30879864 4.70183917 0.016912345 0.874513274 -0.0124842557 -0.484545817
95.76685  44.9056326 -1.31109508 4.64808287 0.0176421627 0.875488172 -0.0124375859 -0.482757208
95.87047  44.8209838 -1.31341242 4.59409554 0.0197729691 0.876506899 -0.0126690337 -0.480816161
95.97425  44.7372387 -1.31588152 4.53978217 0.0198763673 0.877665987 -0.0133390991 -0.478674642
96.07786  44.6542647 -1.3181736 4.48485719 0.0187820444 0.878630447 -0.0140897307 -0.476924787
96.1816  44.5711713 -1.32036123 4.42988974 0.0188951938 0.879393447 -0.0146681124 -0.475494462
96.28535  44.4880157 -1.32281796 4.37449459 0.0194155643 0.87984919 -0.0132798639 -0.474670501
96.3891  44.4056574 -1.32546944 4.31928225 0.0200630944 0.880189721 -0.0127701708 -0.474025791
96.49287  44.323978 -1.32785962 4.26452597 0.0190906394 0.880644898 -0.0134344906 -0.473201465
96.5966  44.2426332 -1.33016911 4.21007129 0.0186966604 0.880854406 -0.0148606719 -0.472784423
96.70035  44.1620397 -1.3325403 4.15559336 0.0188317493 0.880970328 -0.0133079373 -0.472609294
96.80399  44.0819345 -1.33510781 4.10161698 0.0196050469 0.880828767 -0.0117593819 -0.472882694
96.90773  44.0027281 -1.33751398 4.04818429 0.0190031263 0.88097438 -0.0110500947 -0.472653064
97.01147  43.9243109 -1.33962554 3.99568615 0.0187698205 0.881068576 -0.0124448489 -0.472452097
97.1151  43.8462007 -1.34165691 3.94356579 0.0195640672 0.881273968 -0.013546573 -0.472006283
97.21889  43.7689599 -1.34410843 3.89135174 0.0194774597 0.881664407 -0.0131651795 -0.471290972
97.3225  43.6926142 -1.34683496 3.83952636 0.020028664 0.882164794 -0.01358428 -0.470318612
97.42622  43.6176061 -1.34901069 3.78814963 0.0192885177 0.882857369 -0.0144869463 -0.469021265
97.52999  43.5433467 -1.35121724 3.73667282 0.0194219702 0.883463488 -0.0133120564 -0.467907942
97.63372  43.4697323 -1.35388798 3.68569575 0.0208874616 0.884114032 -0.0123320477 -0.466641204
97.73747  43.3981523 -1.35633942 3.63590517 0.0205429959 0.884843594 -0.0119633154 -0.465281291
97.84124  43.3286069 -1.35838973 3.58654214 0.0187196363 0.885435529 -0.0128589074 -0.46420701
97.94507  43.2602318 -1.36044571 3.53803932 0.0178752802 0.886012634 -0.0128651629 -0.46313775
98.04875  43.1928053 -1.3630287 3.49025003 0.018019111 0.886389373 -0.0129469822 -0.462408441
98.15247  43.1275438 -1.36548496 3.44387799 0.018087078 0.886577622 -0.0124358945 -0.462058791
98.25623  43.0645086 -1.36759164 3.39841804 0.0163496581 0.886748082 -0.0119116819 -0.461810177
98.35997  43.0032525 -1.36963737 3.35425622 0.0152232737 0.887072744 -0.0116069653 -0.461232562
98.46372  42.9431868 -1.37157126 3.31185732 0.017207432 0.887457613 -0.0112179768 -0.46043137
98.56747  42.8853462 -1.37344725 3.27090823 0.0191407979 0.887958899 -0.0104829663 -0.459404757
98.67123  42.8301302 -1.37558526 3.23063875 0.0186841355 0.888431576 -0.00855004807 -0.458548945
98.77487  42.7776141 -1.3772629 3.19192867 0.0180770527 0.888897924 -0.00783979139 -0.457681372
98.8786  42.7272024 -1.37847956 3.15530114 0.0183349404 0.889365303 -0.00791605769 -0.456760905
98.98235  42.6790731 -1.38000073 3.12029996 0.017890509 0.889826268 -0.00768724432 -0.45588381
99.0861  42.6341044 -1.38170423 3.08704217 0.0180054782 0.890151417 -0.00905426107 -0.455218934
99.18973  42.5913688 -1.38317452 3.0559613 0.0188623773 0.890422072 -0.0100131954 -0.454634447
99.29348  42.5510485 -1.38437883 3.02667623 0.0200423296 0.890600328 -0.0106641826 -0.45421981
99.39723  42.5138694 -1.38544003 2.99936184 0.019523151 0.890814421 -0.011780783 -0.453794806
99.50085  42.4794387 -1.38684036 2.97327845 0.017454882 0.890843644 -0.011185986 -0.453836758
99.70835  42.4173344 -1.38938435 2.92696952 0.0178959633 0.891148695 -0.00997657184 -0.453248503
99.91573  42.3630549 -1.39086738 2.88846229 0.0205379816 0.89128491 -0.0121171673 -0.45281627
100.1231  42.3179174 -1.39273141 2.85419766 0.0192223804 0.891821833 -0.0121239349 -0.451815592
100.3305  42.2793971 -1.39458856 2.82581203 0.0203563047 0.891720688 -0.0119021364 -0.451971431
100.5379  42.2452141 -1.39532488 2.80055739 0.019289623 0.892051877 -0.0150372836 -0.451270694
100.7452  42.2113557 -1.39681814 2.77586047 0.0200057092 0.891934985 -0.0161344675 -0.451432644
100.9526  42.1778254 -1.39800366 2.7509521 0.020266551 0.891922591 -0.0159349815 -0.451452584
101.16  42.1448137 -1.39884683 2.7260022 0.0187358592 0.89188647 -0.0162941189 -0.451577229
101.3674  42.1118838 -1.40040558 2.70134932 0.0187782892 0.891943572 -0.0156217566 -0.451486434
101.5747  42.0791437 -1.40166876 2.67772145 0.0203054505 0.892008221 -0.0159372955 -0.451281535
101.8859  42.0331131 -1.4032027 2.64314526 0.0194766908 0.891984735 -0.0157713062 -0.451370311
102.197  41.9905732 -1.40479578 2.61216549 0.0207804754 0.8919602 -0.015292476 -0.45137713
102.5083  41.9549645 -1.40612255 2.5851565 0.0190602341 0.892016126 -0.0158940248 -0.451321747
102.8194  41.9199455 -1.40726527 2.56031825 0.0213070539 0.891844749 -0.017118762 -0.451515117
103.1305  41.8871209 -1.40830815 2.53362684 0.0184736376 0.891959671 -0.0132534815 -0.451542927
103.5452  41.8444691 -1.41009217 2.50219711 0.0181229118 0.892065723 -0.0152720153 -0.451283803
103.8564  41.8089267 -1.41131885 2.47553758 0.016929674 0.892405998 -0.0177909583 -0.450564539
104.0637  41.7779132 -1.41236817 2.4522397 0.0162276818 0.893000947 -0.021172162 -0.44926352
104.271  41.7389652 -1.41425859 2.42155871 0.0147014124 0.894592036 -0.0225549356 -0.446072005
104.4782  41.6910885 -1.41576097 2.38398806 0.0162248395 0.897049841 -0.024775256 -0.440935963
104.6857  41.6366111 -1.41804509 2.33862178 0.0149879653 0.900447613 -0.0258672177 -0.433935876
104.893  41.5745068 -1.42136529 2.28664781 0.0179139379 0.904524857 -0.0276950542 -0.425143339
104.9967  41.5410612 -1.42302259 2.25759473 0.0191015713 0.906643739 -0.0271103387 -0.420591595
105.1005  41.506265 -1.42489485 2.22625248 0.0199257465 0.908820266 -0.026165932 -0.415889447
105.2041  41.4705227 -1.42680822 2.19309717 0.0185262199 0.91107018 -0.0269695534 -0.410950788
105.3077  41.4331161 -1.42873336 2.15814726 0.0183300726 0.913127642 -0.0273132238 -0.406344565
105.4115  41.3937063 -1.43082168 2.12155838 0.020745386 0.915070289 -0.0257975438 -0.40193343
105.5153  41.35308 -1.43301391 2.08338872 0.0228864858 0.91692355 -0.0249339744 -0.397625086
105.6189  41.3118744 -1.43480091 2.04308111 0.0231253698 0.918741141 -0.0238143355 -0.39346259
105.7226  41.270117 -1.43689484 2.00052002 0.0213310014 0.920203281 -0.0210695484 -0.390290897
105.8265  41.2264751 -1.43873231 1.9563937 0.0213112671 0.921329819 -0.0189642774 -0.387733865
105.9302  41.181977 -1.44060891 1.91108453 0.0191145315 0.922362467 -0.0179348645 -0.385435409
106.0341  41.1362333 -1.4426856 1.86400688 0.0178701554 0.922726291 -0.0166856638 -0.384679655
106.1379  41.0893093 -1.44433225 1.815332 0.015612608 0.923143228 -0.0145226053 -0.383864455
106.2417  41.0403891 -1.44569479 1.76585304 0.0162166619 0.923674824 -0.0149094823 -0.382543523
106.3455  40.9902022 -1.4475748 1.71504431 0.0163498815 0.924002576 -0.0148081493 -0.381749447
106.4492  40.938642 -1.44945196 1.66262263 0.0172753466 0.924184471 -0.0156554116 -0.381234224
106.553  40.8871726 -1.45156958 1.60842046 0.0123183979 0.924720362 -0.0173682818 -0.380051117
106.6568  40.8344572 -1.45395357 1.55265726 0.00881574635 0.924975485 -0.0188503258 -0.379456584
106.7605  40.7798296 -1.4565173 1.49670989 0.00904950946 0.925266101 -0.0220391869 -0.378569706
106.8642  40.7227419 -1.45926726 1.43945122 0.0119323732 0.925548004 -0.0227745409 -0.377756312
106.968  40.665265 -1.46266564 1.37929023 0.0113226926 0.925723969 -0.0208637949 -0.377454145
107.0718  40.6073476 -1.46613612 1.3181795 0.0100329849 0.925992482 -0.0191207996 -0.376923942
107.1755  40.5478946 -1.46929003 1.25601378 0.0100669292 0.926469156 -0.0181920675 -0.375795967
107.2791  40.487596 -1.47201777 1.19276419 0.0102872327 0.926913115 -0.0181975355 -0.374693341
107.3829  40.425496 -1.47539226 1.12776462 0.0118718747 0.927464602 -0.0176572955 -0.373305089
107.4865  40.3632984 -1.47835605 1.06204463 0.0127735577 0.928241178 -0.0174417582 -0.371350153
107.5902  40.3007429 -1.48135342 0.994943441 0.0131158397 0.929204232 -0.0173146822 -0.368927732
107.6939  40.2374851 -1.48441268 0.92687923 0.0151502388 0.930213431 -0.0172715629 -0.366299245
107.7976  40.1741465 -1.48762188 0.85803777 0.0170781405 0.931247139 -0.0169608423 -0.363592399
107.9012  40.1113258 -1.49093375 0.788848715 0.0181883809 0.93205426 -0.0175943582 -0.36143392
108.005  40.0487714 -1.49456722 0.718955728 0.0176762285 0.932797669 -0.0184373053 -0.359494263
108.1087  39.986856 -1.49815834 0.649806114 0.0178049406 0.933200237 -0.0201481447 -0.358349487
108.2125  39.9255809 -1.50223704 0.580203427 0.0152027901 0.933511011 -0.0204924381 -0.357639662
108.3162  39.863882 -1.50649832 0.510202226 0.0140979345 0.933331154 -0.0211226987 -0.358117351
108.42  39.8025673 -1.51068311 0.440684171 0.0122903972 0.933199535 -0.020723863 -0.358549991
108.5237  39.7411256 -1.51529935 0.370983635 0.0107876629 0.932837758 -0.0204473221 -0.359554239
108.6275  39.6786372 -1.51939954 0.301504224 0.0111651129 0.932574833 -0.0196999964 -0.360265778
108.7312  39.6156401 -1.52337848 0.232471735 0.0126974556 0.932173337 -0.0201017147 -0.361230625
108.8351  39.5523166 -1.52774056 0.163025537 0.0134910817 0.93169086 -0.0201790986 -0.362440252
108.9389  39.4892423 -1.5317355 0.0933385208 0.0125435839 0.931190112 -0.0208775722 -0.363719343
109.0426  39.4251105 -1.53587174 0.0237011047 0.0124515336 0.930706101 -0.0219080429 -0.364898822
109.1464  39.3604417 -1.5402185 -0.0461304432 0.0127946557 0.930220205 -0.021871622 -0.366126071
109.2501  39.2954029 -1.54477836 -0.115995301 0.0128084359 0.929657111 -0.0220427774 -0.367542809
109.3539  39.2303062 -1.54928547 -0.186219785 0.012512302 0.92919385 -0.0217294677 -0.368741185
109.4576  39.1644623 -1.55387217 -0.256120883 0.0126642927 0.928696138 -0.0223741905 -0.369949312
109.5612  39.0987384 -1.5585893 -0.32606904 0.012792802 0.928196721 -0.0232408553 -0.371142902
109.665  39.0321107 -1.56324234 -0.396141906 0.0126523775 0.927730829 -0.024354226 -0.372239571
109.7687  38.9650377 -1.56810467 -0.466748629 0.0125001684 0.927515328 -0.0240285939 -0.372802479
109.8724  38.8975369 -1.5728851 -0.537678571 0.0124243469 0.9273976 -0.0240454917 -0.373096691
109.9761  38.8300905 -1.57780309 -0.60888135 0.0123329824 0.927380026 -0.0229410182 -0.373212936
110.0797  38.762167 -1.5826603 -0.680389289 0.0119669594 0.927376927 -0.0232235485 -0.373215078
110.1835  38.6942771 -1.58765995 -0.75220983 0.0109623365 0.927452036 -0.0234090029 -0.373047675
110.2872  38.6262435 -1.5924892 -0.824423826 0.0103568963 0.927642768 -0.0238383696 -0.372563231
110.3909  38.5576672 -1.59761129 -0.896578254 0.0113088122 0.927933418 -0.0238504406 -0.37181022
110.4946  38.4889443 -1.60283541 -0.969268152 0.011734109 0.928216905 -0.0239862317 -0.371079976
110.5982  38.4212174 -1.60831708 -1.04232082 0.0106009143 0.928444561 -0.0247432933 -0.370494382
110.702  38.3530481 -1.61379226 -1.11517826 0.0100247085 0.928762524 -0.0265205328 -0.369589423
110.8056  38.285067 -1.6191894 -1.18817783 0.0096615719 0.929137436 -0.0267252356 -0.368640803
110.9092  38.217418 -1.62516404 -1.2617059 0.00932579553 0.929636025 -0.0252092456 -0.367497463
111.0129  38.1496824 -1.63047055 -1.3352324 0.00996518928 0.930150146 -0.0229847719 -0.366323767
111.1166  38.082398 -1.63606623 -1.40855597 0.0102956127 0.930607491 -0.0223322991 -0.365191684
111.2202  38.0157395 -1.64122322 -1.48136077 0.0113220715 0.930934775 -0.0229212807 -0.364289543
111.324  37.9493943 -1.6464076 -1.5542856 0.0108948074 0.931362847 -0.0236082843 -0.363162771
111.4276  37.8834023 -1.65176795 -1.62685621 0.0114744479 0.931714392 -0.0241387179 -0.362207055
111.5314  37.8178818 -1.65742416 -1.69919097 0.0120420913 0.932159834 -0.0250268175 -0.360980179
111.635  37.7528827 -1.66288049 -1.77135932 0.0117505911 0.932438442 -0.0261000019 -0.360193373
111.7387  37.6884716 -1.66871679 -1.8435397 0.0109726296 0.932790097 -0.0270062589 -0.359239332
111.8424  37.6242185 -1.67445001 -1.91606153 0.0104293933 0.933216996 -0.0261617966 -0.358207798
111.9461  37.560215 -1.67995212 -1.98855238 0.0102314267 0.933595733 -0.0235748641 -0.357405304
112.0497  37.4964585 -1.68546915 -2.06061348 0.0111396117 0.933769111 -0.0217063958 -0.3570434
112.1535  37.4338207 -1.69043753 -2.13214143 0.00923359503 0.933793363 -0.021508606 -0.357046322
112.2571  37.371629 -1.69555011 -2.20300785 0.00731003473 0.933513004 -0.0227745968 -0.357744815
112.3609  37.3091433 -1.70083478 -2.27338008 0.00676810533 0.933209836 -0.0236958378 -0.358485846
112.4646  37.2461782 -1.70637943 -2.34295913 0.0086897809 0.932723853 -0.0253296177 -0.359595763
112.5682  37.18302 -1.71193976 -2.41146532 0.0120011334 0.932273097 -0.0259228131 -0.360625641
112.672  37.1205368 -1.71735354 -2.47960055 0.0130065681 0.931894386 -0.0269269721 -0.36149498
112.7756  37.0584679 -1.72288891 -2.54758295 0.0138460072 0.931502854 -0.0274248376 -0.362434269
112.8794  36.9968478 -1.72820848 -2.61444229 0.0147505184 0.931146805 -0.0277558628 -0.363287299
112.983  36.936361 -1.73388831 -2.68058975 0.0136530555 0.930703375 -0.0279761301 -0.364447743
113.0867  36.8771911 -1.73986298 -2.74572658 0.0118048878 0.930197851 -0.0295009457 -0.365680593
113.1905  36.8197559 -1.74593022 -2.80859577 0.00839057046 0.929687624 -0.0331892026 -0.366754682
113.2941  36.7631747 -1.75222339 -2.86998681 0.00649871249 0.929180064 -0.0358451332 -0.367827816
113.3978  36.7080744 -1.75883917 -2.93025577 0.00422333058 0.928922082 -0.0358830131 -0.36850826
113.5015  36.6532982 -1.76555554 -2.98812168 0.00655349727 0.928657976 -0.0348080128 -0.369242222
113.6052  36.5999684 -1.77199238 -3.04411919 0.00878598747 0.928559279 -0.0339657118 -0.369522399
113.709  36.5488603 -1.77798017 -3.09822639 0.0100129418 0.928377892 -0.0346467167 -0.369883543
113.8126  36.5002842 -1.78417509 -3.14982159 0.010327482 0.928251823 -0.0355662952 -0.37010395
113.9164  36.4534406 -1.79008982 -3.19828024 0.0118927318 0.928085298 -0.0394385387 -0.370082213
114.0201  36.4088287 -1.79553019 -3.24529931 0.01159671 0.928124403 -0.0408904533 -0.369835881
114.1239  36.3661029 -1.80098431 -3.29108847 0.0113168445 0.928099722 -0.0402078083 -0.369981308
114.3314  36.2854915 -1.81164192 -3.37675309 0.0113622657 0.928331628 -0.0389444401 -0.369532973
114.435  36.2473479 -1.81697142 -3.41764431 0.0105838092 0.928277041 -0.0398467276 -0.36959702
114.6425  36.1755288 -1.82626584 -3.4963133 0.00535513994 0.928091392 -0.0413794219 -0.370007342
114.7463  36.1403021 -1.83066852 -3.53394666 0.00553014903 0.928081647 -0.0409535763 -0.370076584
114.85  36.1056889 -1.83521923 -3.57054882 0.00600032646 0.92812933 -0.0399832081 -0.370055786
114.9538  36.0717311 -1.83989306 -3.60659576 0.00688880597 0.928015787 -0.0389338913 -0.370436764
115.0574  36.0394359 -1.84454436 -3.64196868 0.00477035531 0.928000521 -0.0380079738 -0.370604467
115.1611  36.0075577 -1.84862908 -3.67641947 0.00420049181 0.92781988 -0.037643038 -0.371100562
115.2649  35.9759632 -1.85261474 -3.70959612 0.00442306917 0.927725061 -0.0378761527 -0.37131125
115.3686  35.9446415 -1.85648657 -3.7417112 0.00635286685 0.927513493 -0.0387169519 -0.371724844
115.4724  35.9141718 -1.86030969 -3.77315729 0.0075973885 0.927461673 -0.0391374981 -0.371786742
115.6797  35.8561995 -1.86776041 -3.83355024 0.00883770056 0.927361859 -0.0398222637 -0.371935565
115.8871  35.8015868 -1.87436083 -3.89057127 0.0100523611 0.927469836 -0.0411482428 -0.371490882
116.0946  35.7505443 -1.88147489 -3.94470932 0.00943147673 0.927540863 -0.0424001032 -0.371188937
116.302  35.7027372 -1.88848887 -3.99469332 0.00995772748 0.927757472 -0.0463223062 -0.370163694
116.5094  35.6579316 -1.89453639 -4.04129221 0.012246915 0.928536299 -0.0486121995 -0.367841282
116.7167  35.6181451 -1.89979364 -4.08602433 0.0101533778 0.929614285 -0.0490988179 -0.365107512
116.9242  35.5830497 -1.90542136 -4.12636251 0.00777724568 0.930615051 -0.0485228276 -0.362685369
117.1316  35.5519801 -1.9104906 -4.16097223 0.00820422672 0.931503784 -0.048784954 -0.360351799
117.3391  35.5244412 -1.91543939 -4.19133172 0.00909205132 0.932175374 -0.0496295483 -0.358473589
117.5467  35.5005842 -1.91975567 -4.21874274 0.00704163318 0.932075286 -0.0510060823 -0.358586749
117.754  35.4789316 -1.92284141 -4.24236757 0.00735782731 0.931775873 -0.0523488369 -0.359164564
118.0651  35.4517063 -1.92726573 -4.27282796 0.0068776366 0.931879128 -0.0537674443 -0.358696321
118.3763  35.4293264 -1.93096071 -4.29809453 0.00595509394 0.93203341 -0.0542984475 -0.358231683
118.6872  35.4105021 -1.93409272 -4.31962915 0.00533495444 0.932231444 -0.0546959776 -0.357665238
119.1021  35.3908628 -1.93750141 -4.34214991 0.00453942857 0.932446976 -0.0554830409 -0.356992524
119.6207  35.3723805 -1.94059552 -4.36287987 0.00486453749 0.932643771 -0.0564898056 -0.356315638
120.554  35.357077 -1.94340884 -4.38046176 0.00418179618 0.932792146 -0.057475057 -0.355777941
121.4871  35.3418513 -1.94605628 -4.39773821 0.0037116702 0.932834026 -0.0581092401 -0.355570275
122.0056  35.3246902 -1.94921979 -4.41750848 0.00334263423 0.932812478 -0.0575422828 -0.355722635
122.3168  35.3100912 -1.95172083 -4.43375373 0.00369662698 0.932894436 -0.0578106182 -0.355460601
122.628  35.2923633 -1.95476495 -4.45376813 0.00380667774 0.932901365 -0.0580213464 -0.355406917
122.939  35.2720959 -1.95850982 -4.47691213 0.00359677473 0.932963236 -0.0573249783 -0.35535969
123.25  35.2497169 -1.96246114 -4.50202051 0.0039807223 0.932917792 -0.0579659536 -0.355370926
123.4574  35.233705 -1.96528135 -4.51972471 0.00481522799 0.932899775 -0.058240323 -0.355363038
123.7685  35.209293 -1.96978566 -4.54605024 0.0075643743 0.932858868 -0.0582168443 -0.355426379
124.1832  35.1822316 -1.97470052 -4.57683728 0.00713563182 0.933057008 -0.0577178895 -0.354996265
