0.000000 0.0000000000 0.0000000000 0.0000000000 0.0000000000 0.0000000000 0.0000000000 1.0000000000
0.103992 -0.0001178762 -0.0007066887 0.0307854414 -0.0007647395 0.0000729426 -0.0012318807 0.9999989271
0.311727 -0.0005773252 -0.0018820929 0.0901137292 -0.0008580182 0.0004089777 -0.0030968878 0.9999947548
1.039479 -0.0010204742 -0.0051973495 0.2759358287 -0.0074099209 0.0031102293 -0.0039906278 0.9999597669
2.183231 0.0029277839 -0.0085553378 0.4650671184 -0.0017645566 0.0139779747 -0.0013630061 0.9998998046
3.742730 0.0070417523 -0.0113387220 0.5616579652 0.0065552769 0.0258821845 -0.0017600828 0.9996419549
5.300239 -0.0031505153 -0.0135727767 0.6514595151 0.0102864653 -0.0728898719 -0.0029873676 0.9972824454
6.336478 -0.0592102706 -0.0149131045 0.7550923824 -0.0115735792 -0.2912563086 -0.0142792864 0.9564684629
6.647753 -0.0924471021 -0.0134210903 0.7882044315 -0.0134424735 -0.3685124516 -0.0182488598 0.9293464422
7.166664 -0.1702243984 -0.0099639613 0.8382174373 -0.0188939050 -0.4923111200 -0.0151680447 0.8700820208
7.374271 -0.2089681029 -0.0082256794 0.8539745808 -0.0195554867 -0.5414446592 -0.0132207517 0.8404049873
7.893780 -0.3268736005 -0.0028020293 0.8780610561 -0.0266773980 -0.6504209042 -0.0124225346 0.7590037584
8.206103 -0.4107801020 0.0007681865 0.8810019493 -0.0236150883 -0.6952649951 -0.0113706095 0.7182754278
8.519107 -0.5058263540 0.0051443763 0.8781478405 -0.0260580070 -0.7174380422 -0.0159563590 0.6959518790
8.936856 -0.6464996338 0.0119391643 0.8728832006 -0.0308970679 -0.7199550271 -0.0066385847 0.6933008432
9.562484 -0.8851225376 0.0206276309 0.8653175831 -0.0162237417 -0.7144830823 -0.0008498113 0.6994640827
10.186860 -1.1593273878 0.0315539315 0.8540796041 -0.0256522261 -0.7200947404 -0.0211696606 0.6930782199
11.122230 -1.5946584940 0.0510042086 0.8251970410 -0.0194793139 -0.7357779741 -0.0223645438 0.6765730977
11.849860 -1.9489978552 0.0670922101 0.7895058990 -0.0125955092 -0.7389494181 -0.0280468818 0.6730589867
12.473860 -2.2589540482 0.0810962021 0.7609807253 -0.0106241526 -0.7364588976 -0.0303885154 0.6757158637
13.305610 -2.6820504665 0.0978656337 0.7294124365 -0.0089106672 -0.7209904790 -0.0340937451 0.6920483708
13.721240 -2.8993539810 0.1069398224 0.7245123982 -0.0056350636 -0.7147332430 -0.0307372101 0.6986986995
14.240240 -3.1696536541 0.1179920733 0.7185019255 -0.0056898394 -0.7107098699 -0.0319289565 0.7027372718
14.551490 -3.3351540565 0.1236424446 0.7166467905 -0.0048635914 -0.7100623846 -0.0305154994 0.7034603953
14.966480 -3.5548262596 0.1318846047 0.7138673067 -0.0086083850 -0.7096926570 -0.0315770730 0.7037507296
15.277740 -3.7196133137 0.1381812692 0.7117208838 -0.0061798980 -0.7095142007 -0.0310590230 0.7039791942
15.588990 -3.8836584091 0.1450731903 0.7094675899 -0.0087265968 -0.7093116641 -0.0304060020 0.7041848302
15.796490 -3.9927098751 0.1483224928 0.7078719735 -0.0092908544 -0.7089785337 -0.0324005261 0.7044240832
16.107990 -4.1551442146 0.1547679305 0.7063130140 -0.0097244885 -0.7088180780 -0.0300824679 0.7046824694
16.419500 -4.3181428909 0.1613880992 0.7047483325 -0.0137109440 -0.7084506750 -0.0311872419 0.7049376369
16.938510 -4.5877275467 0.1737728417 0.7003631592 -0.0081271259 -0.7076722383 -0.0321716852 0.7057612538
17.249990 -4.7487025261 0.1798214316 0.7001553178 -0.0108653912 -0.7078039050 -0.0332387313 0.7055428624
17.457660 -4.8555483818 0.1855607629 0.6989823580 -0.0080110040 -0.7081061602 -0.0358077474 0.7051519752
17.873090 -5.0757508278 0.1939556897 0.6960406899 -0.0048585348 -0.7088296413 -0.0330686308 0.7045874000
18.288360 -5.3033180237 0.2044567168 0.6939597726 -0.0093617029 -0.7097333670 -0.0316609330 0.7036963105
18.807240 -5.5926227570 0.2161408514 0.6882275939 -0.0058741816 -0.7106428742 -0.0325463600 0.7027751803
19.326140 -5.8869538307 0.2280585468 0.6805760264 0.0007058060 -0.7105256915 -0.0389917903 0.7025897503
19.637240 -6.0634980202 0.2348986417 0.6780040264 -0.0017276304 -0.7111238241 -0.0398466028 0.7019345760
20.156120 -6.3559741974 0.2477838844 0.6725939512 -0.0020963226 -0.7102758884 -0.0396499783 0.7028026581
20.363770 -6.4727892876 0.2532257438 0.6708436608 -0.0037133170 -0.7094910145 -0.0420508422 0.7034489512
20.778890 -6.7039680481 0.2632097602 0.6679566503 -0.0014902840 -0.7086598873 -0.0397480913 0.7044281363
21.193740 -6.9367790222 0.2726527154 0.6648703814 -0.0032073050 -0.7088618875 -0.0367941447 0.7043796182
21.608750 -7.1663479805 0.2832961679 0.6623075008 -0.0059357127 -0.7092714906 -0.0358361453 0.7039989233
22.023870 -7.3956122398 0.2953748703 0.6581831574 -0.0032396212 -0.7075347304 -0.0434382372 0.7053347826
22.335250 -7.5662579536 0.3023847640 0.6571100950 -0.0004518002 -0.7064418197 -0.0392957553 0.7066792846
22.750370 -7.7941164970 0.3106260896 0.6564013958 -0.0049497918 -0.7067684531 -0.0359850898 0.7065117955
23.165620 -8.0225410461 0.3202228546 0.6560485959 -0.0041041425 -0.7048872113 -0.0371883661 0.7083320022
23.580990 -8.2411308289 0.3284075856 0.6554976702 -0.0035160007 -0.7028002143 -0.0377508029 0.7103762031
23.996270 -8.4390935898 0.3341074586 0.6568745375 -0.0044015450 -0.7024447322 -0.0393967852 0.7106334567
24.515240 -8.6615190506 0.3420471847 0.6580935121 -0.0023885535 -0.7045964599 -0.0362521335 0.7086775303
25.241990 -8.9612379074 0.3520711064 0.6539318562 -0.0027347254 -0.7105377913 -0.0364429690 0.7027093768
25.657500 -9.1306056976 0.3578391969 0.6495947838 0.0020320690 -0.7098073959 -0.0372731648 0.7034060359
26.177120 -9.3488140106 0.3646915555 0.6471505761 -0.0002459860 -0.7090117335 -0.0335890800 0.7043962479
26.384870 -9.4378051758 0.3680416644 0.6458542943 0.0017346734 -0.7087211609 -0.0335775502 0.7046870589
26.696750 -9.5740013123 0.3733397722 0.6448027492 -0.0005107357 -0.7066498995 -0.0342342705 0.7067345381
26.904610 -9.6671571732 0.3770732284 0.6443347931 -0.0041938289 -0.7052624226 -0.0369065739 0.7079726458
27.216490 -9.8098506927 0.3838366568 0.6437254548 -0.0033465873 -0.7025972009 -0.0397441275 0.7104691267
27.424600 -9.9061727524 0.3883036971 0.6444816589 -0.0010102019 -0.7003486156 -0.0404026173 0.7126559019
27.632500 -10.0032815933 0.3923882246 0.6458480954 -0.0000224570 -0.6986882091 -0.0385834314 0.7143850923
27.944280 -10.1524944305 0.3993167281 0.6487571001 -0.0010465201 -0.6970144510 -0.0407432504 0.7158978581
28.152000 -10.2530450821 0.4042076766 0.6514933109 -0.0002402445 -0.6969330907 -0.0369603820 0.7161830664
28.463500 -10.4073867798 0.4095750749 0.6548732519 -0.0005674838 -0.6967404485 -0.0355900787 0.7164396644
28.774870 -10.5655632019 0.4158384204 0.6577653885 -0.0008177320 -0.6969840527 -0.0389888063 0.7160254121
28.982390 -10.6732139587 0.4211356044 0.6588357687 -0.0003565144 -0.6969705820 -0.0411311537 0.7159190774
29.397000 -10.8931608200 0.4291902483 0.6633176208 0.0027111452 -0.6992717981 -0.0329783708 0.7140896320
29.707990 -11.0626087189 0.4345799685 0.6660731435 -0.0042959317 -0.7016727328 -0.0306662787 0.7118262053
29.915440 -11.1771707535 0.4384008348 0.6668973565 -0.0050884485 -0.7031094432 -0.0301156472 0.7104253769
30.226940 -11.3524694443 0.4443724453 0.6670988798 -0.0058588600 -0.7054563165 -0.0295291618 0.7081137300
30.538000 -11.5314569473 0.4517008662 0.6654415131 -0.0061237202 -0.7076684833 -0.0296218861 0.7058968544
30.953270 -11.7692537308 0.4608304203 0.6618818045 -0.0046749143 -0.7098884583 -0.0340013057 0.7034773827
31.264640 -11.9487152100 0.4677520692 0.6602500677 -0.0050007058 -0.7100187540 -0.0319986045 0.7034375668
31.887500 -12.3075332642 0.4801223278 0.6564167738 -0.0101351570 -0.7100006938 -0.0301591288 0.7034818530
32.095130 -12.4265861511 0.4850038886 0.6549190879 -0.0138659216 -0.7098090053 -0.0303255580 0.7036044598
32.510130 -12.6628141403 0.4963150322 0.6498827338 -0.0108224927 -0.7094359398 -0.0375150368 0.7036875486
33.132660 -13.0130128860 0.5111554265 0.6465464830 -0.0101852454 -0.7090635300 -0.0306482650 0.7044045925
33.547640 -13.2473058701 0.5211812258 0.6441265345 -0.0106511116 -0.7077186108 -0.0331667885 0.7056351304
34.066120 -13.5405321121 0.5333566666 0.6430456638 -0.0092284987 -0.7075598836 -0.0328096300 0.7058309913
34.481200 -13.7748928070 0.5428755283 0.6424291730 -0.0068014888 -0.7080065012 -0.0304762255 0.7055152059
34.999910 -14.0723857880 0.5525166988 0.6407077312 -0.0029189989 -0.7088621855 -0.0357782952 0.7044329643
35.518630 -14.3672857285 0.5642182231 0.6383109093 -0.0045443932 -0.7104054689 -0.0321590342 0.7030428052
35.933810 -14.6049489975 0.5715889931 0.6342196465 -0.0036006612 -0.7100267410 -0.0316703953 0.7034529448
36.352500 -14.8451061249 0.5793769956 0.6317716837 -0.0077376454 -0.7094343901 -0.0295346975 0.7041098475
36.556280 -14.9661903381 0.5838297009 0.6300600767 -0.0073981299 -0.7088217139 -0.0302638020 0.7046993375
36.763780 -15.0873613358 0.5888158083 0.6286262870 -0.0066840490 -0.7074869871 -0.0325929858 0.7059427500
36.971410 -15.2082242966 0.5940349102 0.6272429824 -0.0054280986 -0.7062013149 -0.0359498411 0.7070769668
37.282530 -15.3908023834 0.6030429602 0.6257554889 -0.0054252739 -0.7056185603 -0.0418220088 0.7073358297
37.490080 -15.5111742020 0.6088197827 0.6250311136 -0.0031341652 -0.7055270672 -0.0461176932 0.7071738839
37.801450 -15.6895904541 0.6164771318 0.6243032813 0.0025442240 -0.7059719563 -0.0423313789 0.7069690228
38.008910 -15.8094139099 0.6220502853 0.6242086291 0.0012443336 -0.7059834599 -0.0430835225 0.7069156170
38.320400 -15.9850044250 0.6292853951 0.6232956648 -0.0017819509 -0.7059296370 -0.0456584729 0.7068065405
38.528030 -16.1008243561 0.6349557638 0.6229296923 -0.0004727320 -0.7059952021 -0.0457573310 0.7067367435
38.839480 -16.2698040009 0.6423423886 0.6218333840 0.0001039416 -0.7059742212 -0.0469514467 0.7066795230
39.150880 -16.4311580658 0.6497168541 0.6212306023 -0.0046458882 -0.7063223124 -0.0480515249 0.7062423229
39.566010 -16.6358795166 0.6592512727 0.6189909577 0.0055657821 -0.7075684667 -0.0401728302 0.7054800391
39.981010 -16.8354930878 0.6660618186 0.6162443757 0.0022787740 -0.7080640793 -0.0448331349 0.7047198415
40.188500 -16.9329013824 0.6700656414 0.6145619154 0.0022814893 -0.7076387405 -0.0485669933 0.7048996091
40.499880 -17.0705184937 0.6759439707 0.6125612259 0.0060732700 -0.7050846219 -0.0503928475 0.7073042989
40.707630 -17.1562824249 0.6787824631 0.6122896671 0.0083049349 -0.7017071247 -0.0483867675 0.7107720375
41.123900 -17.3127651215 0.6830744743 0.6186270118 0.0106129954 -0.6800005436 -0.0442398600 0.7317987680
41.853380 -17.5319156647 0.6874452233 0.6668047905 -0.0045312229 -0.5892252326 -0.0380348004 0.8070604205
42.687400 -17.7251739502 0.6913968325 0.7908372879 -0.0042478242 -0.4194168746 -0.0283852108 0.9073399305
42.999850 -17.7834854126 0.6928149462 0.8568267822 -0.0089898882 -0.3525679111 -0.0261139367 0.9353786111
43.624130 -17.8780460358 0.6950082183 1.0202937126 -0.0029612829 -0.2253394127 -0.0188043900 0.9740943313
43.935770 -17.9159908295 0.6950090528 1.1190328598 -0.0013964267 -0.1688193083 -0.0211687069 0.9854186773
44.351260 -17.9541282654 0.6937790513 1.2674753666 0.0053405557 -0.1047598347 -0.0284079481 0.9940773845
44.662410 -17.9764289856 0.6920050979 1.3914713860 0.0060100886 -0.0748242214 -0.0360040814 0.9965284467
44.973510 -17.9926719666 0.6894929409 1.5229009390 0.0057258359 -0.0481509753 -0.0414234735 0.9979643226
45.388150 -18.0057563782 0.6853130460 1.7146296501 0.0059892745 -0.0266937185 -0.0401455164 0.9988192320
45.699250 -18.0136165619 0.6823156476 1.8661227226 0.0069360910 -0.0178062841 -0.0404564291 0.9989985228
46.114350 -18.0201492310 0.6775183082 2.0804307461 0.0020428889 -0.0129733104 -0.0368151665 0.9992358088
46.529050 -18.0256748199 0.6727130413 2.2948937416 0.0017003507 -0.0093625644 -0.0350740179 0.9993394017
46.944200 -18.0292701721 0.6682229042 2.5096583366 0.0005976841 -0.0034398423 -0.0332709998 0.9994402528
47.566880 -18.0311279297 0.6624115705 2.8264744282 0.0001288234 0.0016957769 -0.0329505056 0.9994555116
48.397130 -18.0341606140 0.6544943452 3.2303652763 0.0019316140 0.0097487615 -0.0336407200 0.9993845820
49.124130 -18.0274887085 0.6475470662 3.5524113178 0.0007377208 0.0290957205 -0.0362835750 0.9989176393
50.269010 -17.9502792358 0.6338130832 3.9771070480 0.0051483591 0.1528497338 -0.0120561710 0.9881624579
50.998130 -17.8409500122 0.6254675388 4.1873068810 0.0109611098 0.2877264619 -0.0055334666 0.9576339126
51.831530 -17.6490669250 0.6129497290 4.3553714752 0.0160890203 0.4777305126 -0.0056069088 0.8783411980
52.351170 -17.4964923859 0.6064997911 4.4245676994 0.0139111616 0.5700315833 -0.0080102906 0.8214659095
53.181170 -17.2090969086 0.5937214494 4.4820394516 0.0129121905 0.6644055247 -0.0056989756 0.7472389936
53.906760 -16.9167156219 0.5828104019 4.4992823601 0.0119878789 0.6956443191 -0.0018214532 0.7182840705
54.425390 -16.6881008148 0.5750201344 4.5013113022 0.0136263482 0.7106921077 -0.0007232673 0.7033708692
55.047640 -16.3962097168 0.5648967028 4.4903440475 0.0163086373 0.7234559059 0.0027880964 0.6901723146
55.462510 -16.1960945129 0.5580306053 4.4790515900 0.0224076025 0.7256983519 0.0032886749 0.6876401901
55.877270 -15.9959373474 0.5496623516 4.4691648483 0.0258695986 0.7241520882 0.0049405294 0.6891372800
56.188510 -15.8449163437 0.5421746969 4.4618034363 0.0276637450 0.7203204036 0.0067380089 0.6930568814
56.499640 -15.6966037750 0.5350499153 4.4587340355 0.0278688483 0.7140640616 0.0076517118 0.6994835734
56.914760 -15.4993877411 0.5260716677 4.4585032463 0.0267584790 0.7059587836 0.0060212137 0.7077216506
57.226140 -15.3512897491 0.5189236999 4.4604563713 0.0260601342 0.7037239671 0.0047182804 0.7099797130
57.641390 -15.1554002762 0.5089322925 4.4639234543 0.0248215776 0.7026975155 0.0032745597 0.7110480666
57.849010 -15.0573034286 0.5042685270 4.4655671120 0.0232940949 0.7030208111 0.0026272265 0.7107828259
58.264510 -14.8621282578 0.4952092767 4.4666323662 0.0220897999 0.7076691985 0.0013157817 0.7061973214
58.783770 -14.6189060211 0.4843534827 4.4643759727 0.0219338927 0.7120055556 0.0016622799 0.7018291950
59.302640 -14.3740453720 0.4736202955 4.4612360001 0.0258804671 0.7096350789 0.0023931644 0.7040898800
59.821390 -14.1337108612 0.4612836838 4.4636797905 0.0223429818 0.7039340138 0.0052184891 0.7098946571
60.132800 -13.9910211563 0.4552583992 4.4660391808 0.0204966646 0.7018484473 0.0048334906 0.7120149732
60.548140 -13.8016757965 0.4471293390 4.4693837166 0.0210502893 0.7022880912 0.0030579872 0.7115749717
60.755770 -13.7092514038 0.4433552325 4.4703288078 0.0208627731 0.7019664645 0.0037200463 0.7118946314
61.067140 -13.5699663162 0.4371622503 4.4732418060 0.0193308890 0.7012963891 0.0019964166 0.7126048803
61.482660 -13.3859558105 0.4289942086 4.4787297249 0.0209561363 0.6996750236 0.0020968018 0.7141507268
62.001910 -13.1543188095 0.4179453850 4.4874157906 0.0195432790 0.6955916286 -0.0017345415 0.7181694508
62.521540 -12.9177865982 0.4062581360 4.4981698990 0.0194910113 0.6934488416 -0.0067918627 0.7202101350
62.937280 -12.7267856598 0.3968996108 4.5047020912 0.0169582069 0.6967294812 -0.0080158170 0.7170886993
63.457290 -12.4842700958 0.3837777376 4.5082645416 0.0161000285 0.7074510455 -0.0088734273 0.7065232396
64.080650 -12.1821031570 0.3679725528 4.5044655800 0.0166243464 0.7156975269 -0.0043413788 0.6981989741
64.496140 -11.9842472076 0.3585090637 4.4997615814 0.0171123613 0.7179032564 -0.0039433041 0.6959213614
65.015520 -11.7474908829 0.3462880552 4.4918708801 0.0171817504 0.7228816748 -0.0030718462 0.6907513738
65.534900 -11.5099115372 0.3356191516 4.4784822464 0.0207052175 0.7264361382 0.0007802040 0.6869215369
66.053900 -11.2799510956 0.3249796629 4.4677381516 0.0249318089 0.7200938463 0.0021159560 0.6934254169
66.365150 -11.1427154541 0.3177747130 4.4642233849 0.0232974812 0.7121413946 0.0049379002 0.7016320229
66.884270 -10.9143142700 0.3071523011 4.4681806564 0.0234386995 0.6978911757 0.0037653507 0.7158102989
67.299400 -10.7303333282 0.2990062833 4.4781646729 0.0189993754 0.6874290109 -0.0003192961 0.7260029912
67.714910 -10.5437889099 0.2908089459 4.4919805527 0.0157868341 0.6846378446 -0.0035634851 0.7287036777
68.130580 -10.3564634323 0.2813908756 4.5053052902 0.0114355218 0.6852661371 -0.0068777357 0.7281704545
68.650270 -10.1224203110 0.2697581351 4.5164995193 0.0107824560 0.6973249912 -0.0102553871 0.7166005969
69.170150 -9.8896989822 0.2584123015 4.5170693398 0.0117035424 0.7148373127 -0.0112540647 0.6991022825
69.585900 -9.7083330154 0.2483217716 4.5083832741 0.0154928165 0.7287709713 -0.0069729453 0.6845467687
70.208900 -9.4432487488 0.2355748564 4.4851646423 0.0221664701 0.7364364266 0.0031370588 0.6761362553
70.727900 -9.2459154129 0.2253221720 4.4683156013 0.0257811192 0.7352280021 0.0071712472 0.6772913933
71.765560 -8.9453926086 0.2113430649 4.4466586113 0.0330218934 0.7272662520 0.0113990409 0.6854658127
73.113150 -8.6793956757 0.1953298301 4.4913682938 0.0221844967 0.5791241527 -0.0003624512 0.8149373531
74.046900 -8.5344133377 0.1857276261 4.5951805115 0.0226824172 0.4032614231 -0.0074492740 0.9147733450
74.669530 -8.4528598785 0.1786626577 4.7170934677 0.0186498836 0.2619710267 -0.0103566004 0.9648399353
75.293030 -8.3878803253 0.1719962358 4.8960962296 0.0085966121 0.1426900625 -0.0026659297 0.9897264838
75.917280 -8.3524188995 0.1648107767 5.1313962936 0.0094714612 0.0474878922 -0.0019662462 0.9988249540
76.959030 -8.3500261307 0.1536175609 5.6411485672 0.0033745053 -0.0079416931 -0.0076887547 0.9999331832
77.792530 -8.3504343033 0.1419760287 6.1060829163 -0.0011134753 0.0124354037 -0.0050546275 0.9999092817
78.520420 -8.3382930756 0.1334162652 6.5150265694 0.0039397152 0.0221738033 -0.0110026142 0.9996858239
79.351410 -8.3266143799 0.1208467260 6.9682559967 0.0037650508 0.0120034907 -0.0050939908 0.9999079108
79.974650 -8.3239431381 0.1125048175 7.2788729668 0.0048338054 0.0039493307 -0.0044909813 0.9999704361
80.908780 -8.3336029053 0.1016450375 7.6527738571 0.0013765845 -0.0287908260 -0.0064704334 0.9995635748
81.634660 -8.3751735687 0.0961395353 7.8731479645 0.0037996240 -0.1145500690 -0.0116736088 0.9933416247
82.879160 -8.5677318573 0.0960989296 8.1826658249 -0.0087967878 -0.3652333319 -0.0321765058 0.9303181767
83.293910 -8.6786565781 0.1002235711 8.2679653168 -0.0072293854 -0.4583318830 -0.0257199183 0.8883795142
83.812660 -8.8583040237 0.1069068313 8.3470029831 -0.0079939794 -0.5700069070 -0.0279849209 0.8211242557
84.124410 -8.9845561981 0.1119353175 8.3765449524 -0.0079871388 -0.6230400801 -0.0305324215 0.7815529704
84.645160 -9.2229309082 0.1224664748 8.4022645950 -0.0110054053 -0.6745955348 -0.0325206034 0.7373887300
85.062550 -9.4335098267 0.1324322224 8.4152088165 -0.0121453237 -0.6857525110 -0.0318615399 0.7270356417
85.583790 -9.7161941528 0.1463757157 8.4318170547 -0.0151255587 -0.6853464246 -0.0289136376 0.7274857163
86.104410 -10.0208110809 0.1624917388 8.4508800507 -0.0192529745 -0.6847218871 -0.0254692286 0.7281047702
86.832300 -10.4827537537 0.1853734553 8.4778022766 -0.0249804258 -0.6883046031 -0.0186557416 0.7247515321
87.351660 -10.8418560028 0.2051222324 8.4879941940 -0.0279856939 -0.7003108859 -0.0210488718 0.7129785419
87.871040 -11.2114315033 0.2228920460 8.4839849472 -0.0241659544 -0.7133031487 -0.0186472088 0.7001906037
88.390290 -11.5786914825 0.2407336533 8.4668750763 -0.0234978609 -0.7244961262 -0.0203168616 0.6885785460
88.805910 -11.8653364182 0.2539714873 8.4476299286 -0.0220532790 -0.7288784981 -0.0232053082 0.6838942170
89.117790 -12.0691766739 0.2632721663 8.4330949783 -0.0220845658 -0.7291396856 -0.0277517792 0.6834452748
89.533790 -12.3192729950 0.2744951844 8.4151039124 -0.0183684584 -0.7289900184 -0.0294645708 0.6836432219
89.845790 -12.4932184219 0.2821319699 8.4037342072 -0.0152116679 -0.7251142263 -0.0309959203 0.6877624393
90.261810 -12.7220611572 0.2927651405 8.3927173615 -0.0148961330 -0.7206311226 -0.0302298721 0.6924991608
90.573810 -12.8922796249 0.2994090915 8.3853445053 -0.0110473298 -0.7172605991 -0.0305631626 0.6960467696
90.989920 -13.1171760559 0.3105601668 8.3818283081 -0.0170847904 -0.7106940150 -0.0340221822 0.7024703622
91.406040 -13.3414106369 0.3227667809 8.3804244995 -0.0161125027 -0.7058445811 -0.0311399400 0.7074984908
91.821910 -13.5682306290 0.3336659670 8.3811845779 -0.0173141174 -0.7037585378 -0.0303047411 0.7095813751
92.237660 -13.7978944778 0.3454641104 8.3815546036 -0.0198557284 -0.7052766085 -0.0306585077 0.7079905868
92.549420 -13.9685716629 0.3545957804 8.3808851242 -0.0193635598 -0.7076528668 -0.0301941987 0.7056491971
92.757420 -14.0817289352 0.3606065512 8.3799505234 -0.0180312283 -0.7092573643 -0.0289991479 0.7041221261
93.277290 -14.3665533066 0.3753109574 8.3754091263 -0.0179485846 -0.7106752396 -0.0310418643 0.7026058435
94.109040 -14.8469066620 0.4010553956 8.3659658432 -0.0157626178 -0.7115976810 -0.0307467449 0.7017371058
94.732790 -15.2285451889 0.4183411300 8.3593740463 -0.0127961654 -0.7111099362 -0.0275005195 0.7024261951
95.460170 -15.6696090698 0.4358049631 8.3550357819 -0.0166727323 -0.7090141177 -0.0268583912 0.7044853568
96.083670 -16.0444431305 0.4517865777 8.3521966934 -0.0162617750 -0.7071850300 -0.0252471548 0.7063904405
96.603420 -16.3540420532 0.4653167129 8.3533220291 -0.0181449428 -0.7063177228 -0.0266079698 0.7071619630
97.227040 -16.7024574280 0.4800482392 8.3505678177 -0.0186144859 -0.7053832412 -0.0285588335 0.7080059648
97.642920 -16.9260177612 0.4902162552 8.3514184952 -0.0162265450 -0.7056341171 -0.0256982353 0.7079243064
98.266670 -17.2606430054 0.5061242580 8.3500051498 -0.0214257017 -0.7075014114 -0.0278238822 0.7058388591
98.682540 -17.4777736664 0.5166681409 8.3465642929 -0.0179555211 -0.7120893002 -0.0260106940 0.7013770938
99.410300 -17.8696823120 0.5360742807 8.3355569839 -0.0190510005 -0.7158527970 -0.0260913149 0.6975034475
99.826180 -18.0953140259 0.5476326346 8.3283653259 -0.0173852257 -0.7165148854 -0.0284210984 0.6967757344
100.449700 -18.4380474091 0.5636571050 8.3164234161 -0.0182434004 -0.7176669836 -0.0316062197 0.6954296231
101.281300 -18.8906402588 0.5865254402 8.2992439270 -0.0133734606 -0.7128779888 -0.0317472667 0.7004414201
102.113100 -19.3041973114 0.6035153270 8.2979393005 -0.0143588288 -0.6975164413 -0.0324805118 0.7156882286
103.049900 -19.6741790771 0.6165210009 8.3423709869 -0.0198239759 -0.6381563544 -0.0274121091 0.7691631913
104.091900 -19.9678516388 0.6258776188 8.4669132233 -0.0131358169 -0.4914975762 -0.0142877121 0.8706626296
104.612400 -20.0836162567 0.6286403537 8.5675687790 -0.0064366376 -0.3980344832 -0.0170076098 0.9171901941
105.028700 -20.1671714783 0.6308102012 8.6766490936 -0.0039765309 -0.3192713261 -0.0108433384 0.9475929737
105.549200 -20.2629089355 0.6319304705 8.8591938019 0.0008131372 -0.1996191889 -0.0182711743 0.9797028303
106.172600 -20.3306388855 0.6297441721 9.1448183060 0.0012316502 -0.0796296671 -0.0182653610 0.9966564178
106.898300 -20.3573131561 0.6254284382 9.5452270508 0.0009298184 -0.0101273628 -0.0174774714 0.9997955561
107.416600 -20.3558845520 0.6238756180 9.8672666550 0.0055018393 -0.0012448617 -0.0115345949 0.9999175668
108.038900 -20.3567886353 0.6147295237 10.2871465683 0.0033134283 -0.0004071583 -0.0070941728 0.9999692440
108.557900 -20.3575706482 0.6075440645 10.6436157227 0.0048293844 -0.0009508079 -0.0052363458 0.9999741912
109.077200 -20.3577785492 0.5976007581 10.9947032928 0.0031348434 0.0000868378 -0.0060252706 0.9999769330
109.596200 -20.3578319550 0.5906345844 11.3439302444 -0.0003291213 -0.0000364396 -0.0074368105 0.9999722838
110.426900 -20.3588790894 0.5803555846 11.8531637192 0.0044238935 0.0061858972 -0.0123371985 0.9998949766
111.051100 -20.3454723358 0.5728749633 12.1791429520 -0.0040136324 0.0442072339 -0.0141344145 0.9989143014
111.781300 -20.2618885040 0.5621250868 12.5062084198 0.0034446188 0.1831977367 -0.0138896843 0.9829719067
112.614800 -20.0358772278 0.5490753055 12.8181104660 0.0152419917 0.3791488707 -0.0138393799 0.9251066446
112.927200 -19.9169483185 0.5421452522 12.9121055603 0.0148652745 0.4512965381 -0.0109101459 0.8921835423
113.447000 -19.6799068451 0.5287067294 13.0345630646 0.0178741366 0.5501919389 -0.0085392734 0.8348032236
114.276900 -19.2238788605 0.5037337542 13.1474914551 0.0218109414 0.6461613774 -0.0025076480 0.7628849745
115.314100 -18.5289916992 0.4698228240 13.2160243988 0.0251240935 0.6805785298 0.0029759037 0.7322381735
116.248200 -17.8261375427 0.4393852353 13.2567844391 0.0213188175 0.6951910853 -0.0028538737 0.7185031176
116.871100 -17.3389816284 0.4156629741 13.2698745728 0.0176406465 0.7046908736 -0.0001750552 0.7092950940
117.390100 -16.9344329834 0.3953050077 13.2718076706 0.0172561798 0.7101625204 -0.0073036915 0.7037883997
118.013200 -16.4500522614 0.3724980354 13.2660493851 0.0124233989 0.7208520770 -0.0105346814 0.6928975582
118.428600 -16.1269607544 0.3590356112 13.2489023209 0.0113477483 0.7293348908 -0.0070631513 0.6840263009
119.155200 -15.5650224686 0.3327284753 13.2070198059 0.0199328195 0.7329072356 0.0011106172 0.6800356507
119.777900 -15.0892133713 0.3097691238 13.1783485413 0.0277140625 0.7216885686 0.0048975213 0.6916455030
120.504600 -14.5291252136 0.2836910784 13.1743507385 0.0315403901 0.7037499547 0.0047231927 0.7097315788
121.127800 -14.0415573120 0.2572716773 13.1870107651 0.0288222600 0.6945261359 0.0026811550 0.7188849449
121.855300 -13.4697570801 0.2306236327 13.2127046585 0.0219798964 0.6916750073 0.0031685375 0.7218673825
122.271100 -13.1514444351 0.2150461823 13.2265062332 0.0181407146 0.6933299899 0.0000745403 0.7203918695
122.790700 -12.7579536438 0.1973513365 13.2411870956 0.0178786367 0.6955787539 -0.0001284189 0.7182273269
123.103400 -12.5272245407 0.1863200665 13.2488899231 0.0167577248 0.6957350373 -0.0014032857 0.7181016207
123.726000 -12.0830163956 0.1626481563 13.2616062164 0.0184265617 0.6999306083 -0.0041461689 0.7139610648
124.141700 -11.8010406494 0.1481187195 13.2667589188 0.0177269280 0.7037606835 -0.0032378696 0.7102085352
124.557500 -11.5265941620 0.1338897645 13.2683992386 0.0205660947 0.7074713111 -0.0034851092 0.7064341307
125.077000 -11.1988725662 0.1168762147 13.2664165497 0.0202446152 0.7090070248 -0.0011594283 0.7049098015
125.388700 -11.0155248642 0.1077748090 13.2652254105 0.0204365887 0.7091252208 -0.0007055035 0.7047859430
125.908300 -10.7255983353 0.0947183669 13.2635402679 0.0187228359 0.7079313993 0.0038335093 0.7060225606
126.324300 -10.5065269470 0.0854214281 13.2638130188 0.0201152284 0.7069830894 0.0034513078 0.7069358826
126.844200 -10.2511987686 0.0733917207 13.2654724121 0.0204893257 0.7059032917 0.0041515515 0.7079996467
127.468200 -9.9711179733 0.0608023852 13.2677917480 0.0205632243 0.7046078444 0.0035493597 0.7092900276
128.300800 -9.6278390884 0.0451046526 13.2707586288 0.0195860807 0.7041866183 0.0040516085 0.7097331882
128.820900 -9.4187717438 0.0367579460 13.2733125687 0.0213178433 0.7039188743 0.0014809399 0.7099588513
129.549600 -9.1312694550 0.0239341706 13.2780466080 0.0207404047 0.7027966976 0.0020799576 0.7110852599
129.965000 -8.9715547562 0.0158260465 13.2820892334 0.0211134367 0.7011442184 -0.0012410430 0.7127057314
130.485500 -8.7757625580 0.0047532320 13.2877445221 0.0229915082 0.6995620131 -0.0071453061 0.7141661644
130.901200 -8.6198463440 -0.0045121908 13.2913360596 0.0206847247 0.6990866065 -0.0071707522 0.7147017717
131.214100 -8.5035123825 -0.0117691159 13.2947101593 0.0215944424 0.7000317574 -0.0101805571 0.7137125134
131.629400 -8.3473024368 -0.0211387277 13.2979774475 0.0214968640 0.7023638487 -0.0105320746 0.7114154100
132.255400 -8.1056127548 -0.0349091887 13.3018703461 0.0204188060 0.7054837942 -0.0061677196 0.7084050179
133.397600 -7.6616921425 -0.0548048913 13.3010272980 0.0162957516 0.7122551203 0.0002429267 0.7017315030
134.959800 -7.1346530914 -0.0797666609 13.2337579727 0.0293029025 0.7857965827 0.0037658522 0.6177789569
136.521700 -6.8103952408 -0.0951676667 13.0649719238 0.0347934626 0.8968047500 -0.0022230544 0.4410506487
137.355500 -6.6825761795 -0.1024145260 12.8862705231 0.0347504281 0.9633824229 0.0064682881 0.2657910287
137.875800 -6.6242656708 -0.1027096659 12.7235660553 0.0294717420 0.9881287813 0.0092327008 0.1504913419
138.395100 -6.5912179947 -0.1016028821 12.5142564774 0.0278258547 0.9975604415 0.0077281063 0.0635544956
139.225100 -6.5923151970 -0.0963075459 12.0827531815 0.0364539772 0.9991270900 0.0119217653 -0.0165539477
139.639800 -6.6015429497 -0.0911803544 11.8252868652 0.0382109769 0.9990550280 0.0116389552 -0.0171318222
140.158600 -6.6083445549 -0.0840184987 11.4696731567 0.0372247174 0.9991743565 0.0131003205 -0.0096608959
140.677700 -6.6106109619 -0.0801238865 11.0851173401 0.0403070748 0.9991238117 0.0111948280 -0.0012757921
140.989300 -6.6109433174 -0.0769191086 10.8469514847 0.0438190587 0.9988743663 0.0181347299 0.0010112911
141.405100 -6.6094899178 -0.0700532496 10.5289859772 0.0422949456 0.9988913536 0.0206309259 -0.0012288986
141.717000 -6.6094346046 -0.0646100938 10.2906799316 0.0428094976 0.9988256097 0.0225734040 -0.0022636065
142.132900 -6.6071372032 -0.0603857636 9.9814033508 0.0354833230 0.9992798567 0.0133443251 -0.0016187906
142.444800 -6.6052203178 -0.0569370687 9.7478284836 0.0338185579 0.9992662668 0.0179164410 0.0014960780
143.172600 -6.5923089981 -0.0520711690 9.2319841385 0.0352430977 0.9991726875 0.0151243759 0.0135305477
143.900600 -6.5722351074 -0.0483695865 8.7924365997 0.0337570608 0.9990510941 0.0153643573 0.0228326041
145.148900 -6.5425939560 -0.0458848178 8.2150802612 0.0241031125 0.9995306730 0.0124805095 0.0142009547
146.500200 -6.5157866478 -0.0465646833 7.7170271873 0.0261810813 0.9989917874 0.0116519993 0.0345575511
147.539800 -6.4667696953 -0.0392796993 7.2681126595 0.0238829292 0.9984011054 0.0154256066 0.0488551706
148.268200 -6.4357295036 -0.0310849994 6.8806142807 0.0180928167 0.9991945624 0.0131599829 0.0333116949
149.101000 -6.4353833199 -0.0227484703 6.3562235832 0.0182796996 0.9995205998 0.0139796203 -0.0207110196
149.724300 -6.4600896835 -0.0123354793 5.9099817276 0.0206756555 0.9990541339 0.0181538910 -0.0336714610
150.659200 -6.5056533813 0.0015351623 5.1696968079 0.0307192076 0.9989711046 0.0187232848 -0.0276129730
151.178500 -6.5245409012 0.0101287961 4.7510190010 0.0405681208 0.9989575148 0.0140610188 -0.0155065488
151.593700 -6.5257415771 0.0145384297 4.4205861092 0.0361230224 0.9992793798 0.0113200489 -0.0027725224
152.009200 -6.5220322609 0.0181446671 4.0931982994 0.0326651372 0.9992811680 0.0181741957 0.0063089356
152.529000 -6.5131068230 0.0238546282 3.7109715939 0.0350000262 0.9992393851 0.0146288089 0.0090359394
153.360700 -6.4986071587 0.0268881321 3.1997702122 0.0290091280 0.9994281530 0.0156518947 0.0075411508
154.712000 -6.4892077446 0.0335950926 2.6678190231 0.0223964397 0.9996594787 0.0108526591 0.0078421421
155.543600 -6.4806966782 0.0358590558 2.3941140175 0.0322571136 0.9992089868 0.0124824364 0.0196235385
156.167300 -6.4648675919 0.0371041894 2.1782610416 0.0331490338 0.9987159371 0.0078179510 0.0375031047
156.687200 -6.4435539246 0.0376561657 1.9713515043 0.0346468613 0.9980601072 0.0089048259 0.0509542152
157.103300 -6.4207310677 0.0378802568 1.7872779369 0.0275911875 0.9981896281 0.0021481980 0.0534004234
157.623200 -6.3914914131 0.0376950242 1.5243883133 0.0175973121 0.9986883998 0.0143447248 0.0458913967
158.143500 -6.3715982437 0.0394413918 1.2363563776 0.0133162318 0.9996719360 0.0042140386 0.0214695204
158.768100 -6.3820486069 0.0377675220 0.8600275517 0.0143303480 0.9992040992 0.0125270355 -0.0350553319
159.391400 -6.4324989319 0.0407769382 0.4601429403 0.0288290512 0.9974642992 0.0049772779 -0.0648772642
159.910000 -6.4727110863 0.0436180793 0.1042393446 0.0362620763 0.9980694652 0.0091372607 -0.0495879650
160.532600 -6.5006465912 0.0457623638 -0.3486968875 0.0355039127 0.9990476966 0.0071721505 -0.0243255589
161.051800 -6.5093069077 0.0466791242 -0.7426921129 0.0331187621 0.9993458390 0.0098186890 -0.0107079372
161.675200 -6.5138406754 0.0473323092 -1.2158097029 0.0350690223 0.9993135333 0.0088590020 -0.0080100326
162.194800 -6.5214099884 0.0466313250 -1.5959095955 0.0369495563 0.9991725087 0.0143288421 -0.0091515183
162.714600 -6.5286083221 0.0505478643 -1.9642783403 0.0347040892 0.9992524981 0.0087956917 -0.0145830428
163.130400 -6.5366792679 0.0510427020 -2.2412207127 0.0386507586 0.9991143346 0.0091147693 -0.0139138391
163.546000 -6.5431485176 0.0513123348 -2.4952318668 0.0396719165 0.9990556836 0.0135916779 -0.0113654844
164.065700 -6.5481152534 0.0495408624 -2.7646377087 0.0392496847 0.9991542101 0.0101838680 -0.0068221581
164.897500 -6.5403280258 0.0480475016 -3.0781319141 0.0347221494 0.9991832376 0.0106500760 0.0177158248
166.352300 -6.4796600342 0.0439689979 -3.4281849861 0.0258425735 0.9915889502 0.0046713660 0.1267346293
167.078800 -6.4113507271 0.0405866019 -3.5613143444 0.0199959539 0.9736778140 0.0059095207 0.2269729823
167.701300 -6.3162326813 0.0370544679 -3.6787290573 0.0205298811 0.9436813593 -0.0012427105 0.3302158415
168.116200 -6.2201790810 0.0343420096 -3.7615489960 0.0206253510 0.9137318134 -0.0037531378 0.4057766199
168.635000 -6.0557651520 0.0274183676 -3.8625588417 0.0198193062 0.8677975535 -0.0000981208 0.4965224564
169.155100 -5.8337221146 0.0204207897 -3.9586391449 0.0211194977 0.8328006864 0.0023284890 0.5531650186
169.363400 -5.7331452370 0.0183743611 -3.9975485802 0.0266755875 0.8230234981 0.0059502395 0.5673493743
169.571500 -5.6271023750 0.0149308704 -4.0335483551 0.0290087517 0.8103811145 0.0117301103 0.5850669742
169.883500 -5.4589409828 0.0103006884 -4.0776281357 0.0294380095 0.7854596972 0.0195965394 0.6179016829
170.299400 -5.2457332611 0.0049979910 -4.1093573570 0.0287535358 0.7504901290 0.0187045410 0.6599908471
171.340500 -4.7071132660 -0.0140759572 -4.1205458641 0.0245741345 0.7065075636 0.0095894989 0.7072136998
172.589200 -3.9473342896 -0.0437750742 -4.0958800316 0.0245670509 0.6897338629 0.0046715960 0.7236310244
173.421400 -3.3307113647 -0.0704935491 -4.0624885559 0.0260997172 0.6869074106 0.0004367064 0.7262760401
174.045000 -2.8153133392 -0.0925718769 -4.0221433640 0.0280028861 0.6763178706 0.0030331281 0.7360711694
174.773000 -2.1622698307 -0.1252224147 -3.9594061375 0.0185203776 0.6760946512 -0.0089449137 0.7365276814
175.293200 -1.6715995073 -0.1510949731 -3.9214284420 0.0127915489 0.6873210669 -0.0109267756 0.7261588573
175.709600 -1.2733306885 -0.1676504910 -3.9097411633 0.0101962751 0.7072169185 -0.0077975877 0.7068800926
176.125500 -0.8702319860 -0.1857453138 -3.9201760292 0.0150599079 0.7223217487 -0.0057461113 0.6913692951
176.437100 -0.5599112511 -0.1990958005 -3.9348375797 0.0190111902 0.7258650661 -0.0027683324 0.6875687838
176.956000 -0.0347251892 -0.2196858227 -3.9574429989 0.0224771705 0.7211769223 0.0015643195 0.6923844218
177.267400 0.2877627611 -0.2319734693 -3.9678225517 0.0243939776 0.7174285054 0.0022729824 0.6962012053
177.579000 0.6238945723 -0.2434676588 -3.9771668911 0.0222246498 0.7158603668 0.0059013451 0.6978647113
177.890400 0.9618470073 -0.2541237175 -3.9867153168 0.0236545373 0.7155151367 0.0032413478 0.6981891394
178.098000 1.1887917519 -0.2648717463 -3.9909663200 0.0213706177 0.7154351473 0.0008411982 0.6983516812
178.513100 1.6513465643 -0.2834751010 -4.0003185272 0.0210951567 0.7152916193 0.0014846500 0.6985060573
178.720700 1.8870531321 -0.2938648164 -4.0039272308 0.0238302704 0.7152640820 -0.0001976991 0.6984478235
178.928400 2.1231966019 -0.3032186627 -4.0100607872 0.0243337303 0.7148848772 0.0033311776 0.6988107562
179.239900 2.4821920395 -0.3182502389 -4.0194892883 0.0266398750 0.7141193151 0.0047122147 0.6995010376
179.447500 2.7267003059 -0.3300057650 -4.0217294693 0.0261380300 0.7140652537 0.0002946138 0.6995909810
179.758900 3.0913484097 -0.3475487530 -4.0282382965 0.0226738323 0.7134957314 0.0007281885 0.7002922297
180.070100 3.4616944790 -0.3620506227 -4.0349049568 0.0239826851 0.7120245099 0.0019238529 0.7017422915
180.381500 3.8269848824 -0.3777897358 -4.0370521545 0.0210140515 0.7110984921 -0.0011850377 0.7027772665
180.692800 4.1885299683 -0.3933222294 -4.0385994911 0.0209748428 0.7093948722 0.0045054369 0.7044847012
181.107600 4.6699647903 -0.4121094346 -4.0392179489 0.0215620808 0.7073680162 0.0033251906 0.7065086961
181.626400 5.2757711411 -0.4325432777 -4.0363435745 0.0225396734 0.7047665715 0.0049005817 0.7090641856
182.041800 5.7486944199 -0.4558541775 -4.0308871269 0.0190577786 0.7052063346 0.0053116805 0.7087260485
182.456900 6.2186870575 -0.4736554325 -4.0266652107 0.0226678438 0.7053627372 0.0034117866 0.7084757686
182.872100 6.6827292442 -0.4937952757 -4.0238475800 0.0223675445 0.7043831348 0.0043991907 0.7094538212
183.287200 7.1433596611 -0.5149016380 -4.0190382004 0.0252879877 0.7031758428 0.0006190775 0.7105658650
183.702500 7.6011676788 -0.5372616053 -4.0136590004 0.0253188889 0.7021017075 0.0050192107 0.7116087079
184.117700 8.0543985367 -0.5584608316 -4.0024056435 0.0238813292 0.7017540336 0.0017191925 0.7120168805
184.429100 8.3909196854 -0.5750411153 -3.9972538948 0.0240442250 0.7010087967 0.0038365971 0.7127368450
185.051900 9.0410957336 -0.6077374220 -3.9830868244 0.0244075954 0.7001080513 0.0037685419 0.7136096954
185.363400 9.3448829651 -0.6228018999 -3.9747676849 0.0224248245 0.6997914910 0.0044595427 0.7139811516
185.882500 9.8128185272 -0.6446824074 -3.9616937637 0.0189487431 0.6994861364 0.0062936530 0.7143672109
186.297900 10.1608629227 -0.6622303724 -3.9526789188 0.0266123433 0.7010748982 0.0020774978 0.7125878334
186.713500 10.4824724197 -0.6781508923 -3.9486439228 0.0247129537 0.7062039971 0.0084698908 0.7075262666
187.129300 10.7706604004 -0.6901235580 -3.9496026039 0.0222744215 0.7113767862 0.0118235033 0.7023582458
187.961000 11.2534418106 -0.7091788054 -3.9571046829 0.0323928148 0.7188069224 0.0105739962 0.6943742037
188.688600 11.5673046112 -0.7222830057 -3.9605174065 0.0306063350 0.7156742811 0.0064326450 0.6977335811
189.830100 11.8781394958 -0.7423578501 -3.9260008335 0.0200375188 0.6336539984 0.0000827314 0.7733570337
190.763600 12.0808620453 -0.7530100346 -3.8142638206 0.0142724710 0.4817482829 -0.0095050437 0.8761418462
191.490300 12.2508392334 -0.7630960345 -3.6197388172 0.0084339064 0.3269471824 -0.0169165805 0.9448535442
192.010200 12.3732328415 -0.7706638575 -3.3993029594 0.0118660303 0.2353586406 -0.0163993444 0.9716977477
192.426500 12.4655866623 -0.7769344449 -3.1606192589 0.0039412640 0.1651388258 -0.0087774023 0.9862233996
192.947000 12.5580224991 -0.7843164206 -2.7850193977 0.0053347712 0.0935405344 0.0052326494 0.9955874085
193.467400 12.6044263840 -0.7891443968 -2.3267869949 -0.0008397764 0.0289488174 0.0046483614 0.9995697141
193.988100 12.6029052734 -0.7963439822 -1.8038119078 0.0009539016 -0.0052781869 -0.0021844432 0.9999832511
194.404900 12.5901994705 -0.8036844134 -1.3594293594 -0.0033253864 -0.0141618652 -0.0047077686 0.9998831153
194.821500 12.5753030777 -0.8101587892 -0.9146683216 -0.0021844299 -0.0128441257 -0.0059797890 0.9998972416
195.237700 12.5638113022 -0.8154700398 -0.4663518369 -0.0026839301 -0.0118435808 -0.0048905611 0.9999142885
195.757500 12.5496149063 -0.8245251775 0.0856517404 -0.0034403438 -0.0102147134 -0.0025188967 0.9999387264
196.173400 12.5394945145 -0.8308354616 0.5231543183 -0.0013299314 -0.0080042817 -0.0014719666 0.9999660254
196.692900 12.5323781967 -0.8374129534 1.0465559959 -0.0049178810 -0.0059672259 -0.0018622105 0.9999683499
197.212500 12.5256814957 -0.8457685709 1.5253428221 -0.0026011993 -0.0049485150 -0.0037609683 0.9999772906
197.835800 12.5177707672 -0.8508269787 2.0366735458 -0.0074361581 -0.0033826646 -0.0027404742 0.9999628663
198.564500 12.5308628082 -0.8548987508 2.5014266968 -0.0074118464 0.0397887453 -0.0098342206 0.9991322160
199.503700 12.6538066864 -0.8641812205 2.8812041283 -0.0017648414 0.2220841944 -0.0078031337 0.9749946594
200.232900 12.8034152985 -0.8719146848 3.0554628372 0.0079990895 0.3660540283 -0.0011706300 0.9305585027
201.064300 12.9397697449 -0.8782580495 3.1455233097 0.0093183545 0.4745051265 -0.0085135475 0.8801622391
202.311500 13.1600656509 -0.8864862323 3.2100727558 0.0068550641 0.6044771075 -0.0015581772 0.7965914607
203.038400 13.3016300201 -0.8916591406 3.2266373634 0.0043104896 0.6513668299 0.0055038072 0.7587307692
204.387500 13.6065607071 -0.9003832340 3.2403092384 0.0173644293 0.6908076406 -0.0025048554 0.7228257060
205.010400 13.8163681030 -0.9095630646 3.2516872883 0.0111796344 0.6920219660 -0.0015534509 0.7217882276
205.737500 14.1022319794 -0.9181758761 3.2605853081 0.0095391748 0.6972060800 0.0035252620 0.7167986035
206.153500 14.2765874863 -0.9222319722 3.2632758617 0.0068706605 0.7063612342 0.0013998543 0.7078167796
206.569400 14.4540767670 -0.9274441004 3.2568526268 0.0154755730 0.7169063687 0.0034581984 0.6969891191
207.192900 14.7526874542 -0.9369380474 3.2387027740 0.0166820008 0.7274101973 0.0071886065 0.6859623790
207.918900 15.1530532837 -0.9464726448 3.2386481762 0.0196580254 0.6943873763 0.0108048655 0.7192516923
208.751000 15.7000713348 -0.9628170729 3.2841262817 0.0102475472 0.6874124408 -0.0010657390 0.7261942029
209.063300 15.9252929688 -0.9689098597 3.2910597324 0.0089934450 0.6975211501 0.0006852445 0.7165074348
209.583200 16.3216724396 -0.9809570909 3.2939264774 0.0085990662 0.7084476948 -0.0031907696 0.7057037354
209.790900 16.4835739136 -0.9862487316 3.2927224636 0.0074966447 0.7101255655 -0.0022622868 0.7040314674
210.206400 16.8080768585 -0.9954626560 3.2899208069 0.0072551449 0.7123970389 -0.0016330015 0.7017372251
210.725800 17.2086753845 -1.0103032589 3.2869009972 0.0082355449 0.7123098969 -0.0041065612 0.7018047571
211.245200 17.6080570221 -1.0246013403 3.2862164974 0.0007308302 0.7107117176 -0.0050164168 0.7034651041
211.764500 18.0021591187 -1.0372465849 3.2911810875 0.0002829425 0.7065749764 -0.0161592159 0.7074536085
212.284100 18.3884525299 -1.0519948006 3.2950537205 0.0051904633 0.7037422657 -0.0194179155 0.7101709843
212.596100 18.6241607666 -1.0638400316 3.2960052490 0.0057211551 0.7046132088 -0.0139761614 0.7094308734
213.012000 18.9332199097 -1.0782048702 3.2962820530 0.0105312495 0.7053174973 -0.0113033699 0.7087231278
213.427800 19.2376937866 -1.0929186344 3.2987415791 0.0114528937 0.7050699592 -0.0077728550 0.7090026736
213.947700 19.6157550812 -1.1104191542 3.3034298420 0.0093694832 0.7061330676 -0.0113539053 0.7079260945
214.571300 20.0698070526 -1.1302690506 3.3074805737 0.0085239010 0.7072114348 -0.0093925372 0.7068883777
214.883100 20.2948989868 -1.1404546499 3.3086757660 0.0148070548 0.7066883445 -0.0084702987 0.7073193192
215.298700 20.5965805054 -1.1547749043 3.3112270832 0.0113283088 0.7063276172 -0.0081905741 0.7077470422
215.506600 20.7455501556 -1.1612682343 3.3126161098 0.0096449591 0.7065815926 -0.0074284296 0.7075268626
215.922400 21.0471210480 -1.1749705076 3.3141124249 0.0125710890 0.7074565291 -0.0082781482 0.7065965533
216.234200 21.2737102509 -1.1854999065 3.3142974377 0.0094393566 0.7078168392 -0.0063129994 0.7063047290
216.754300 21.6523914337 -1.2011615038 3.3142738342 0.0109688044 0.7094780803 -0.0052380962 0.7046226859
217.170000 21.9560775757 -1.2134529352 3.3122944832 0.0174387656 0.7097441554 -0.0061040744 0.7042171955
217.689600 22.3381366730 -1.2327086926 3.3119544983 0.0128056351 0.7089225054 -0.0040898663 0.7051582932
218.105400 22.6430797577 -1.2456836700 3.3117012978 0.0162115339 0.7075623870 -0.0049992353 0.7064471841
218.417300 22.8740329742 -1.2561774254 3.3105270863 0.0171017274 0.7066517472 0.0020166333 0.7073519230
218.729000 23.0996570587 -1.2668147087 3.3125743866 0.0233066808 0.7069886327 -0.0071319756 0.7068047523
218.936900 23.2503147125 -1.2749552727 3.3122961521 0.0199261904 0.7072095871 -0.0025208786 0.7067185640
219.144600 23.3987216949 -1.2834534645 3.3133375645 0.0209352635 0.7069689035 -0.0057093506 0.7069116235
219.352500 23.5450592041 -1.2913208008 3.3128478527 0.0259816106 0.7069007158 -0.0059784623 0.7068101764
219.664400 23.7634906769 -1.3039281368 3.3147714138 0.0165735148 0.7074815631 -0.0042127199 0.7065248489
219.768400 23.8350334167 -1.3072909117 3.3147006035 0.0170723572 0.7074794769 -0.0042141499 0.7065150738
220.080300 24.0460586548 -1.3173780441 3.3146393299 0.0186247826 0.7085259557 -0.0032906879 0.7054312825
220.288200 24.1804122925 -1.3245229721 3.3152856827 0.0161076635 0.7089103460 -0.0039045266 0.7051038146
220.704000 24.4304637909 -1.3374100924 3.3124458790 0.0230482388 0.7094387412 -0.0003652637 0.7043900490
221.119900 24.6420269012 -1.3491785526 3.3111488819 0.0216133110 0.7098945379 0.0017937062 0.7039740086
222.263900 25.0602607727 -1.3691000938 3.3063383102 0.0193369687 0.7127003074 0.0047851484 0.7011857629
223.716900 25.3084201813 -1.3797434568 3.3596384525 0.0088654812 0.6032349467 -0.0040541301 0.7975039482
224.339300 25.3936080933 -1.3842905760 3.4304151535 -0.0031371810 0.4960017800 -0.0169157144 0.8681510687
224.858100 25.4651927948 -1.3859205246 3.5207433701 -0.0036242276 0.3848521411 -0.0217475947 0.9227148890
225.273900 25.5234012604 -1.3878923655 3.6189670563 -0.0045616254 0.3059216440 -0.0263206251 0.9516818523
225.793800 25.5877399445 -1.3899351358 3.7732419968 -0.0048321187 0.2175540924 -0.0298501384 0.9755797386
226.417300 25.6411933899 -1.3916581869 4.0171871185 0.0017596424 0.1047006845 -0.0331332982 0.9939501286
226.833300 25.6552772522 -1.3926080465 4.2219624519 0.0082617104 0.0431865454 -0.0387352742 0.9982816577
227.354400 25.6672592163 -1.4017992020 4.5449590683 0.0098149655 0.0198269058 -0.0375544280 0.9990496635
228.083800 25.6734428406 -1.4159202576 5.1214866638 0.0108951330 0.0096337907 -0.0390820876 0.9991301894
228.708300 25.6785850525 -1.4323956966 5.7211503983 0.0092838565 0.0057943170 -0.0392285213 0.9991703033
229.124400 25.6779098511 -1.4436758757 6.1650934219 0.0067549958 -0.0001357392 -0.0408452041 0.9991426468
229.644200 25.6624183655 -1.4572445154 6.7513866425 0.0060814945 -0.0111692538 -0.0416773222 0.9990502000
229.956100 25.6488246918 -1.4656825066 7.1105084419 0.0033304421 -0.0148924664 -0.0424734578 0.9989810586
230.372000 25.6278686523 -1.4742983580 7.5871334076 -0.0003507353 -0.0177174527 -0.0415960625 0.9989773631
230.788100 25.6096935272 -1.4834235907 8.0579261780 0.0017835564 -0.0147525528 -0.0376666822 0.9991798401
231.204100 25.5991535187 -1.4941174984 8.5247926712 0.0011636976 -0.0075268340 -0.0336636379 0.9994041920
231.724000 25.5922050476 -1.5044212341 9.1062049866 -0.0026544170 -0.0023986076 -0.0301197208 0.9995399117
232.139900 25.5871429443 -1.5095038414 9.5441770554 -0.0062421630 -0.0012335679 -0.0316757597 0.9994779229
232.555900 25.5822982788 -1.5145921707 9.9401121140 -0.0004327997 -0.0021423099 -0.0314881615 0.9995017648
233.283800 25.5716304779 -1.5294387341 10.5101776123 0.0016564148 -0.0046943631 -0.0319987573 0.9994754791
234.323900 25.5649509430 -1.5425040722 11.0719223022 0.0014315156 0.0047769141 -0.0316694304 0.9994859695
235.883400 25.5886249542 -1.5573251247 11.5751857758 0.0064866683 0.0266024582 -0.0264039636 0.9992762804
236.714800 25.6010360718 -1.5662086010 11.9062337875 0.0079897232 0.0220761765 -0.0263536088 0.9993769526
237.753900 25.6112689972 -1.5807361603 12.4907283783 0.0048699924 0.0126259411 -0.0289066117 0.9994904995
238.585400 25.6192913055 -1.5907250643 13.1199789047 0.0041013355 0.0066498206 -0.0286376849 0.9995593429
239.313200 25.6146335602 -1.6005895138 13.8051528931 0.0041563516 0.0028376789 -0.0289344080 0.9995686412
240.040900 25.6108722687 -1.6154795885 14.5794973373 0.0019629346 0.0017891706 -0.0293597057 0.9995653629
240.872800 25.6176414490 -1.6364241838 15.5216951370 0.0044728350 0.0067172572 -0.0243417751 0.9996711016
241.288700 25.6192092896 -1.6491502523 15.9942903519 0.0019995573 0.0071812286 -0.0241686497 0.9996801019
241.912200 25.6211185455 -1.6656990051 16.6883659363 0.0018029242 -0.0022506933 -0.0200993810 0.9997938275
242.431800 25.6078109741 -1.6771947145 17.2243900299 -0.0024874473 -0.0112072201 -0.0218064338 0.9996963143
242.847900 25.5955314636 -1.6806001663 17.6083030701 -0.0045775403 -0.0115061598 -0.0225557815 0.9996688962
243.680300 25.5831851959 -1.6922303438 18.2677135468 -0.0008035619 -0.0009400757 -0.0229760818 0.9997352362
244.304700 25.5900421143 -1.7005182505 18.7255172729 0.0007069991 0.0130038345 -0.0202789325 0.9997095466
245.344700 25.6063270569 -1.7170768976 19.4021492004 0.0014321095 0.0066796592 -0.0151456045 0.9998619556
246.280700 25.5972232819 -1.7290476561 19.9329319000 0.0027322976 -0.0124375867 -0.0142850121 0.9998168945
247.009300 25.5867061615 -1.7381513119 20.3293304443 0.0038718132 -0.0090482468 -0.0125257680 0.9998731017
247.633400 25.5830726624 -1.7449584007 20.6968154907 0.0032585470 -0.0025809214 -0.0109768063 0.9999310970
248.153300 25.5795745850 -1.7498867512 21.0306491852 0.0012902350 -0.0047210851 -0.0115598980 0.9999212027
248.880500 25.5531063080 -1.7583792210 21.5545177460 0.0057494710 -0.0336980671 -0.0134187937 0.9993254542
249.295800 25.5085258484 -1.7652914524 21.8826179504 0.0060806242 -0.0637113452 -0.0219457448 0.9977084994
249.607800 25.4648551941 -1.7715806961 22.1412010193 0.0059882258 -0.0716159493 -0.0293722674 0.9969817400
250.024200 25.4116802216 -1.7782194614 22.4990425110 0.0036312856 -0.0637541041 -0.0357519239 0.9973184466
250.232500 25.3901329041 -1.7820031643 22.6863346100 0.0047419709 -0.0533333421 -0.0373599865 0.9978663921
250.649000 25.3612041473 -1.7901657820 23.0768318176 0.0063095088 -0.0290351920 -0.0363543965 0.9988971353
251.272900 25.3436470032 -1.8047076464 23.7028903961 0.0084829833 -0.0046548531 -0.0345714912 0.9993553758
251.584500 25.3391933441 -1.8148814440 24.0364570618 0.0075158472 -0.0021333299 -0.0341797322 0.9993851781
252.103800 25.3318748474 -1.8263980150 24.5981521606 -0.0027798282 -0.0033711623 -0.0350190178 0.9993770719
252.311500 25.3279991150 -1.8301203251 24.8204212189 -0.0009193870 -0.0045548724 -0.0358008072 0.9993481636
252.727100 25.3181896210 -1.8357921839 25.2651901245 -0.0013824030 -0.0068983152 -0.0376313180 0.9992669225
253.038800 25.3094158173 -1.8400359154 25.5920486450 -0.0003755714 -0.0078943353 -0.0387950689 0.9992159605
253.454400 25.2964210510 -1.8441574574 26.0254669189 -0.0017875734 -0.0064953356 -0.0425620116 0.9990711212
253.974200 25.2880077362 -1.8497245312 26.5249748230 -0.0029575480 -0.0032728747 -0.0439837202 0.9990224838
254.701800 25.2811813354 -1.8617779016 27.1249828339 -0.0007347745 -0.0015095288 -0.0445617810 0.9990051985
256.158200 25.2878837585 -1.8928980827 28.0584392548 0.0080455262 0.0212874170 -0.0420294069 0.9988572001
257.512500 25.3958282471 -1.9213874340 28.5854358673 0.0197031740 0.1534036100 -0.0258591846 0.9876286983
258.345300 25.5218467712 -1.9380884171 28.8204727173 0.0122137871 0.2654254138 -0.0116886338 0.9639831781
259.901300 25.8094272614 -1.9595623016 29.2278976440 0.0113960495 0.2522629499 0.0005859412 0.9675914049
260.835200 25.8261585236 -1.9656740427 29.4445037842 0.0058821053 0.0428225175 -0.0100697940 0.9990146160
261.354100 25.7916584015 -1.9662979841 29.5618133545 -0.0042551719 -0.0803052559 -0.0115945935 0.9966937900
261.873700 25.7250499725 -1.9654828310 29.6871871948 -0.0155600291 -0.1820288002 -0.0198552813 0.9829695821
262.811800 25.5751323700 -1.9608951807 29.9660453796 0.0001659361 -0.2282788604 -0.0291938204 0.9731580019
264.375500 25.3751697540 -1.9774917364 30.7285976410 0.0111702532 -0.0756858140 -0.0352241471 0.9964467287
265.206900 25.3123855591 -1.9884812832 31.3714408875 0.0080136145 -0.0434780866 -0.0287402216 0.9986087680
265.726800 25.2761478424 -1.9973195791 31.8591766357 0.0058343234 -0.0215531718 -0.0343343429 0.9991609454
266.246700 25.2669219971 -2.0110118389 32.3868064880 0.0038889600 -0.0009678398 -0.0346722454 0.9993907213
267.077700 25.2762203217 -2.0358660221 33.2996978760 0.0030041023 0.0065981657 -0.0250643175 0.9996595383
267.493300 25.2750320435 -2.0455389023 33.7772178650 0.0072308802 0.0057478445 -0.0315270387 0.9994602203
268.012800 25.2752685547 -2.0617942810 34.3895034790 0.0045807706 0.0032375676 -0.0296426676 0.9995447993
268.532300 25.2698593140 -2.0797336102 34.9957885742 0.0079944292 0.0001648777 -0.0295092091 0.9995325208
268.843900 25.2692470551 -2.0880217552 35.3550605774 0.0033226418 -0.0030591919 -0.0250951145 0.9996748567
269.467300 25.2553386688 -2.1098444462 36.0555114746 0.0074936496 -0.0097934343 -0.0168867260 0.9997813702
269.882800 25.2367343903 -2.1230866909 36.5014762878 0.0045909747 -0.0105320774 -0.0198113378 0.9997377396
270.402300 25.2165870667 -2.1413290501 37.0041847229 0.0042012329 -0.0088583268 -0.0185166970 0.9997804761
271.442200 25.2198524475 -2.1675596237 37.7657470703 0.0173902363 0.0163193904 -0.0233969800 0.9994417429
272.484000 25.3019084930 -2.1981158257 38.2488021851 0.0194348227 0.1343163848 -0.0203067567 0.9905397892
273.317600 25.4641304016 -2.2155656815 38.5393524170 -0.0012718204 0.2882304192 -0.0157770477 0.9574302435
274.357600 25.8300209045 -2.2375738621 38.8340110779 0.0166230891 0.4671018422 -0.0066854306 0.8840219975
274.980700 26.1887779236 -2.2547128201 39.0138206482 0.0126745161 0.5484626293 -0.0125761563 0.8359844089
275.708100 26.7611427307 -2.2806828022 39.1800498962 0.0074038492 0.6362678409 -0.0238172375 0.7710649371
276.227300 27.2600688934 -2.3047165871 39.2272415161 0.0090120099 0.6858280897 -0.0152730215 0.7275475264
276.745700 27.8144149780 -2.3299274445 39.2292671204 0.0191989653 0.7086314559 -0.0075786049 0.7052768469
277.160600 28.2950630188 -2.3521380424 39.2259521484 0.0222760793 0.7123594880 -0.0042579267 0.7014482617
277.679200 28.9478454590 -2.3821630478 39.2159461975 0.0273855533 0.7125129700 0.0006732351 0.7011239529
278.094600 29.5141582489 -2.4028921127 39.2086448669 0.0258697681 0.7102077007 0.0062974528 0.7034885287
278.406100 29.9552345276 -2.4222450256 39.2049903870 0.0313270651 0.7071819901 0.0074234498 0.7062981725
278.717600 30.4004554749 -2.4426453114 39.2072639465 0.0295223147 0.7045837641 0.0104961628 0.7089287639
278.821500 30.5499401093 -2.4485590458 39.2084045410 0.0293885544 0.7043302655 0.0093365731 0.7092024088
279.029400 30.8501110077 -2.4602637291 39.2123794556 0.0286486186 0.7039095163 0.0071803080 0.7096753716
279.237400 31.1547851562 -2.4756009579 39.2174530029 0.0287137982 0.7044688463 0.0050807414 0.7091356516
279.445200 31.4610614777 -2.4900588989 39.2201042175 0.0291642528 0.7048145533 0.0049908669 0.7087742686
279.653100 31.7721157074 -2.5035023689 39.2215270996 0.0263927560 0.7053735256 0.0051370449 0.7083256245
279.964800 32.2388000488 -2.5254962444 39.2285919189 0.0230176505 0.7067390680 0.0038453520 0.7070893049
280.068700 32.3926887512 -2.5318417549 39.2304763794 0.0226228293 0.7069531083 0.0043425229 0.7068852186
280.380400 32.8677635193 -2.5534296036 39.2325134277 0.0277813021 0.7074394226 0.0039764615 0.7062165737
280.692000 33.3460655212 -2.5768423080 39.2331199646 0.0266563054 0.7079058290 0.0078164386 0.7057603598
280.899700 33.6654701233 -2.5887374878 39.2328910828 0.0261656940 0.7081503272 0.0094124321 0.7055138946
281.211200 34.1484031677 -2.6102945805 39.2320899963 0.0306785982 0.7073196769 0.0071319197 0.7061917782
281.522700 34.6401748657 -2.6333746910 39.2341842651 0.0271521136 0.7068618536 0.0053792433 0.7068098187
281.834100 35.1367721558 -2.6562347412 39.2373771667 0.0261736177 0.7063670754 0.0020864073 0.7073585391
282.145400 35.6333885193 -2.6809573174 39.2432136536 0.0235878918 0.7060045004 0.0026255534 0.7078095675
282.352900 35.9647293091 -2.6953682899 39.2461395264 0.0226735547 0.7059361339 0.0053893086 0.7078920007
282.664200 36.4578361511 -2.7174351215 39.2513046265 0.0240149666 0.7060326934 0.0056619202 0.7077492476
282.975400 36.9403915405 -2.7372586727 39.2532119751 0.0253767632 0.7059659362 0.0065650428 0.7077605724
283.183100 37.2650909424 -2.7507977486 39.2551879883 0.0256229416 0.7061785460 0.0070052147 0.7075353265
283.494400 37.7467651367 -2.7720050812 39.2587966919 0.0240565687 0.7064605951 0.0054276232 0.7073225975
283.909700 38.3853607178 -2.8033211231 39.2630958557 0.0231421646 0.7078906298 0.0034779357 0.7059342265
284.117400 38.7025833130 -2.8172190189 39.2634201050 0.0219764020 0.7085140944 0.0038496463 0.7053439021
284.429200 39.1734008789 -2.8383278847 39.2639770508 0.0246332381 0.7083302736 0.0034234261 0.7054429054
284.740700 39.6336441040 -2.8603799343 39.2636909485 0.0238096043 0.7074104548 0.0064815911 0.7063721418
285.156100 40.2464332581 -2.8850131035 39.2636108398 0.0264389701 0.7063233256 0.0047860430 0.7073792815
285.571300 40.8544921875 -2.9139466286 39.2640533447 0.0248740427 0.7054635286 0.0079762125 0.7082647085
285.882700 41.3087577820 -2.9308207035 39.2676315308 0.0269651897 0.7049818635 0.0071650823 0.7086762786
286.297800 41.9151306152 -2.9594042301 39.2743148804 0.0288556982 0.7048074007 0.0072481255 0.7087745070
286.609300 42.3745460510 -2.9828100204 39.2771682739 0.0270658173 0.7060130239 0.0048438851 0.7076648474
287.024600 42.9911079407 -3.0120444298 39.2806930542 0.0234896019 0.7087205648 0.0020396230 0.7050951719
287.336200 43.4570388794 -3.0344121456 39.2772865295 0.0232299436 0.7099474072 0.0011776452 0.7038704753
287.647700 43.9246063232 -3.0546336174 39.2741165161 0.0245737489 0.7100120187 0.0040522702 0.7037490010
287.959100 44.3897476196 -3.0756835938 39.2722549438 0.0248627868 0.7099470496 0.0052138241 0.7037967443
288.166800 44.6970634460 -3.0902509689 39.2727622986 0.0237057284 0.7102020979 0.0055945977 0.7035763860
288.478300 45.1578369141 -3.1117043495 39.2714347839 0.0256699920 0.7103906870 0.0030680194 0.7033326030
288.893800 45.7699012756 -3.1414380074 39.2679290771 0.0233251713 0.7098233700 0.0025318828 0.7039888501
289.101500 46.0747833252 -3.1558372974 39.2682723999 0.0220949352 0.7091461420 0.0005162459 0.7047150731
289.309200 46.3808898926 -3.1702840328 39.2695121765 0.0216643494 0.7086579204 0.0003471346 0.7052194476
289.620700 46.8287162781 -3.1919193268 39.2670631409 0.0221685320 0.7070167661 0.0025136045 0.7068448067
290.035800 47.4143714905 -3.2187097073 39.2735557556 0.0235080756 0.7055831552 0.0041522966 0.7082248926
290.347200 47.8564491272 -3.2391295433 39.2758293152 0.0273393150 0.7044305205 0.0055638473 0.7092244029
290.866300 48.5978088379 -3.2746589184 39.2846069336 0.0260765776 0.7044345140 0.0037734779 0.7092797756
291.073900 48.8970680237 -3.2886204720 39.2874183655 0.0248795841 0.7047958374 0.0045443820 0.7089592218
291.385400 49.3425941467 -3.3093061447 39.2921371460 0.0256161150 0.7060887814 0.0021950006 0.7076564431
291.593200 49.6389846802 -3.3238320351 39.2937164307 0.0245995056 0.7067537308 0.0018773248 0.7070294023
291.904700 50.0848350525 -3.3448772430 39.2968902588 0.0245716367 0.7082707882 0.0042057005 0.7055005431
292.216400 50.5292472839 -3.3645179272 39.2947845459 0.0239710920 0.7097599506 0.0053625288 0.7040152550
292.527900 50.9726676941 -3.3843209743 39.2912063599 0.0278384611 0.7105250955 0.0050900890 0.7031025887
292.839300 51.4134902954 -3.4043173790 39.2877769470 0.0269197803 0.7112156153 0.0054474254 0.7024371624
293.150800 51.8472061157 -3.4260005951 39.2841682434 0.0250449162 0.7117403150 0.0037238321 0.7019861937
293.566200 52.4226379395 -3.4549698830 39.2771492004 0.0247864742 0.7119647264 0.0024219709 0.7017734647
293.877700 52.8561286926 -3.4734067917 39.2728881836 0.0218163580 0.7121047974 0.0034936462 0.7017254233
294.292700 53.4198989868 -3.5012955666 39.2655944824 0.0254463553 0.7122268677 0.0034228882 0.7014796734
294.603900 53.8382797241 -3.5202922821 39.2620849609 0.0249263495 0.7123027444 0.0056688935 0.7014066577
294.811600 54.1146507263 -3.5331027508 39.2582817078 0.0267975088 0.7124983072 0.0059489431 0.7011367083
295.019200 54.3909187317 -3.5466799736 39.2549591064 0.0271520466 0.7123284936 0.0073412880 0.7012823820
295.330300 54.7990379333 -3.5664401054 39.2516555786 0.0274548940 0.7114464641 0.0062851394 0.7021756768
295.537800 55.0670356750 -3.5806269646 39.2508201599 0.0290980600 0.7091792226 0.0052675582 0.7044078112
295.849100 55.4652824402 -3.6001012325 39.2561759949 0.0291656982 0.6983296871 0.0081664147 0.7151351571
296.263800 55.9916877747 -3.6256041527 39.2915153503 0.0290358160 0.6719456911 0.0079609100 0.7399882078
296.782300 56.6183052063 -3.6554303169 39.4049339294 0.0266746059 0.6272419095 0.0051172813 0.7783507705
297.300800 57.2224311829 -3.6872832775 39.5868682861 0.0230042543 0.5767948627 0.0019681361 0.8165626526
297.923700 57.9268455505 -3.7277598381 39.9057540894 0.0166576281 0.5289053917 -0.0034622652 0.8485102057
298.235300 58.2727279663 -3.7474460602 40.0916442871 0.0145916091 0.5127421021 -0.0072059147 0.8583884239
298.859600 58.9484367371 -3.7838907242 40.4683189392 0.0120449141 0.5114426613 -0.0116730714 0.8591536880
299.172000 59.2893943787 -3.8022098541 40.6522407532 0.0103544081 0.5239124298 -0.0143055264 0.8515890837
299.692700 59.8674468994 -3.8373675346 40.9069290161 0.0108388048 0.5626603961 -0.0169332009 0.8264436126
300.213400 60.4695320129 -3.8746240139 41.0971298218 0.0132573433 0.6121404171 -0.0111018233 0.7905600071
300.733600 61.0891418457 -3.9092719555 41.2053184509 0.0216111578 0.6608086228 -0.0109089790 0.7501639128
301.149400 61.5962524414 -3.9425921440 41.2363014221 0.0274877250 0.6940908432 -0.0073344051 0.7193250656
301.565100 62.1174049377 -3.9745938778 41.2289619446 0.0298989285 0.7190122604 -0.0046223048 0.6943386197
301.772700 62.3875045776 -3.9893531799 41.2139129639 0.0306008663 0.7288953662 -0.0040658205 0.6839287877
302.187800 62.9320755005 -4.0208892822 41.1642265320 0.0320641622 0.7411631942 0.0009506862 0.6705580354
302.499100 63.3494186401 -4.0426220894 41.1192398071 0.0298428945 0.7470104098 0.0054378086 0.6641198993
302.810300 63.7797660828 -4.0616731644 41.0636749268 0.0328376777 0.7498958111 0.0097514661 0.6606684923
303.121700 64.2111968994 -4.0844268799 41.0089988708 0.0330355614 0.7521793246 0.0028377369 0.6581237316
303.433000 64.6429138184 -4.1089506149 40.9557571411 0.0224615894 0.7558683753 -0.0041159866 0.6543252468
303.848100 65.2083816528 -4.1435036659 40.8754425049 0.0192897990 0.7620615959 -0.0111489110 0.6471211314
304.159600 65.6155014038 -4.1672515869 40.8074989319 0.0123867886 0.7690691948 -0.0089290012 0.6389831305
304.679800 66.2041091919 -4.1980972290 40.6703910828 0.0111558316 0.7993440628 -0.0088358112 0.6007050872
305.305600 66.7337188721 -4.2261247635 40.4260940552 0.0161341466 0.8665799499 0.0027082430 0.4987699986
305.931300 67.1185913086 -4.2471222878 40.0835838318 0.0208503399 0.9328091145 -0.0026596885 0.3597572744
306.556100 67.3751754761 -4.2576875687 39.6362152100 0.0262369346 0.9767210484 0.0093613118 0.2126969248
306.972300 67.4734649658 -4.2565002441 39.2887763977 0.0257453956 0.9925708771 0.0096849408 0.1185178459
307.491700 67.5218887329 -4.2558202744 38.8167991638 0.0277608763 0.9992410541 0.0100287693 0.0254171677
307.802700 67.5231475830 -4.2514100075 38.5262413025 0.0302744862 0.9994304776 0.0147691509 -0.0020108956
308.321200 67.5119171143 -4.2458720207 38.0450630188 0.0284500029 0.9992935658 0.0149612157 -0.0194725357
308.632600 67.4987030029 -4.2440013885 37.7585105896 0.0324089974 0.9991284013 0.0121581443 -0.0233300254
308.944200 67.4866485596 -4.2400922775 37.4738960266 0.0322310440 0.9990363717 0.0148547320 -0.0258239247
309.360100 67.4672317505 -4.2358222008 37.0988883972 0.0334625654 0.9989799261 0.0163233560 -0.0255532339
309.672100 67.4563827515 -4.2325553894 36.8229713440 0.0319463909 0.9991017580 0.0156379901 -0.0230342224
310.088200 67.4387893677 -4.2288746834 36.4554481506 0.0354033113 0.9990476966 0.0141412038 -0.0212208219
310.504400 67.4240646362 -4.2252678871 36.0909996033 0.0366878174 0.9990199804 0.0143987667 -0.0201419722
311.024100 67.4097213745 -4.2207212448 35.6362113953 0.0410394743 0.9989649653 0.0112510705 -0.0160675328
311.439800 67.4044799805 -4.2153902054 35.2666244507 0.0415505767 0.9989915490 0.0146480082 -0.0086534070
311.751600 67.4041442871 -4.2117443085 34.9890785217 0.0409156531 0.9990789890 0.0128187668 -0.0016474882
312.167400 67.4085617065 -4.2105350494 34.6136054993 0.0423525237 0.9990316629 0.0094674500 0.0072370921
312.583500 67.4180755615 -4.2082543373 34.2240753174 0.0391152650 0.9991759658 0.0089405123 0.0061235838
313.103900 67.4139862061 -4.2061614990 33.7176704407 0.0369305946 0.9992104173 0.0069148969 -0.0129171377
313.623700 67.3893814087 -4.2046160698 33.1689262390 0.0357718207 0.9988570213 0.0078113256 -0.0307257939
313.935500 67.3636703491 -4.2011013031 32.8112258911 0.0363461748 0.9984926581 0.0093209408 -0.0400557369
314.351300 67.3168106079 -4.1959614754 32.3241386414 0.0356726088 0.9977236986 0.0113108931 -0.0560981669
314.663300 67.2696533203 -4.1905908585 31.9562759399 0.0359919481 0.9968194962 0.0153232291 -0.0694312006
315.079600 67.1867446899 -4.1824102402 31.4656333923 0.0284734070 0.9946683049 0.0137382429 -0.0981603488
315.704300 66.9803009033 -4.1751146317 30.7644348145 0.0315998308 0.9847098589 0.0071327165 -0.1711637825
316.016200 66.8381652832 -4.1722650528 30.4217510223 0.0299620163 0.9774830341 0.0095236003 -0.2086586803
316.535500 66.5454025269 -4.1576070786 29.8757209778 0.0344670750 0.9641983509 0.0182240326 -0.2623003423
317.054100 66.2135009766 -4.1352825165 29.3611583710 0.0363817513 0.9566105008 0.0192459989 -0.2884481847
317.573000 65.8659896851 -4.1113529205 28.8637695312 0.0293264724 0.9497906566 0.0124080256 -0.3112615347
317.988200 65.5728988647 -4.1024584770 28.4729309082 0.0233207177 0.9440751672 0.0140353916 -0.3286049664
318.507200 65.1882476807 -4.0822963715 27.9946956635 0.0288972296 0.9417208433 0.0140354978 -0.3348578811
318.818300 64.9546966553 -4.0717601776 27.7020034790 0.0330345221 0.9436038733 0.0154722854 -0.3290608525
319.337400 64.5779495239 -4.0468511581 27.2020092010 0.0421030298 0.9494501948 0.0161625966 -0.3106613755
319.648700 64.3642501831 -4.0331950188 26.8969974518 0.0444013886 0.9528772831 0.0143476846 -0.2997457087
320.064200 64.0892944336 -4.0139570236 26.4856987000 0.0433494449 0.9560087323 0.0158697497 -0.2896831036
320.376200 63.8878707886 -4.0025544167 26.1785717010 0.0449149720 0.9564615488 0.0156588852 -0.2879562080
320.688300 63.6906890869 -3.9902741909 25.8720836639 0.0382901132 0.9568327665 0.0097529786 -0.2879405320
321.000400 63.4902191162 -3.9799015522 25.5641117096 0.0355525240 0.9566752315 0.0132990768 -0.2886722684
321.312100 63.2895507812 -3.9696695805 25.2564487457 0.0346819349 0.9580996037 0.0099995770 -0.2841520309
321.623700 63.0958023071 -3.9628582001 24.9450416565 0.0337888189 0.9604937434 0.0100413840 -0.2760601342
322.039400 62.8433227539 -3.9500913620 24.5218048096 0.0340515673 0.9628357887 0.0112277307 -0.2676969767
322.559000 62.5286483765 -3.9357223511 23.9900474548 0.0334533229 0.9629242420 0.0135960681 -0.2673443258
322.974800 62.2693481445 -3.9189357758 23.5573825836 0.0336897038 0.9627640843 0.0153608164 -0.2677952945
323.390800 62.0123634338 -3.9055175781 23.1296672821 0.0331079662 0.9621419907 0.0136038754 -0.2701881230
323.806800 61.7521972656 -3.8941082954 22.7094650269 0.0317298025 0.9605644345 0.0124848252 -0.2759589255
324.014900 61.6213531494 -3.8882904053 22.5059432983 0.0317129008 0.9590602517 0.0139485002 -0.2810749710
324.326700 61.4250259399 -3.8784754276 22.2026405334 0.0307406932 0.9568274617 0.0137024615 -0.2887014151
324.638300 61.2268943787 -3.8687181473 21.9073486328 0.0327230617 0.9549672604 0.0166425351 -0.2944312692
324.950100 61.0282363892 -3.8593723774 21.6165828705 0.0341683663 0.9541671276 0.0159004442 -0.2968918979
325.365700 60.7658042908 -3.8459653854 21.2364025116 0.0346206352 0.9544436932 0.0135482149 -0.2960661054
325.781500 60.5027389526 -3.8341517448 20.8485908508 0.0337633677 0.9536648989 0.0137060741 -0.2986560166
326.197500 60.2302703857 -3.8199584484 20.4554443359 0.0341430493 0.9530563951 0.0117819393 -0.3006309271
326.405500 60.0903091431 -3.8121933937 20.2539329529 0.0335023887 0.9527297616 0.0106766047 -0.3017773330
326.613300 59.9492645264 -3.8059527874 20.0513343811 0.0326073989 0.9523031116 0.0109543437 -0.3032086492
326.925200 59.7266845703 -3.7938075066 19.7370586395 0.0332607403 0.9516971707 0.0112162847 -0.3050253093
327.133100 59.5769004822 -3.7886719704 19.5247592926 0.0324346274 0.9514215589 0.0112064686 -0.3059728742
327.548800 59.2670516968 -3.7714698315 19.0834465027 0.0336082578 0.9518160820 0.0143686477 -0.3044833839
327.964300 58.9583396912 -3.7558012009 18.6308174133 0.0343819819 0.9537996650 0.0139752654 -0.2981421649
328.276000 58.7232856750 -3.7416639328 18.2813243866 0.0361641794 0.9552550316 0.0157668144 -0.2931406200
328.587500 58.4883193970 -3.7279925346 17.9265422821 0.0357399844 0.9562181234 0.0145063903 -0.2901019156
328.899100 58.2531127930 -3.7140641212 17.5661430359 0.0335663334 0.9563078880 0.0151182553 -0.2900343239
329.418700 57.8582534790 -3.6967430115 16.9705352783 0.0275362227 0.9536644816 0.0133612175 -0.2993113995
330.042100 57.3381996155 -3.6670820713 16.2414321899 0.0299945511 0.9499875903 0.0167595968 -0.3103917837
330.561400 56.8830947876 -3.6398487091 15.6194438934 0.0327993073 0.9491902590 0.0144456774 -0.3126554191
330.872900 56.6060562134 -3.6255168915 15.2386131287 0.0319187902 0.9493840337 0.0129546970 -0.3122231662
331.184500 56.3229675293 -3.6106896400 14.8457984924 0.0304047130 0.9500218034 0.0112533821 -0.3104955256
331.599800 55.9505157471 -3.5942850113 14.3235626221 0.0286159739 0.9511411786 0.0128347725 -0.3071593642
331.807500 55.7632522583 -3.5846524239 14.0577239990 0.0285125226 0.9516722560 0.0160478279 -0.3053676486
332.118900 55.4821052551 -3.5684399605 13.6595745087 0.0311332960 0.9524232149 0.0179663450 -0.3026515841
332.326600 55.2951698303 -3.5580806732 13.3944740295 0.0334018841 0.9527170062 0.0143150231 -0.3016781509
332.638200 55.0163574219 -3.5428035259 12.9932422638 0.0331772417 0.9534734488 0.0131536918 -0.2993570268
332.949800 54.7427978516 -3.5293107033 12.5905132294 0.0307402536 0.9540050030 0.0128622083 -0.2979329526
333.261300 54.4672851562 -3.5172748566 12.1903839111 0.0314890705 0.9548032284 0.0127217090 -0.2952921391
333.469000 54.2853469849 -3.5080056190 11.9205665588 0.0323102437 0.9552931786 0.0147839580 -0.2935173213
333.780300 54.0156860352 -3.4932868481 11.5158824921 0.0335683078 0.9559156895 0.0145604573 -0.2913527191
334.092000 53.7491607666 -3.4777407646 11.1121273041 0.0339051783 0.9564095140 0.0144015579 -0.2896962762
334.299800 53.5724792480 -3.4685854912 10.8454780579 0.0333230942 0.9565574527 0.0131616602 -0.2893340886
334.611300 53.3108825684 -3.4568064213 10.4507083893 0.0338911749 0.9567176104 0.0139781078 -0.2886995673
334.922600 53.0668640137 -3.4470582008 10.0765018463 0.0319714993 0.9568848610 0.0133219343 -0.2883950770
335.234000 52.8395538330 -3.4385323524 9.7266559601 0.0310945902 0.9572050571 0.0166219994 -0.2872548997
335.545500 52.6253128052 -3.4282956123 9.3990039825 0.0318168812 0.9571607709 0.0204569101 -0.2870756984
335.857000 52.4144630432 -3.4141974449 9.0819263458 0.0301923528 0.9555318952 0.0184957348 -0.2927543819
336.272700 52.1292991638 -3.3971238136 8.6703968048 0.0324385948 0.9528636932 0.0169429779 -0.3011834919
336.688000 51.8503189087 -3.3819017410 8.2638320923 0.0324073024 0.9542852044 0.0119892051 -0.2968935966
337.103300 51.5712966919 -3.3686099052 7.8442401886 0.0307030305 0.9562532902 0.0111581627 -0.2907103002
337.415000 51.3638992310 -3.3607985973 7.5314636230 0.0300480016 0.9561040998 0.0125088776 -0.2912140489
337.934500 51.0022659302 -3.3443565369 6.9954681396 0.0303404331 0.9545751214 0.0114690382 -0.2961996794
338.246100 50.7795562744 -3.3320527077 6.6741352081 0.0318743177 0.9541411996 0.0107097961 -0.2974624634
338.765300 50.3961257935 -3.3156504631 6.1149883270 0.0316756591 0.9546954036 0.0116391918 -0.2956651449
339.077100 50.1595840454 -3.3033483028 5.7693233490 0.0322492421 0.9543739557 0.0125698084 -0.2966013551
339.389000 49.9179382324 -3.2922527790 5.4166641235 0.0311572924 0.9530065656 0.0134639991 -0.3010422885
339.804700 49.5818405151 -3.2739636898 4.9439792633 0.0330117643 0.9514573216 0.0136299888 -0.3057015240
340.116600 49.3240699768 -3.2604818344 4.5837383270 0.0340430290 0.9511180520 0.0138657065 -0.3066321909
340.428500 49.0592498779 -3.2453141212 4.2154636383 0.0355261676 0.9514431953 0.0141374106 -0.3054404557
340.740500 48.7929458618 -3.2300937176 3.8381137848 0.0347600766 0.9517334700 0.0125863813 -0.3046911955
341.052600 48.5226135254 -3.2161612511 3.4533061981 0.0349247120 0.9522105455 0.0110985963 -0.3032362163
341.364500 48.2516899109 -3.2051110268 3.0627975464 0.0333432034 0.9528728127 0.0086216088 -0.3014088273
341.676500 47.9765510559 -3.1969370842 2.6667137146 0.0320556909 0.9536432028 0.0067120022 -0.2991522551
341.884200 47.7916107178 -3.1904487610 2.3965339661 0.0330002271 0.9539660215 0.0103273122 -0.2979146242
342.091900 47.6083297729 -3.1814422607 2.1263942719 0.0332339220 0.9540780187 0.0134862447 -0.2974033058
342.299600 47.4233016968 -3.1716737747 1.8541698456 0.0326250233 0.9542304873 0.0142405303 -0.2969460785
342.611000 47.1436767578 -3.1562819481 1.4433765411 0.0346976817 0.9543012977 0.0170525424 -0.2963348627
343.026200 46.7694664001 -3.1363430023 0.8934478760 0.0324440747 0.9540698528 0.0123772249 -0.2975650132
343.441400 46.3987617493 -3.1200299263 0.3498344421 0.0321372226 0.9535683990 0.0117721697 -0.2992255390
343.752700 46.1211013794 -3.1091601849 -0.0522727966 0.0319823138 0.9534827471 0.0117831705 -0.2995145321
344.167700 45.7559051514 -3.0941572189 -0.5830307007 0.0326967686 0.9537389278 0.0119444039 -0.2986140847
344.478900 45.4882507324 -3.0848314762 -0.9733009338 0.0329367071 0.9537676573 0.0111589991 -0.2985261977
344.686400 45.3094558716 -3.0749900341 -1.2328720093 0.0328849293 0.9536677599 0.0116673959 -0.2988314629
344.997600 45.0484237671 -3.0654442310 -1.6079921722 0.0314375348 0.9534526467 0.0114710359 -0.2996801436
345.309000 44.7872657776 -3.0517601967 -1.9832973480 0.0315862522 0.9528020620 0.0140081625 -0.3016195297
345.724200 44.4459152222 -3.0345120430 -2.4665069580 0.0314478725 0.9519657493 0.0159467869 -0.3041675687
346.035600 44.1900825500 -3.0197923183 -2.8264274597 0.0338775441 0.9518019557 0.0176008679 -0.3043281436
346.346900 43.9412384033 -3.0051181316 -3.1839408875 0.0320664607 0.9522591233 0.0153402453 -0.3032143712
346.554500 43.7794036865 -2.9981274605 -3.4199714661 0.0317951329 0.9524839520 0.0157585591 -0.3025145233
346.762100 43.6182250977 -2.9897646904 -3.6531524658 0.0329423025 0.9527672529 0.0146058397 -0.3015560508
346.969600 43.4585037231 -2.9819171429 -3.8841762543 0.0335975327 0.9530842304 0.0166184250 -0.3003755212
347.281100 43.2220191956 -2.9692368507 -4.2290554047 0.0329142399 0.9532479048 0.0153618800 -0.2999984920
347.488900 43.0638275146 -2.9605126381 -4.4568901062 0.0321246050 0.9534716010 0.0155793019 -0.2993613780
347.800600 42.8317718506 -2.9491159916 -4.7941379547 0.0330609977 0.9535263777 0.0164263230 -0.2990395129
348.112500 42.6026916504 -2.9351034164 -5.1257915497 0.0346320122 0.9538736343 0.0155402254 -0.2977989018
348.424300 42.3837661743 -2.9233052731 -5.4497737885 0.0354268551 0.9545829892 0.0139650572 -0.2955015898
348.943000 42.0338973999 -2.9050910473 -5.9889097214 0.0403627940 0.9618190527 0.0069129849 -0.2706052363
349.772400 41.6207695007 -2.8994488716 -6.9034695625 0.0421065986 0.9849202633 0.0032129970 -0.1677759886
350.291500 41.4774475098 -2.8993258476 -7.5025873184 0.0409537442 0.9947335124 0.0047714366 -0.0938366652
350.811600 41.4153976440 -2.8999068737 -8.0878171921 0.0363151021 0.9983854294 0.0049764994 -0.0433934778
351.645100 41.3599624634 -2.9155304432 -8.9576539993 0.0276331883 0.9985280037 0.0054464955 -0.0463524349
352.375700 41.2202568054 -2.9161779881 -9.6220560074 0.0211536195 0.9871202707 0.0085152946 -0.1583463997
353.105700 40.9136466980 -2.8935296535 -10.1923418045 0.0219826531 0.9480667710 0.0070756623 -0.3172319531
353.418200 40.7314567566 -2.8897440434 -10.3850317001 0.0213562548 0.9219890237 0.0089244600 -0.3865236342
354.146200 40.2502212524 -2.8830823898 -10.6958780289 -0.0217553638 -0.8382219076 -0.0119982576 0.5447630882
354.458000 40.0223808289 -2.8741791248 -10.7616930008 -0.0260624774 -0.7977468371 -0.0131229572 0.6022861004
355.392500 39.4858741760 -2.8517496586 -10.7688369751 -0.0268152803 -0.6653199196 -0.0180944968 0.7458572388
355.808500 39.2927780151 -2.8451771736 -10.7031946182 -0.0248165466 -0.5844576359 -0.0258759484 0.8106317520
356.537000 39.0189514160 -2.8294687271 -10.4851779938 -0.0186926015 -0.4030049443 -0.0331603549 0.9144058228
357.057100 38.8766975403 -2.8213217258 -10.2489004135 -0.0163063500 -0.2590284348 -0.0331747383 0.9651620388
357.990900 38.7404212952 -2.8006320000 -9.6498279572 -0.0235187709 -0.0643869415 -0.0412732102 0.9967937469
358.405500 38.7200164795 -2.7908601761 -9.3196640015 -0.0162643138 -0.0164849330 -0.0523466170 0.9983604550
358.923700 38.7221832275 -2.7816090584 -8.8481578827 -0.0175367668 0.0101299705 -0.0556369014 0.9982456565
359.338700 38.7327499390 -2.7753171921 -8.4311304092 -0.0067569944 0.0178359281 -0.0594708100 0.9980478287
359.857900 38.7464294434 -2.7717432976 -7.8549704552 -0.0098520173 0.0216020215 -0.0697382241 0.9972827435
360.169500 38.7598762512 -2.7686908245 -7.4887428284 -0.0123612881 0.0254287291 -0.0725823119 0.9969615936
360.688900 38.7866287231 -2.7634561062 -6.8385086060 -0.0148849525 0.0292000491 -0.0744344294 0.9966871738
361.000600 38.8078651428 -2.7569622993 -6.4259147644 -0.0152693819 0.0310366750 -0.0754343346 0.9965506792
361.312200 38.8294487000 -2.7501120567 -5.9973535538 -0.0161097404 0.0309155174 -0.0768940374 0.9964296222
361.623700 38.8497085571 -2.7426681519 -5.5585470200 -0.0130784530 0.0280632377 -0.0744663030 0.9967427850
361.935100 38.8767509460 -2.7302088737 -5.0956020355 -0.0298621785 0.0229678471 -0.0583265536 0.9975864887
362.246600 38.8961639404 -2.7125024796 -4.6317977905 -0.0266512129 0.0181344636 -0.0499209873 0.9982328415
362.454200 38.9010124207 -2.7019708157 -4.3201465607 -0.0179155096 0.0160897896 -0.0548191331 0.9982059002
362.766000 38.9143638611 -2.6920101643 -3.8515729904 -0.0202635378 0.0175375361 -0.0554087386 0.9981040359
363.077700 38.9312820435 -2.6814169884 -3.3831074238 -0.0210888050 0.0193527546 -0.0512992777 0.9982730746
363.389400 38.9475631714 -2.6676747799 -2.9056692123 -0.0209908504 0.0180136524 -0.0465420187 0.9985333085
363.597200 38.9568595886 -2.6597778797 -2.5837540627 -0.0255772620 0.0165079013 -0.0413180962 0.9986822009
363.909300 38.9694824219 -2.6457703114 -2.1036176682 -0.0168030169 0.0186769683 -0.0429859422 0.9987597466
364.221000 38.9842147827 -2.6350436211 -1.6174168587 -0.0223097727 0.0219275877 -0.0432548411 0.9985741973
364.532800 39.0002632141 -2.6234159470 -1.1353597641 -0.0217854325 0.0230426341 -0.0470893309 0.9983872175
364.844600 39.0208244324 -2.6108248234 -0.6574480534 -0.0213911105 0.0228621792 -0.0451379418 0.9984900355
365.052400 39.0366249084 -2.6029980183 -0.3419197798 -0.0187393557 0.0237032864 -0.0416375138 0.9986757636
365.468000 39.0499496460 -2.5962491035 0.2799010277 -0.0102393860 0.0239174645 -0.0596627779 0.9978795052
365.779500 39.0621528625 -2.5956501961 0.7508442402 -0.0114046540 0.0213219579 -0.0628529862 0.9977298379
365.987400 39.0755424500 -2.5939569473 1.0679260492 -0.0197451971 0.0202582702 -0.0565716662 0.9979977012
366.299200 39.0912513733 -2.5884385109 1.5369634628 -0.0040955720 0.0199010316 -0.0546826757 0.9982970357
366.507200 39.1014900208 -2.5897908211 1.8540793657 -0.0058826492 0.0214856230 -0.0548242889 0.9982475042
366.819000 39.1181526184 -2.5902271271 2.3336670399 -0.0095574474 0.0229119547 -0.0533046909 0.9982696772
367.026900 39.1317863464 -2.5894386768 2.6535124779 -0.0084675439 0.0211292058 -0.0503054671 0.9984744191
367.234700 39.1429824829 -2.5882198811 2.9798002243 -0.0125821540 0.0199100934 -0.0484147817 0.9985495806
367.442600 39.1554985046 -2.5859327316 3.3068137169 -0.0123673277 0.0192792770 -0.0431086645 0.9988077879
367.650500 39.1686706543 -2.5847144127 3.6323711872 -0.0081216916 0.0198936425 -0.0371953584 0.9990769625
367.754500 39.1742172241 -2.5847811699 3.7956714630 -0.0035757173 0.0200525038 -0.0375470854 0.9990872741
367.962400 39.1847839355 -2.5876686573 4.1241283417 -0.0055579045 0.0216549858 -0.0368460268 0.9990708232
368.170200 39.1951751709 -2.5872089863 4.4449920654 -0.0089921681 0.0226172712 -0.0416999310 0.9988336563
368.378100 39.2072944641 -2.5857477188 4.7639451027 -0.0113727702 0.0228946656 -0.0470090769 0.9985672832
368.586000 39.2177886963 -2.5840623379 5.0806379318 -0.0126147969 0.0216868185 -0.0505494550 0.9984064102
368.793700 39.2283668518 -2.5830395222 5.3960208893 -0.0093129938 0.0200798865 -0.0504511893 0.9984812140
369.105600 39.2413406372 -2.5827627182 5.8679127693 -0.0096702157 0.0207360256 -0.0561498776 0.9981601238
369.313500 39.2521514893 -2.5808260441 6.1796393394 -0.0115658138 0.0216395240 -0.0558267087 0.9981389642
369.625300 39.2676925659 -2.5822007656 6.6402287483 -0.0075668921 0.0213988740 -0.0582849495 0.9980419278
369.936900 39.2843704224 -2.5811326504 7.1013708115 -0.0182891060 0.0215035323 -0.0556455180 0.9980514646
370.144600 39.2954597473 -2.5779364109 7.4040975571 -0.0187135022 0.0195319448 -0.0513490029 0.9983143806
370.560200 39.3115730286 -2.5793802738 7.9974951744 -0.0033934952 0.0190431830 -0.0591516718 0.9980615973
371.183600 39.3409996033 -2.5788946152 8.8798246384 -0.0099992976 0.0214277413 -0.0553747490 0.9981856346
371.599400 39.3619308472 -2.5761766434 9.4538993835 -0.0116150891 0.0225226413 -0.0498957634 0.9984328747
371.911000 39.3772811890 -2.5748755932 9.8807430267 -0.0104714790 0.0252200086 -0.0494858809 0.9984014630
372.326600 39.3967628479 -2.5764317513 10.4345369339 -0.0091878027 0.0224487614 -0.0486057624 0.9985234737
372.638200 39.4104614258 -2.5735759735 10.8438186646 -0.0146488734 0.0194772035 -0.0477301739 0.9985629320
373.054000 39.4285736084 -2.5694653988 11.3868150711 -0.0138627570 0.0191751514 -0.0476635918 0.9985831380
373.365900 39.4377708435 -2.5667638779 11.7901115417 -0.0093801068 0.0180049147 -0.0514484048 0.9984692931
373.781600 39.4524993896 -2.5637350082 12.3291807175 -0.0110586928 0.0178536400 -0.0531426556 0.9983660579
374.197500 39.4675674438 -2.5614101887 12.8770875931 -0.0090861367 0.0191178545 -0.0536147021 0.9983373284
374.509300 39.4807281494 -2.5603232384 13.2954196930 -0.0091011804 0.0184172522 -0.0530558340 0.9983801842
374.821100 39.4932899475 -2.5608344078 13.7135248184 -0.0083323978 0.0180124193 -0.0502276160 0.9985405803
375.133000 39.5058174133 -2.5610654354 14.1297912598 -0.0102104610 0.0184269566 -0.0494819917 0.9985527992
375.444900 39.5174560547 -2.5615985394 14.5394515991 -0.0076823640 0.0196571443 -0.0522794053 0.9984094501
375.756800 39.5301055908 -2.5641312599 14.9464540482 -0.0050255405 0.0205342099 -0.0511346385 0.9984679818
376.068600 39.5418739319 -2.5642955303 15.3507661819 -0.0110399593 0.0224105101 -0.0561842620 0.9981077909
376.276500 39.5506210327 -2.5621359348 15.6211805344 -0.0121940486 0.0220903121 -0.0565447286 0.9980811477
376.484500 39.5601272583 -2.5609619617 15.8883142471 -0.0105049452 0.0223628730 -0.0576656908 0.9980301857
376.796400 39.5792007446 -2.5630774498 16.2843513489 -0.0054499637 0.0224148519 -0.0503826737 0.9984635711
377.108400 39.5963211060 -2.5616214275 16.6825923920 -0.0134081338 0.0233731922 -0.0478681587 0.9984901547
377.524300 39.6159629822 -2.5579903126 17.2050704956 -0.0104333274 0.0249001719 -0.0482059717 0.9984725118
377.940100 39.6367416382 -2.5578980446 17.7189865112 -0.0093037114 0.0264386479 -0.0507944748 0.9983157516
378.252000 39.6511650085 -2.5596277714 18.1016330719 -0.0061536995 0.0264791530 -0.0525408797 0.9982486963
378.667900 39.6767120361 -2.5570125580 18.6068763733 -0.0169002376 0.0277946331 -0.0479926616 0.9983178377
378.979800 39.6941604614 -2.5568470955 18.9742431641 -0.0020115762 0.0294905752 -0.0487118214 0.9983754158
379.499600 39.7251510620 -2.5601205826 19.5869350433 -0.0065437406 0.0306808185 -0.0554677434 0.9979675412
379.915400 39.7534751892 -2.5603137016 20.0873584747 -0.0083037531 0.0290354732 -0.0521627516 0.9981818795
380.538800 39.7906837463 -2.5598616600 20.8562240601 -0.0012608595 0.0232648645 -0.0458587408 0.9986761808
380.954100 39.8100433350 -2.5623023510 21.3940582275 -0.0123223299 0.0158383921 -0.0407654904 0.9989672303
381.369800 39.8198089600 -2.5620992184 21.9317111969 0.0018536062 0.0142634083 -0.0432978719 0.9989586473
381.681500 39.8295249939 -2.5644075871 22.3442325592 -0.0106151616 0.0173816904 -0.0455719978 0.9987534285
382.097000 39.8442916870 -2.5646297932 22.8831596375 -0.0078104376 0.0178472996 -0.0469625741 0.9987066388
382.408800 39.8519363403 -2.5647525787 23.2860527039 -0.0131719150 0.0194347762 -0.0530543774 0.9983155727
382.720500 39.8654632568 -2.5639424324 23.6822776794 -0.0052569816 0.0203616135 -0.0488795787 0.9985832572
383.136100 39.8873634338 -2.5649135113 24.2055492401 -0.0092091160 0.0200232565 -0.0421415046 0.9988685250
383.344000 39.8972969055 -2.5650835037 24.4654502869 -0.0095023960 0.0203044303 -0.0393647030 0.9989734292
383.759800 39.9167633057 -2.5665907860 24.9769115448 -0.0122975269 0.0206216574 -0.0335246921 0.9991494417
384.071600 39.9269752502 -2.5668473244 25.3545131683 -0.0066726790 0.0221305192 -0.0406453833 0.9989062548
384.383500 39.9406356812 -2.5670893192 25.7298946381 -0.0133246584 0.0238681622 -0.0445636660 0.9986324906
384.799300 39.9589157104 -2.5650365353 26.2238655090 -0.0124763688 0.0237180851 -0.0456502549 0.9985979199
385.111100 39.9708099365 -2.5626685619 26.5830783844 -0.0156330038 0.0225935634 -0.0473914407 0.9984984398
385.527100 39.9844970703 -2.5622112751 27.0198249817 -0.0107516125 0.0246697068 -0.0580349602 0.9979518056
385.839400 39.9978179932 -2.5627746582 27.3188514709 -0.0174933337 0.0308123659 -0.0623176619 0.9974272251
386.568100 40.0574378967 -2.5660147667 27.9096221924 -0.0123046888 0.0601846501 -0.0470304750 0.9970027804
387.815400 40.1731719971 -2.5754709244 28.7280445099 -0.0036997464 0.0578663461 -0.0276106615 0.9979355931
389.371000 40.0966949463 -2.5811498165 29.4641323090 -0.0098944074 -0.1355378777 -0.0273096059 0.9903463125
390.097500 39.9419555664 -2.5695264339 29.7541885376 -0.0197976902 -0.2524845600 -0.0272205565 0.9670153260
390.823900 39.6784286499 -2.5524883270 30.0510463715 -0.0249733347 -0.3825424612 -0.0192703176 0.9233992696
391.446500 39.3278999329 -2.5304579735 30.2743797302 -0.0350695029 -0.5072855949 -0.0108964797 0.8609951735
391.965500 38.9193878174 -2.5040807724 30.4023513794 -0.0373332985 -0.6100467443 -0.0065450533 0.7914583683
392.277700 38.6186141968 -2.4864096642 30.4461460114 -0.0358292274 -0.6551733017 -0.0065082116 0.7546004653
392.799000 38.0219955444 -2.4552016258 30.4775810242 -0.0305662137 -0.6890046000 -0.0104061393 0.7240373492
393.633100 36.8345031738 -2.3983912468 30.5265979767 -0.0243937578 -0.6869441867 -0.0076671322 0.7262601852
394.153500 35.9644432068 -2.3601982594 30.5727252960 -0.0273161810 -0.6863132119 -0.0079372711 0.7267496586
394.569400 35.1995811462 -2.3260402679 30.6079711914 -0.0297765117 -0.6888628006 -0.0093794037 0.7242192030
394.881300 34.6005973816 -2.2970643044 30.6307239532 -0.0281818081 -0.6898496747 -0.0105215255 0.7233273983
395.193100 33.9740409851 -2.2675497532 30.6565799713 -0.0283360481 -0.6905388236 -0.0106757786 0.7226611972
395.608900 33.1286811829 -2.2298305035 30.6905231476 -0.0338436067 -0.6930776834 -0.0127481762 0.7199551463
395.920600 32.4963073730 -2.1982936859 30.7087783813 -0.0338372104 -0.6935306787 -0.0161984283 0.7194496393
396.336100 31.6499881744 -2.1564421654 30.7367229462 -0.0338772498 -0.6932697296 -0.0157738198 0.7197086811
396.751500 30.8095703125 -2.1137807369 30.7649383545 -0.0332385562 -0.6946371794 -0.0157363787 0.7184196115
397.166800 29.9733409882 -2.0695216656 30.7922229767 -0.0349280797 -0.6945714951 -0.0156980623 0.7184038162
397.478100 29.3506565094 -2.0372757912 30.8091125488 -0.0307223462 -0.6938474774 -0.0153957000 0.7193016410
397.789500 28.7242164612 -2.0056583881 30.8296585083 -0.0313643999 -0.6933894157 -0.0158737376 0.7197050452
398.101000 28.1041469574 -1.9791874886 30.8502025604 -0.0300124101 -0.6930559874 -0.0134378793 0.7201334238
398.308500 27.6891193390 -1.9611860514 30.8649234772 -0.0302038975 -0.6929305196 -0.0138394097 0.7202385068
398.723600 26.8790321350 -1.9223802090 30.8916835785 -0.0302564874 -0.6926662922 -0.0148081025 0.7204711437
398.931100 26.4744720459 -1.9043397903 30.9072113037 -0.0302327499 -0.6930375695 -0.0144952359 0.7201213837
399.242300 25.8731594086 -1.8777196407 30.9260883331 -0.0304396302 -0.6937263608 -0.0136664985 0.7194653749
399.449800 25.4809017181 -1.8608853817 30.9366226196 -0.0322295688 -0.6951217651 -0.0140196960 0.7180323005
399.760800 24.8892307281 -1.8276767731 30.9469032288 -0.0361965671 -0.6990954876 -0.0164639838 0.7139217257
400.175700 24.1165409088 -1.7852092981 30.9489841461 -0.0316318907 -0.7090567946 -0.0162326023 0.7042545080
400.901800 22.7852306366 -1.7204301357 30.8878879547 -0.0284080021 -0.7260434031 -0.0198781136 0.6867741942
401.421200 21.8552093506 -1.6884282827 30.8238296509 -0.0223363005 -0.7297916412 -0.0140486583 0.6831601858
401.940900 20.9344978333 -1.6573027372 30.7598133087 -0.0231681727 -0.7266448140 -0.0201601479 0.6863265634
402.356900 20.2055149078 -1.6185188293 30.7253379822 -0.0216500200 -0.7158277035 -0.0290882662 0.6973348260
402.772800 19.4714298248 -1.5764920712 30.7141513824 -0.0155360466 -0.7050836086 -0.0360255763 0.7080380321
403.188600 18.7285900116 -1.5368822813 30.7234230042 -0.0080069704 -0.6946430802 -0.0359596759 0.7184106112
403.811900 17.5895442963 -1.4792321920 30.7684345245 -0.0115626175 -0.6893525720 -0.0346220583 0.7235057950
404.435000 16.4090118408 -1.4208941460 30.8163509369 -0.0131388893 -0.6901950836 -0.0335831121 0.7227241993
404.746500 15.8159561157 -1.3914872408 30.8383846283 -0.0143749677 -0.6914829016 -0.0332976989 0.7214818001
405.161900 15.0317602158 -1.3536319733 30.8640022278 -0.0144923758 -0.6926826835 -0.0344216228 0.7202748060
405.577300 14.2538728714 -1.3175764084 30.8889408112 -0.0128525663 -0.6926425099 -0.0335040465 0.7203878760
405.785000 13.8688764572 -1.2993662357 30.9021682739 -0.0132173747 -0.6924511194 -0.0330698490 0.7205852866
406.200500 13.0978822708 -1.2626858950 30.9287586212 -0.0129510416 -0.6925044656 -0.0330977999 0.7205375433
406.512200 12.5275630951 -1.2369675636 30.9458026886 -0.0139485002 -0.6923123002 -0.0335335433 0.7206834555
406.823800 11.9611215591 -1.2093980312 30.9663143158 -0.0128922183 -0.6922163963 -0.0335987918 0.7207921743
407.135600 11.4088907242 -1.1866279840 30.9856357574 -0.0116638560 -0.6912922263 -0.0324016437 0.7217541933
407.551200 10.6716041565 -1.1514103413 31.0123786926 -0.0149405869 -0.6903517842 -0.0356547870 0.7224402428
407.966800 9.9403686523 -1.1131457090 31.0400352478 -0.0128121488 -0.6907907128 -0.0356555283 0.7220614552
408.278400 9.3954277039 -1.0859882832 31.0595302582 -0.0125757717 -0.6910721064 -0.0348484814 0.7218356729
408.590200 8.8538370132 -1.0593819618 31.0776596069 -0.0131573239 -0.6908542514 -0.0344877206 0.7220511436
409.006000 8.1437129974 -1.0246005058 31.1077499390 -0.0140671842 -0.6891423464 -0.0354119204 0.7236235142
409.525700 7.2699327469 -0.9816724062 31.1450595856 -0.0141487569 -0.6876659393 -0.0354486071 0.7250232697
410.045300 6.4425234795 -0.9444109201 31.1820240021 -0.0138312196 -0.6886283755 -0.0333920456 0.7242131233
410.564900 5.6745767593 -0.9090626240 31.2108879089 -0.0125903413 -0.6893429160 -0.0326920003 0.7235876322
411.188500 4.8340635300 -0.8742187023 31.2457199097 -0.0112319989 -0.6880708337 -0.0337403230 0.7247716784
411.708700 4.2045903206 -0.8492002487 31.2818393707 -0.0106779058 -0.6764179468 -0.0354013555 0.7355892062
412.645000 3.2620217800 -0.8132411838 31.4112739563 -0.0111975316 -0.6395666599 -0.0284815151 0.7681262493
414.204200 1.9378366470 -0.7658500075 31.7583446503 -0.0276892725 -0.5952324271 -0.0136051932 0.8029611111
415.557700 1.2002477646 -0.7378441691 32.0983886719 -0.0262727924 -0.4885696173 -0.0081796777 0.8720908761
417.115800 1.1281175613 -0.7350144982 32.1575050354 -0.0198566541 -0.4600467086 -0.0062492788 0.8876506686
418.676000 1.1031818390 -0.7330543995 32.1811065674 -0.0164275616 -0.4413219988 -0.0069348211 0.8971716166
420.133900 0.8504981995 -0.7243680954 32.5240936279 -0.0111942282 -0.3017219901 -0.0146964006 0.9532169700
420.654700 0.6923408508 -0.7162734270 32.8316917419 -0.0070199361 -0.2268511653 -0.0166570693 0.9737616777
421.383300 0.5096163750 -0.7128674388 33.4703559875 -0.0063813026 -0.1101249754 -0.0163998827 0.9937619567
422.214300 0.4032175541 -0.7072851658 34.4437942505 -0.0031242056 -0.0245199166 -0.0186318681 0.9995208383
422.836900 0.3990227878 -0.7096792459 35.3239974976 -0.0016989356 0.0047217244 -0.0168056525 0.9998461604
