0.000000 -0.8218079805 -0.0283267125 -1.4141743183 -0.0047784997 -0.0122827990 0.0001260994 0.9999131560
0.104228 -0.8224724531 -0.0285081137 -1.3787001371 -0.0043059369 -0.0131012211 0.0010432283 0.9999043345
0.416979 -0.8259045482 -0.0297605507 -1.2747962475 -0.0020813262 -0.0155793242 0.0025866742 0.9998731017
1.355354 -0.8425395489 -0.0351211913 -0.9403938055 0.0006565378 -0.0210158341 0.0004820362 0.9997788072
2.502107 -0.8679865599 -0.0348509215 -0.4399326146 -0.0093981773 -0.0243719388 0.0007458023 0.9996585250
3.335979 -0.8898263574 -0.0363670141 0.0037649199 0.0031192361 -0.0228016321 -0.0018921692 0.9997333288
4.065354 -0.9123493433 -0.0439775586 0.4219885170 0.0014124163 -0.0234891716 -0.0061710617 0.9997040629
4.586357 -0.9287943244 -0.0488058031 0.7384506464 -0.0010691005 -0.0244491193 -0.0063634715 0.9996802807
5.419858 -0.9586426616 -0.0551736355 1.2662466764 -0.0042336676 -0.0268477909 -0.0069525572 0.9996063709
5.940858 -0.9789506793 -0.0595641956 1.5961167812 -0.0025395108 -0.0267880000 -0.0088275811 0.9995989203
6.566109 -0.9992135763 -0.0652305037 1.9880113602 0.0020836331 -0.0265756939 -0.0063675065 0.9996243715
7.086981 -1.0163558722 -0.0692117214 2.3170497417 -0.0043236818 -0.0261737108 -0.0024450901 0.9996450543
7.920378 -1.0469250679 -0.0782504529 2.8397212029 -0.0001216776 -0.0250821076 -0.0053028855 0.9996713400
8.545359 -1.0686818361 -0.0845104307 3.2316644192 -0.0006517707 -0.0263620988 -0.0023886629 0.9996494055
9.482610 -1.1032706499 -0.0922246724 3.8005962372 -0.0035265675 -0.0291409325 -0.0039450466 0.9995613098
10.107490 -1.1283526421 -0.0969857872 4.1429777145 -0.0054102195 -0.0341039188 -0.0017392932 0.9994021058
10.836610 -1.1579163074 -0.1020602658 4.4799113274 -0.0076395981 -0.0443241410 -0.0057721711 0.9989713430
12.088240 -1.1914719343 -0.1081498861 4.8771142960 -0.0064027621 -0.0151101649 -0.0138166342 0.9997698665
13.133360 -1.1521945000 -0.1145058870 5.1041030884 0.0040443866 0.1417069584 -0.0035396158 0.9898940921
14.177490 -1.0251414776 -0.1206901222 5.2715477943 0.0113343792 0.3862797022 -0.0096233822 0.9222618341
14.594740 -0.9458246231 -0.1233617663 5.3193902969 0.0080312695 0.4871746898 -0.0060569812 0.8732466102
14.907610 -0.8769533634 -0.1260401309 5.3451819420 0.0057745022 0.5595457554 -0.0080321664 0.8287404180
15.324240 -0.7726477385 -0.1292796880 5.3648624420 0.0139935343 0.6318542361 -0.0055971621 0.7749406695
16.051740 -0.5423704982 -0.1373301446 5.3808255196 0.0126298331 0.6951616406 -0.0007730089 0.7187420726
16.882610 -0.2031731457 -0.1471897662 5.3832368851 0.0153581901 0.7056377530 -0.0022868640 0.7084025741
17.923370 0.3130859733 -0.1644525379 5.3874001503 0.0098734582 0.7070649862 0.0010178605 0.7070789337
18.756500 0.7573927045 -0.1782875359 5.3893737793 0.0019750367 0.7090379000 -0.0018002565 0.7051653266
19.381800 1.0854007006 -0.1898324043 5.3891844749 0.0090987002 0.7072264552 0.0005304182 0.7069283724
20.007130 1.4052424431 -0.1997449547 5.3913736343 0.0066451100 0.7109107375 -0.0037948221 0.7032405734
20.633120 1.7100553513 -0.2093477547 5.3871569633 0.0060428670 0.7143825293 -0.0030721361 0.6997225285
21.258280 1.9948143959 -0.2182932794 5.3820791245 0.0048977747 0.7164278626 -0.0037899765 0.6976336837
21.675510 2.1746554375 -0.2247983962 5.3794970512 0.0061619487 0.7168634534 -0.0060642054 0.6971599460
22.405410 2.4786274433 -0.2350622714 5.3727464676 0.0018446809 0.7202906013 -0.0086366422 0.6936162114
23.135720 2.7803993225 -0.2460729778 5.3545546532 0.0025636090 0.7338839769 -0.0122121070 0.6791602373
23.760760 3.0563645363 -0.2545127273 5.3320155144 0.0053569656 0.7366026640 -0.0079442495 0.6762579083
24.281890 3.2944276333 -0.2627964914 5.3115673065 0.0067175911 0.7372729778 -0.0039179469 0.6755501628
24.698880 3.4833431244 -0.2694006264 5.2959237099 0.0065113339 0.7398405075 -0.0049085594 0.6727328897
25.012020 3.6256222725 -0.2740918398 5.2824707031 0.0059172078 0.7416940928 -0.0057283696 0.6706877351
25.637140 3.9132108688 -0.2823716700 5.2538681030 0.0029445658 0.7440147996 -0.0064024329 0.6681259871
26.367040 4.2640123367 -0.2938401401 5.2136201859 0.0104945851 0.7468313575 -0.0082057351 0.6648800373
26.888310 4.5257048607 -0.3027570546 5.1848707199 0.0079710642 0.7453458309 -0.0038049566 0.6666194797
27.722410 4.9423484802 -0.3184658587 5.1435308456 0.0081502041 0.7415820360 -0.0059109265 0.6707865596
28.556140 5.3618063927 -0.3333179653 5.1053929329 0.0065455735 0.7397333384 -0.0059322193 0.6728421450
29.494560 5.8123474121 -0.3515234292 5.0647535324 0.0077019469 0.7417360544 -0.0126455482 0.6705284119
30.328670 6.1937613487 -0.3707644343 5.0241975784 0.0085167103 0.7489634156 -0.0148317572 0.6623905897
31.058390 6.5133771896 -0.3895328045 4.9840111732 0.0087025817 0.7542808056 -0.0185766034 0.6562314034
31.788620 6.8231778145 -0.4081844687 4.9403667450 0.0148991952 0.7605168223 -0.0205672216 0.6488213539
32.414310 7.0778079033 -0.4268531203 4.8939199448 0.0144439014 0.7787655592 -0.0201389100 0.6268253326
32.831540 7.2431817055 -0.4378622174 4.8509922028 0.0195343941 0.7920694947 -0.0139917685 0.6099578738
33.352510 7.4443178177 -0.4499055743 4.7920284271 0.0241639279 0.7988588214 -0.0027026390 0.6010269523
33.665120 7.5609459877 -0.4563054442 4.7586145401 0.0279968437 0.7986564636 -0.0037604652 0.6011238098
34.185940 7.7493939400 -0.4670209885 4.7052183151 0.0304640997 0.7960024476 0.0004502831 0.6045261621
34.498170 7.8598508835 -0.4728136361 4.6761560440 0.0316191390 0.7912121415 0.0022048175 0.6107198000
34.810660 7.9676413536 -0.4787088037 4.6490459442 0.0309048425 0.7871131301 0.0046695150 0.6160162091
35.227510 8.1038703918 -0.4844363928 4.6171741486 0.0305477809 0.7823042870 0.0060255984 0.6221178174
35.748270 8.2694482803 -0.4932633340 4.5834450722 0.0313076153 0.7706611753 0.0032208506 0.6364674568
36.581010 8.5269184113 -0.5074309111 4.5603828430 0.0260111131 0.7218009233 -0.0027375151 0.6916063428
37.102920 8.6848001480 -0.5162627101 4.5650229454 0.0114051225 0.7078910470 -0.0130480453 0.7061089873
37.625170 8.8374662399 -0.5235821009 4.5583486557 0.0073203030 0.7305306792 -0.0118874628 0.6827371120
38.147940 8.9810714722 -0.5296963453 4.5407600403 0.0058469567 0.7567024827 -0.0093411915 0.6536665559
38.668540 9.1137027740 -0.5356310010 4.5146632195 0.0087224236 0.7743456364 -0.0080759134 0.6326512098
39.397920 9.2917366028 -0.5424798727 4.4778079987 0.0102523714 0.7801693082 -0.0071938052 0.6254430413
40.753570 9.6531639099 -0.5555801392 4.3835592270 0.0138264922 0.8004947305 -0.0032862481 0.5991712809
42.316180 10.0777845383 -0.5726882815 4.2655200958 0.0166037772 0.7933214903 0.0008731840 0.6085758209
43.668930 10.3543825150 -0.5833306313 4.2304987907 0.0086559793 0.7095485926 -0.0025043208 0.7045989037
44.709450 10.5476922989 -0.5879492164 4.2801823616 0.0028801421 0.5706391931 -0.0068932939 0.8211668730
45.541680 10.7011489868 -0.5933350325 4.3980989456 0.0050233616 0.4011463225 -0.0121754650 0.9159193039
46.375430 10.8441829681 -0.5997207761 4.6155290604 0.0011005414 0.2449635714 -0.0099773323 0.9694803357
47.210900 10.9716596603 -0.6027681231 4.9303474426 -0.0015252877 0.1683760434 -0.0018248761 0.9857199788
47.942180 11.0761346817 -0.6059324145 5.2603998184 -0.0026784514 0.1534620523 -0.0029732550 0.9881464243
48.567920 11.1741027832 -0.6085384488 5.5731163025 -0.0049337167 0.1556359828 -0.0011398416 0.9878014922
49.610180 11.3454475403 -0.6134600639 6.1044187546 -0.0046391385 0.1544642448 0.0047772876 0.9879759550
50.235330 11.4462165833 -0.6154853106 6.4257669449 -0.0057005668 0.1501677185 0.0046259328 0.9886332750
50.964550 11.5556335449 -0.6176010370 6.7916846275 -0.0064911060 0.1437554806 0.0070400801 0.9895669222
51.589660 11.6363248825 -0.6201962829 7.0822134018 -0.0047165267 0.1366674006 0.0057089091 0.9905893207
52.215240 11.7007236481 -0.6218743324 7.3329105377 -0.0088048438 0.1254013628 0.0050804941 0.9920539856
53.674060 11.7935514450 -0.6289114356 7.7530021667 -0.0033691307 0.0916627273 0.0047244392 0.9957731962
54.921310 11.7612934113 -0.6300352216 8.0366230011 -0.0144486837 -0.1434443742 -0.0079841269 0.9895206690
55.337310 11.7158327103 -0.6287291050 8.1150360107 -0.0200119838 -0.2538630068 -0.0113252020 0.9669668078
55.857760 11.6358795166 -0.6245222092 8.1916627884 -0.0243218448 -0.3919365406 -0.0106987068 0.9196084738
56.482840 11.5150394440 -0.6192468405 8.2479677200 -0.0224233214 -0.5429068804 -0.0158612020 0.8393436074
56.795690 11.4473972321 -0.6165856123 8.2624368668 -0.0180451926 -0.6025686264 -0.0172391012 0.7976768017
57.004560 11.4002037048 -0.6147133112 8.2691173553 -0.0168405101 -0.6318539381 -0.0162445288 0.7747341990
57.422830 11.2961483002 -0.6101905704 8.2787647247 -0.0203489494 -0.6689277291 -0.0167224351 0.7428606749
58.049450 11.1088047028 -0.6022220254 8.2853317261 -0.0214909092 -0.7038551569 -0.0084824609 0.7099676728
58.780440 10.8276920319 -0.5914853215 8.2690935135 -0.0171487201 -0.7243755460 -0.0186053850 0.6889410615
59.302920 10.5917234421 -0.5813614726 8.2572250366 -0.0086490139 -0.7159866691 -0.0263881870 0.6975613832
59.929310 10.2710733414 -0.5684833527 8.2581920624 -0.0039408524 -0.6941060424 -0.0316023976 0.7191679478
60.450550 9.9846277237 -0.5581365824 8.2758026123 -0.0059238328 -0.6776765585 -0.0345275365 0.7345251441
61.284050 9.5231866837 -0.5408250093 8.3171253204 -0.0056354692 -0.6708416939 -0.0327031314 0.7408577204
61.909070 9.1745948792 -0.5290266275 8.3487062454 -0.0040285583 -0.6713901162 -0.0321442075 0.7403957248
62.221590 9.0019006729 -0.5232006311 8.3640193939 -0.0062719607 -0.6720009446 -0.0352591723 0.7396838665
62.742660 8.7209587097 -0.5125117302 8.3887395859 -0.0050360905 -0.6711168885 -0.0361349098 0.7404532433
63.368170 8.3824472427 -0.4992216229 8.4227132797 -0.0037020142 -0.6687527895 -0.0355122015 0.7426270247
64.202080 7.9439229965 -0.4828273654 8.4674015045 -0.0027442400 -0.6671208739 -0.0335420407 0.7441889048
64.723370 7.6671190262 -0.4738631845 8.4973917007 -0.0037664108 -0.6654354334 -0.0335090868 0.7456933856
65.557260 7.2108259201 -0.4579822421 8.5492649078 -0.0041423808 -0.6646819711 -0.0311169885 0.7464666367
66.078070 6.9201889038 -0.4485770464 8.5776939392 -0.0058246800 -0.6728061438 -0.0311384853 0.7391402721
66.703570 6.5657048225 -0.4363985360 8.6040811539 -0.0022419323 -0.6788070202 -0.0288141500 0.7337477207
67.433190 6.1470346451 -0.4225330949 8.6335134506 -0.0086229583 -0.6804094315 -0.0309963189 0.7321255803
68.058600 5.7923197746 -0.4104727209 8.6562519073 -0.0057505639 -0.6813572049 -0.0307950452 0.7312803864
68.787950 5.3788828850 -0.3971400261 8.6830654144 -0.0050783707 -0.6811708212 -0.0322159864 0.7313977480
69.413100 5.0254993439 -0.3854284286 8.7065286636 -0.0055395588 -0.6812679768 -0.0338296853 0.7312310338
70.142350 4.6206212044 -0.3729009926 8.7310276031 0.0022125738 -0.6809940934 -0.0351472795 0.7314416170
70.871920 4.2115869522 -0.3605235517 8.7613210678 -0.0027307419 -0.6751431823 -0.0376231745 0.7367215753
72.017800 3.5715427399 -0.3380972147 8.8181228638 -0.0047441209 -0.6737375259 -0.0336232074 0.7381901741
73.059560 2.9872539043 -0.3184325397 8.8696079254 -0.0060547898 -0.6743916273 -0.0322652049 0.7376437187
73.788870 2.5796573162 -0.3030685186 8.8994112015 -0.0075238044 -0.6815071106 -0.0294709932 0.7311791182
74.518190 2.1682424545 -0.2884819806 8.9245529175 -0.0068499986 -0.6842223406 -0.0305032860 0.7286030650
75.039180 1.8796463013 -0.2784720063 8.9395341873 -0.0088234236 -0.6862078309 -0.0295750555 0.7267504930
75.768340 1.4787521362 -0.2659339309 8.9573564529 -0.0061217868 -0.6913619637 -0.0243030041 0.7220737934
76.289060 1.1984835863 -0.2579822540 8.9666547775 -0.0089052543 -0.6932688355 -0.0265341438 0.7201353312
76.914470 0.8708473444 -0.2464699894 8.9773273468 -0.0084306980 -0.6939888000 -0.0298663154 0.7193166614
77.436110 0.6106155515 -0.2369343638 8.9838752747 -0.0080340076 -0.6974346638 -0.0311973635 0.7159239054
78.060100 0.3156994581 -0.2272549421 8.9878644943 -0.0079730451 -0.7011613846 -0.0321488418 0.7122328281
78.477150 0.1337326616 -0.2213863879 8.9894208908 -0.0058183167 -0.7000178099 -0.0337500833 0.7133036852
78.998610 -0.0804096758 -0.2140312195 8.9933729172 -0.0048458986 -0.6949142814 -0.0318031721 0.7183726430
79.832620 -0.4008217752 -0.2037185580 9.0052967072 -0.0067688366 -0.6901568174 -0.0303909145 0.7229897380
80.666690 -0.6748746634 -0.1949069202 9.0201673508 -0.0104871430 -0.6822020411 -0.0299773943 0.7304736376
82.022820 -1.0105036497 -0.1846993566 9.0661029816 -0.0102626923 -0.6319253445 -0.0234688465 0.7746058702
83.380020 -1.2330079079 -0.1812728643 9.1683664322 -0.0146033801 -0.4820036590 -0.0143323364 0.8759302497
84.215120 -1.3379759789 -0.1792857051 9.2854185104 -0.0060495334 -0.3286066353 -0.0081714261 0.9444121718
84.632280 -1.3826782703 -0.1797333360 9.3696622849 -0.0024746025 -0.2439501882 -0.0078058289 0.9697532058
85.154250 -1.4268442392 -0.1804406494 9.5036973953 0.0000580236 -0.1389514208 -0.0123155005 0.9902226329
85.778090 -1.4514997005 -0.1834300756 9.7085351944 0.0050311801 -0.0373324007 -0.0105785551 0.9992342591
86.816720 -1.4592106342 -0.1916281730 10.1398162842 0.0030337092 -0.0102022802 0.0002834260 0.9999433160
87.961420 -1.4803748131 -0.2029918432 10.6845474243 0.0029334640 -0.0191924293 -0.0038600422 0.9998040795
88.690450 -1.4964562654 -0.2095493376 11.0350532532 -0.0024289794 -0.0243015345 -0.0018885627 0.9996999502
89.524190 -1.5188517570 -0.2158851027 11.4256515503 -0.0009751400 -0.0298294034 -0.0024725399 0.9995514750
90.462220 -1.5437662601 -0.2219702899 11.8117008209 -0.0037586307 -0.0336112082 -0.0040952214 0.9994195104
91.400350 -1.5671999454 -0.2268429399 12.1004037857 -0.0021009732 -0.0355353057 -0.0052190432 0.9993525743
92.340330 -1.5549447536 -0.2322056293 12.3359651566 0.0059778071 0.0568782054 -0.0077186651 0.9983333945
93.280830 -1.4768519402 -0.2396130860 12.5321540833 0.0080930358 0.2383148670 0.0040208730 0.9711459279
94.220100 -1.3225121498 -0.2471201271 12.6810302734 0.0163259748 0.4448084235 -0.0032450282 0.8954710364
94.949970 -1.1378684044 -0.2560478151 12.7576951981 0.0122723598 0.5935120583 -0.0109762726 0.8046566844
95.573810 -0.9314931631 -0.2641906738 12.7907238007 0.0110901091 0.6642139554 -0.0086231334 0.7474105358
96.197610 -0.6867563128 -0.2739434242 12.7994384766 0.0101634385 0.7053421140 -0.0059208786 0.7087695003
97.028860 -0.3061776459 -0.2861245871 12.7913866043 0.0136295706 0.7162733674 -0.0009149176 0.6976860762
97.756480 0.0478184521 -0.2977739871 12.7865972519 0.0134166032 0.7100121975 0.0036022083 0.7040523291
98.693070 0.5105689168 -0.3115782738 12.7922420502 0.0090853889 0.7036907673 -0.0036732908 0.7104387879
99.109590 0.7180720568 -0.3189221621 12.7955913544 0.0077152024 0.7039828897 -0.0026961390 0.7101699114
99.630630 0.9771861434 -0.3271621764 12.7995843887 0.0045915199 0.7064933181 -0.0049696029 0.7076873779
100.255600 1.2805749178 -0.3357785940 12.7999553680 0.0001761592 0.7099757195 -0.0040278779 0.7042146325
101.193100 1.7186889648 -0.3494803905 12.7980775833 -0.0008395551 0.7129526734 -0.0056159701 0.7011891603
101.922300 2.0492205620 -0.3585684001 12.7947797775 -0.0030322967 0.7123111486 -0.0056068907 0.7018348575
102.651500 2.3718152046 -0.3672539592 12.7930755615 0.0007541349 0.7130341530 -0.0094847567 0.7010647058
103.484800 2.7256650925 -0.3805140555 12.7915697098 0.0013186920 0.7092575431 -0.0080926297 0.7049018145
104.214400 3.0229017735 -0.3905978203 12.7918090820 -0.0012066305 0.7120316625 -0.0103443712 0.7020701170
105.047500 3.3439428806 -0.4014194012 12.7903509140 -0.0007849335 0.7107996941 -0.0140121449 0.7032544613
105.881400 3.6514577866 -0.4133333564 12.7868452072 -0.0014482490 0.7158610225 -0.0116446326 0.6981441975
106.715500 3.9707403183 -0.4239237905 12.7710590363 0.0000049460 0.7319723964 -0.0151752243 0.6811652780
107.236600 4.1880207062 -0.4308999479 12.7515726089 0.0032661499 0.7413290739 -0.0132297408 0.6710034013
107.965800 4.5229959488 -0.4410120845 12.7128171921 0.0049757389 0.7479273081 -0.0041459529 0.6637490392
108.694500 4.8997178078 -0.4511339664 12.6697607040 0.0147251058 0.7425734997 0.0034056380 0.6695940495
109.527200 5.3707175255 -0.4650613368 12.6348619461 0.0182659458 0.7308253050 -0.0009008619 0.6823195219
110.465500 5.9133958817 -0.4838639498 12.6030101776 0.0173057783 0.7277331948 0.0041951304 0.6856291294
111.193300 6.3343138695 -0.4987373650 12.5826272964 0.0146221742 0.7229943275 0.0045455140 0.6906842589
111.818700 6.6924753189 -0.5104565620 12.5724220276 0.0062416671 0.7191676497 0.0003631591 0.6948084831
112.547100 7.0981559753 -0.5241728425 12.5598897934 0.0073781791 0.7202360630 -0.0030684129 0.6936830282
113.068100 7.3821239471 -0.5336885452 12.5484685898 0.0038472374 0.7254624963 -0.0046198876 0.6882354617
113.797100 7.7748851776 -0.5457499027 12.5224037170 0.0041561909 0.7387216687 -0.0063689365 0.6739677191
114.213900 7.9972395897 -0.5528959036 12.4985799789 0.0013534690 0.7511599660 -0.0041605858 0.6601057649
115.047500 8.4429988861 -0.5651894212 12.4189319611 0.0102935787 0.7766622901 0.0010900924 0.6298321486
115.775900 8.8299207687 -0.5764166117 12.3327007294 0.0242913254 0.7770968080 0.0114513915 0.6288079023
116.295900 9.1070852280 -0.5824458599 12.2786369324 0.0287806634 0.7674730420 0.0162594412 0.6402284503
116.920200 9.4362211227 -0.5929641128 12.2280406952 0.0273993276 0.7552614808 0.0169062950 0.6546323895
117.441200 9.7014799118 -0.6023455262 12.1933040619 0.0270248167 0.7529127598 0.0191074591 0.6572875381
118.170700 10.0399503708 -0.6120262146 12.1482667923 0.0288687646 0.7524740696 0.0165611953 0.6577804089
118.587700 10.2330722809 -0.6166617870 12.1220626831 0.0270642489 0.7542367578 0.0245431215 0.6555852890
119.109400 10.4671659470 -0.6233999133 12.0897979736 0.0329336971 0.7528275251 0.0204254128 0.6570759416
119.525400 10.6526079178 -0.6281676888 12.0684614182 0.0292643998 0.7471107244 0.0216445252 0.6637021899
119.942000 10.8328189850 -0.6328834891 12.0494594574 0.0296736304 0.7430898547 0.0226792097 0.6681486368
120.254600 10.9655027390 -0.6368108988 12.0364580154 0.0277279131 0.7418662310 0.0211842153 0.6696394086
120.775700 11.1700954437 -0.6426236629 12.0167093277 0.0228209309 0.7420893312 0.0182866547 0.6696628332
121.817900 11.4830970764 -0.6548983455 11.9873209000 0.0232722312 0.7422100902 0.0110224411 0.6696723700
123.382300 11.8031063080 -0.6648926735 11.9398040771 0.0288554635 0.7643759847 0.0136257913 0.6439806819
124.842600 12.0472154617 -0.6744787097 11.8698816299 0.0273164492 0.8193235993 0.0055807480 0.5726530552
125.677400 12.2105703354 -0.6796990037 11.7795047760 0.0210575182 0.8801447153 0.0030747144 0.4742282331
126.720300 12.4064712524 -0.6833688617 11.5652751923 0.0175758936 0.9525076151 0.0059947893 0.3039480150
127.345600 12.5019788742 -0.6844205260 11.3767881393 0.0157215819 0.9798387885 0.0093834018 0.1989491880
128.075400 12.5634584427 -0.6812906265 11.1064958572 0.0210351087 0.9977723956 0.0140038803 0.0617391355
128.804200 12.5553302765 -0.6778500676 10.7999525070 0.0260867663 0.9985244274 0.0103895962 -0.0464810729
129.532700 12.4970836639 -0.6701270342 10.4767951965 0.0186914466 0.9927917719 0.0225228742 -0.1162235290
130.573100 12.3474349976 -0.6599509120 9.9969520569 0.0233715028 0.9864823222 0.0132711623 -0.1616487205
131.302500 12.2326593399 -0.6532151699 9.6519660950 0.0315145478 0.9874047637 0.0137930634 -0.1544291228
131.925800 12.1473369598 -0.6477499008 9.3575305939 0.0322931632 0.9901663065 0.0147286514 -0.1353177577
132.550700 12.0784616470 -0.6432267427 9.0884437561 0.0294970311 0.9914146066 0.0164999105 -0.1263122857
133.072500 12.0266094208 -0.6384583712 8.8869161606 0.0286152735 0.9909529090 0.0161851514 -0.1301214993
134.220100 11.9016056061 -0.6328575611 8.5235137939 0.0252283141 0.9766209722 0.0159148201 -0.2128889412
134.847300 11.7958536148 -0.6289920807 8.3757295609 0.0231515300 0.9407013059 0.0113885654 -0.3382533193
135.473900 11.6528673172 -0.6246605515 8.2689542770 0.0205545332 0.8756473660 0.0158690847 -0.4822523594
136.204000 11.4472379684 -0.6172739267 8.2039852142 -0.0147010917 -0.7784534097 -0.0225886609 0.6271235347
136.828000 11.2364387512 -0.6076313853 8.1895332336 -0.0130194090 -0.7190566063 -0.0259477627 0.6943448782
138.387700 10.5606918335 -0.5792189837 8.2254467010 -0.0061909896 -0.6797108054 -0.0299882423 0.7328407764
139.950100 9.7056627274 -0.5466808081 8.2978668213 -0.0051314086 -0.6691645980 -0.0317791738 0.7424166203
141.512400 8.7915973663 -0.5148128271 8.3841285706 -0.0055323448 -0.6691391468 -0.0353720561 0.7422742248
143.075000 7.9144935608 -0.4821131825 8.4728889465 -0.0022021949 -0.6661050916 -0.0344700553 0.7450576425
144.638200 7.0212602615 -0.4518124759 8.5721616745 -0.0056215469 -0.6715247631 -0.0294290856 0.7403761148
146.200900 6.0676813126 -0.4200837016 8.6379985809 -0.0075192074 -0.6821320057 -0.0309253074 0.7305361032
147.763200 5.0948276520 -0.3871029615 8.7012872696 -0.0053466707 -0.6812653542 -0.0334469825 0.7312525511
149.326100 4.1313982010 -0.3571590185 8.7765378952 -0.0023850899 -0.6684347987 -0.0365897380 0.7428663373
150.887800 3.1488544941 -0.3247922063 8.8736639023 -0.0088204844 -0.6753361821 -0.0260151569 0.7369982600
152.449400 2.1326079369 -0.2868260443 8.9392633438 -0.0102109341 -0.6882418990 -0.0276399795 0.7248826623
154.011500 1.1421272755 -0.2565421462 8.9752082825 -0.0114034358 -0.6949008107 -0.0262239259 0.7185367942
155.573700 0.2903403640 -0.2261909097 8.9888277054 -0.0079261754 -0.7027329206 -0.0331740901 0.7106356621
157.138000 -0.3734568357 -0.2063079476 9.0293102264 -0.0109014129 -0.6566578150 -0.0269080158 0.7536296248
158.700300 -0.8635439873 -0.1892425716 9.0969333649 -0.0239099134 -0.6678611040 -0.0155720646 0.7437387705
160.263700 -1.0933940411 -0.1832647324 9.1138334274 -0.0163230877 -0.6827182770 -0.0118053202 0.7304039598
161.827100 -1.2796504498 -0.1793422401 9.1188259125 -0.0094264559 -0.6972621083 -0.0115648536 0.7166609764
163.286300 -1.6458996534 -0.1697724462 9.1256790161 -0.0171407741 -0.6975427270 -0.0144630186 0.7161921263
163.807300 -1.8306561708 -0.1623439193 9.1296052933 -0.0218296889 -0.7017477751 -0.0101828342 0.7120181322
164.432600 -2.0872502327 -0.1557224691 9.1285934448 -0.0171263479 -0.7047225237 -0.0086361682 0.7092237473
164.849700 -2.2764401436 -0.1519917846 9.1279220581 -0.0117354179 -0.7064710259 -0.0086505366 0.7075917721
165.266500 -2.4791073799 -0.1469766200 9.1264629364 -0.0149697922 -0.7071381211 -0.0134028383 0.7067899108
165.892000 -2.8011136055 -0.1398667991 9.1258754730 -0.0141858039 -0.7042658329 -0.0140355071 0.7096558213
166.413200 -3.0850532055 -0.1323180646 9.1277627945 -0.0147688109 -0.7026336789 -0.0125694955 0.7112874389
167.038400 -3.4356002808 -0.1241983622 9.1295061111 -0.0129395286 -0.7044751048 -0.0146329878 0.7094598413
167.455000 -3.6750438213 -0.1178914905 9.1292695999 -0.0152728101 -0.7043790817 -0.0162285343 0.7094740868
167.871500 -3.9144284725 -0.1111770868 9.1290073395 -0.0136155896 -0.7041290998 -0.0174546987 0.7097268701
168.392100 -4.2164778709 -0.1027988791 9.1286544800 -0.0160510745 -0.7042682767 -0.0254856441 0.7092947364
168.704700 -4.3979535103 -0.0965852141 9.1281137466 -0.0096058566 -0.7043907642 -0.0219065063 0.7094092369
169.121700 -4.6411008835 -0.0898238122 9.1286506653 -0.0112914853 -0.7035927773 -0.0191980507 0.7102543116
169.434000 -4.8236517906 -0.0844759941 9.1294784546 -0.0113713620 -0.7041666508 -0.0163617153 0.7097551227
169.746400 -5.0090441704 -0.0802855194 9.1301898956 -0.0153422682 -0.7053081989 -0.0169131495 0.7085329294
170.059000 -5.1941490173 -0.0751253366 9.1295900345 -0.0123312781 -0.7059972882 -0.0166444685 0.7079115510
170.580000 -5.5071115494 -0.0670287311 9.1278390884 -0.0139185162 -0.7069841623 -0.0193170533 0.7068285346
171.204900 -5.8814783096 -0.0569251925 9.1224002838 -0.0085117333 -0.7112938166 -0.0199710485 0.7025594711
171.829800 -6.2577638626 -0.0501360148 9.1110429764 -0.0090879034 -0.7157972455 -0.0178598464 0.6980205774
172.351200 -6.5731430054 -0.0435119122 9.0984592438 -0.0084457165 -0.7200447917 -0.0147821093 0.6937186718
172.871000 -6.8940520287 -0.0371426791 9.0817813873 -0.0099095842 -0.7243918777 -0.0166221801 0.6891167164
173.183400 -7.0823035240 -0.0340525955 9.0696945190 -0.0100048576 -0.7270537615 -0.0147639820 0.6863488555
173.912300 -7.5281882286 -0.0251581669 9.0393753052 -0.0143262688 -0.7317451835 -0.0126297940 0.6813106537
174.641400 -7.9751563072 -0.0168515742 9.0020904541 -0.0155657334 -0.7342604995 -0.0093354937 0.6786251664
175.162100 -8.2922487259 -0.0102301985 8.9750146866 -0.0125312889 -0.7338340282 -0.0079493457 0.6791666746
175.682800 -8.6157808304 -0.0042371154 8.9468040466 -0.0139673240 -0.7345539331 -0.0122741498 0.6782954931
176.307600 -9.0034008026 0.0021182299 8.9115352631 -0.0106486548 -0.7350958586 -0.0139239635 0.6777365804
177.036200 -9.4630403519 0.0101174414 8.8727092743 -0.0111334370 -0.7349910736 -0.0121042412 0.6778773069
177.452500 -9.7243299484 0.0152191222 8.8495464325 -0.0146330409 -0.7354087830 -0.0100604296 0.6773909926
178.077300 -10.1139001846 0.0228615105 8.8148708344 -0.0178553518 -0.7357168794 -0.0131329428 0.6769264340
178.702100 -10.4938373566 0.0282508731 8.7804183960 -0.0180244353 -0.7348655462 -0.0106773330 0.6778892279
179.326700 -10.8650341034 0.0350091457 8.7476243973 -0.0211689249 -0.7355099320 -0.0058734086 0.6771577001
179.951300 -11.2260360718 0.0418528616 8.7163753510 -0.0140410857 -0.7358736396 -0.0037799587 0.6769627333
180.576000 -11.5732812881 0.0495008528 8.6848049164 -0.0204282198 -0.7367712855 -0.0127718206 0.6757127643
181.097200 -11.8514060974 0.0554695427 8.6595964432 -0.0174984150 -0.7356178761 -0.0095227249 0.6771037579
181.513300 -12.0665464401 0.0592642426 8.6397027969 -0.0144708417 -0.7346960902 -0.0103958035 0.6781623363
181.929700 -12.2787895203 0.0623135865 8.6202259064 -0.0123139275 -0.7375928164 -0.0114397630 0.6750365496
182.241800 -12.4350261688 0.0649605095 8.6039762497 -0.0152464295 -0.7414959073 -0.0129251024 0.6706596017
182.866400 -12.7400131226 0.0713656247 8.5649166107 -0.0178778041 -0.7532374263 -0.0097093927 0.6574339867
183.491500 -13.0347318649 0.0769523084 8.5153970718 -0.0115261804 -0.7624591589 -0.0138418740 0.6467855573
184.012900 -13.2724771500 0.0818641782 8.4738569260 -0.0088880286 -0.7608434558 -0.0221457053 0.6484965682
184.430300 -13.4530057907 0.0860819817 8.4455928802 -0.0003967719 -0.7514013052 -0.0270522311 0.6592906117
184.847900 -13.6207981110 0.0895588398 8.4276638031 -0.0006639756 -0.7343410254 -0.0276822280 0.6782156825
185.681900 -13.9260759354 0.0966535807 8.4209423065 -0.0014101536 -0.6945922971 -0.0271373540 0.7188901901
186.932200 -14.3082084656 0.1021918654 8.4682998657 -0.0069125313 -0.6423313022 -0.0189671144 0.7661611438
187.972000 -14.5514640808 0.1048520803 8.4988422394 -0.0130550675 -0.6822594404 -0.0162016675 0.7308140397
189.532400 -14.7923984528 0.1111937463 8.4249782562 0.0007394905 -0.8443744183 -0.0208610240 0.5353467464
191.096200 -14.9768781662 0.1164843217 8.2635593414 -0.0013469828 0.9247155786 0.0138662728 -0.3804037869
192.241400 -15.0931415558 0.1211860701 8.0807523727 0.0091391802 0.9713893533 0.0154309813 -0.2368145585
193.075100 -15.1562242508 0.1270512938 7.8708992004 0.0058655487 0.9913744330 0.0160943810 -0.1299355924
193.596300 -15.1954183578 0.1312033832 7.6929445267 0.0161415916 0.9951953888 0.0129282949 -0.0956998169
194.326200 -15.2346343994 0.1410127878 7.3732032776 0.0205464941 0.9985050559 0.0127877528 -0.0490105487
194.743500 -15.2512989044 0.1460008174 7.1599507332 0.0201221462 0.9988855124 0.0134040564 -0.0405356511
195.160600 -15.2682590485 0.1511855870 6.9234571457 0.0232517645 0.9989246130 0.0151060559 -0.0371583588
195.577500 -15.2853145599 0.1579584777 6.6599025726 0.0242623165 0.9990577102 0.0117201060 -0.0340243690
196.098500 -15.3072566986 0.1661034524 6.3115863800 0.0258243289 0.9989914298 0.0211178884 -0.0300539825
196.307000 -15.3151493073 0.1687658131 6.1708803177 0.0267117508 0.9990535378 0.0199091770 -0.0279672835
196.828000 -15.3303251266 0.1763116121 5.8206830025 0.0224706493 0.9993140101 0.0191418454 -0.0223637354
197.661500 -15.3447189331 0.1892734468 5.2577590942 0.0202849042 0.9994749427 0.0203758217 -0.0149376858
198.286400 -15.3561410904 0.1971966177 4.8433351517 0.0213169865 0.9994779229 0.0211091470 -0.0119962757
199.223300 -15.3640241623 0.2103992105 4.2282800674 0.0172906388 0.9996511340 0.0192399938 -0.0053373720
199.848200 -15.3654146194 0.2172305584 3.8321444988 0.0151581485 0.9996851087 0.0178351011 -0.0090483474
200.577400 -15.3776464462 0.2268989980 3.3737921715 0.0158544872 0.9993469119 0.0255839322 -0.0199960899
201.098000 -15.3903970718 0.2366766930 3.0491166115 0.0136020258 0.9995259047 0.0172178317 -0.0215989742
201.514700 -15.4010305405 0.2433609068 2.7884311676 0.0135116838 0.9993854165 0.0237958673 -0.0219076406
202.035500 -15.4139871597 0.2523065805 2.4646558762 0.0139782522 0.9994398355 0.0220105294 -0.0209812354
202.452100 -15.4212656021 0.2586716712 2.2090325356 0.0132323913 0.9994877577 0.0232336875 -0.0175871104
202.972900 -15.4281501770 0.2669625282 1.8917722702 0.0115334457 0.9995977283 0.0223150775 -0.0131697655
203.598100 -15.4335289001 0.2765264809 1.5152310133 0.0085340515 0.9996378422 0.0223280266 -0.0123640466
204.119200 -15.4403562546 0.2845999002 1.2028675079 0.0062260577 0.9995631576 0.0229924470 -0.0174941663
204.744700 -15.4529943466 0.2925698757 0.8443998694 0.0067943316 0.9994266033 0.0223605912 -0.0245012119
205.265300 -15.4632377625 0.2973431945 0.5522613525 0.0082049072 0.9993213415 0.0221381243 -0.0282733478
205.993700 -15.4824399948 0.3148937225 0.1412076801 0.0089249741 0.9996623397 0.0213840865 -0.0117611364
206.409700 -15.4840784073 0.3230378032 -0.0899985135 0.0083757583 0.9996721148 0.0218361020 0.0104269879
207.033600 -15.4561080933 0.3314157128 -0.4245101213 0.0131792808 0.9982458353 0.0191664360 0.0544446968
207.657600 -15.3937921524 0.3350607753 -0.7450754642 0.0130913155 0.9928924441 0.0188266523 0.1167848930
208.385700 -15.2651576996 0.3404840827 -1.1164765358 0.0132344728 0.9799779654 0.0173758995 0.1979042888
209.218200 -15.0341949463 0.3456635177 -1.5244135857 0.0130161261 0.9584285617 0.0130983908 0.2847344577
210.260700 -14.6605300903 0.3467007577 -2.0257344246 0.0081349686 0.9464291930 0.0086249085 0.3226936460
211.198700 -14.3026771545 0.3436136842 -2.4912014008 0.0027777329 0.9503355622 0.0094467420 0.3110712767
211.927900 -14.0393247604 0.3422676623 -2.8709292412 0.0083701797 0.9584023952 0.0122064836 0.2850363851
212.864600 -13.7264184952 0.3423253000 -3.3589074612 0.0203665309 0.9601277709 0.0158357192 0.2783685625
213.176800 -13.6280918121 0.3425630927 -3.5141332150 0.0219552182 0.9603350759 0.0171033069 0.2774562240
213.801100 -13.4390621185 0.3434695601 -3.8131268024 0.0238587596 0.9600294232 0.0194759089 0.2781996131
214.321100 -13.2989082336 0.3440201283 -4.0246667862 0.0265169386 0.9554585814 0.0202538818 0.2932329178
214.737400 -13.1969509125 0.3441374898 -4.1666707993 0.0239410419 0.9515432119 0.0204051696 0.3059018552
215.362200 -13.0634479523 0.3426744938 -4.3387594223 0.0236301459 0.9452853203 0.0208868086 0.3247167468
215.778200 -12.9837646484 0.3422693312 -4.4319877625 0.0248310361 0.9369994402 0.0186215583 0.3479492664
216.610300 -12.8339643478 0.3401863277 -4.5746059418 0.0274116471 0.9075899720 0.0173836835 0.4186010659
217.547200 -12.6975212097 0.3358867764 -4.6506967545 0.0186700523 0.8544129729 0.0063240263 0.5192204714
218.380200 -12.5797634125 0.3331418633 -4.6797051430 0.0104195410 0.7884887457 -0.0002306541 0.6149608493
219.421400 -12.3754549026 0.3254482150 -4.6809091568 0.0137473159 0.6839558482 -0.0060414351 0.7293688655
220.151400 -12.1667318344 0.3204607368 -4.6406373978 0.0119092809 0.6183076501 -0.0018844680 0.7858436704
220.880200 -11.9051465988 0.3139993250 -4.5410194397 0.0166017730 0.5408765674 0.0146408994 0.8408106565
221.714400 -11.5699224472 0.3036166728 -4.3371829987 0.0175234135 0.4702177048 0.0131274825 0.8822788000
222.445200 -11.2385740280 0.2928823233 -4.1067204475 0.0156869125 0.4672879279 0.0061325389 0.8839447498
223.070900 -10.9288101196 0.2811928988 -3.8966519833 0.0125193512 0.4723503292 0.0029705230 0.8813169599
223.488000 -10.7074422836 0.2738353610 -3.7505178452 0.0067417803 0.4796703160 0.0005130155 0.8774227500
223.904700 -10.4764394760 0.2674366534 -3.6079657078 0.0074016452 0.4900515974 0.0028380249 0.8716573715
224.425500 -10.1732320786 0.2587926984 -3.4318614006 0.0084763402 0.5050427318 0.0031343072 0.8630470037
224.945800 -9.8736276627 0.2501492500 -3.2674226761 0.0040526642 0.5211294293 0.0044140224 0.8534566164
225.569800 -9.5103063583 0.2433781177 -3.0837988853 0.0102470322 0.5257211924 0.0072051929 0.8505647182
226.089900 -9.2099161148 0.2351955771 -2.9331831932 0.0127615314 0.5269271731 0.0063322992 0.8497909904
226.505900 -8.9678239822 0.2265100628 -2.8122050762 0.0139283026 0.5280379057 0.0076647643 0.8490719795
227.026100 -8.6664857864 0.2161790133 -2.6644721031 0.0151294889 0.5289750695 0.0078898091 0.8484658003
227.442300 -8.4253473282 0.2072165608 -2.5454413891 0.0135179190 0.5283051133 0.0098446487 0.8488898873
227.858600 -8.1886062622 0.1986951381 -2.4261720181 0.0137925968 0.5253541470 0.0096101761 0.8507176042
228.379100 -7.8970236778 0.1886455566 -2.2789633274 0.0048899744 0.5293211341 0.0045168023 0.8483954072
228.900100 -7.6075963974 0.1790682077 -2.1431841850 0.0040292293 0.5501674414 -0.0039840625 0.8350351453
229.628900 -7.2005228996 0.1657167524 -1.9820320606 0.0058480566 0.5697030425 -0.0001262511 0.8218297958
230.149200 -6.9085102081 0.1570938826 -1.8750422001 0.0064250384 0.5762492418 -0.0021684223 0.8172458410
230.982300 -6.4355540276 0.1409927607 -1.7133582830 0.0066761314 0.5907357931 -0.0094079208 0.8067825437
231.399400 -6.1929750443 0.1314537376 -1.6421803236 0.0054502003 0.6042797565 -0.0071039777 0.7967219353
231.920100 -5.8807568550 0.1199248731 -1.5624864101 0.0056400364 0.6189029813 -0.0038328813 0.7854378223
232.232300 -5.6891846657 0.1142247319 -1.5182718039 0.0091309799 0.6238837838 -0.0009913268 0.7814631462
232.651700 -5.4358410835 0.1050605625 -1.4624626637 0.0076598399 0.6279842257 0.0033323620 0.7781812549
233.065000 -5.1823601723 0.0990610272 -1.4096823931 0.0102926735 0.6321922541 0.0060698325 0.7747194171
233.585300 -4.8642187119 0.0901150331 -1.3451634645 0.0099343853 0.6360446811 0.0042637615 0.7715765238
233.897200 -4.6734852791 0.0854728222 -1.3087098598 0.0094739571 0.6381104589 0.0070003569 0.7698547244
234.313200 -4.4188437462 0.0785722509 -1.2612329721 0.0129785575 0.6409403682 0.0083474396 0.7674355507
234.937900 -4.0472903252 0.0689926445 -1.1961973906 0.0139112445 0.6454833746 0.0074349996 0.7636114359
235.353500 -3.8051264286 0.0612171032 -1.1555311680 0.0122868055 0.6503666043 0.0050611352 0.7595041990
235.665500 -3.6216566563 0.0556827411 -1.1258823872 0.0136937965 0.6530441046 0.0045317886 0.7571824789
236.081600 -3.3814129829 0.0477511436 -1.0910804272 0.0148040475 0.6562061906 0.0056845811 0.7544149756
236.290500 -3.2611873150 0.0441528708 -1.0747513771 0.0144370664 0.6576680541 0.0072609512 0.7531344891
236.705900 -3.0264494419 0.0360419266 -1.0437111855 0.0172027871 0.6601719856 0.0072327135 0.7508826256
237.018000 -2.8554894924 0.0302110054 -1.0208737850 0.0157170594 0.6618334651 0.0080272900 0.7494431138
237.330200 -2.6912393570 0.0239944458 -1.0008602142 0.0163491443 0.6631050706 0.0082458705 0.7483023405
237.747400 -2.4790549278 0.0192317814 -0.9763796926 0.0115813417 0.6648459435 0.0145863593 0.7467482686
238.683400 -2.0677828789 0.0093538845 -0.9301562309 0.0130336192 0.6659659147 0.0114583522 0.7457802892
240.142100 -1.6035701036 -0.0056379363 -0.8828343153 0.0204427931 0.6723602414 0.0089466376 0.7398876548
241.703200 -1.3488377333 -0.0170383304 -0.8423365951 0.0176036190 0.6270122528 0.0020975305 0.7788076401
243.267000 -1.3056037426 -0.0193956830 -0.8292320967 0.0167982131 0.6124631166 0.0012318110 0.7903196812
247.956800 -1.3055275679 -0.0193839259 -0.8291967511 0.0167724788 0.6125020385 0.0011862720 0.7902901769
251.080000 -1.1889746189 -0.0250187851 -0.7705764771 0.0141427759 0.5064130425 -0.0017553545 0.8621732593
252.118500 -1.0282474756 -0.0305713117 -0.5855652690 0.0021389776 0.2921946943 -0.0076069902 0.9563261867
252.534700 -0.9698233008 -0.0330666453 -0.4591009617 0.0001483276 0.2005393058 -0.0066487063 0.9796630740
252.951700 -0.9225682616 -0.0340496078 -0.3017303646 0.0012593332 0.1253708899 0.0035212873 0.9921029210
254.516700 -0.9002057910 -0.0456444956 0.4976240695 0.0059181666 -0.0167358536 -0.0045373533 0.9998321533
256.080400 -0.9491090775 -0.0592554174 1.5431939363 -0.0025277308 -0.0265836623 -0.0054596695 0.9996284842
257.642300 -1.0077689886 -0.0733853504 2.5640895367 0.0017469937 -0.0276712012 0.0022881641 0.9996129274
259.204500 -1.0680042505 -0.0901463777 3.5386168957 -0.0050798845 -0.0295581259 -0.0021338994 0.9995478988
260.766700 -1.1282222271 -0.1021177620 4.4693808556 -0.0047239694 -0.0267013982 -0.0018482406 0.9996305704
262.329100 -1.1668404341 -0.1206905842 5.3685784340 0.0031323063 -0.0143946633 -0.0031927417 0.9998863935
263.058100 -1.1843823195 -0.1224860325 5.8103089333 -0.0054575931 -0.0184692722 0.0004744083 0.9998144507
263.891500 -1.2071720362 -0.1314648837 6.3427910805 0.0021518725 -0.0218660329 0.0018066303 0.9997569323
264.204000 -1.2175576687 -0.1355349123 6.5497045517 -0.0006056742 -0.0245251600 0.0015029152 0.9996979237
264.620500 -1.2331607342 -0.1399840415 6.8223500252 -0.0014016705 -0.0276901349 0.0009908862 0.9996150732
265.141200 -1.2544944286 -0.1448735595 7.1622924805 -0.0005609259 -0.0288556833 -0.0004421818 0.9995833039
265.661800 -1.2749770880 -0.1490917802 7.4966702461 -0.0051684896 -0.0320661962 0.0009376925 0.9994719625
266.286700 -1.3017017841 -0.1548855603 7.8881955147 -0.0034602853 -0.0299908835 0.0002809133 0.9995441437
267.016000 -1.3286343813 -0.1616699547 8.3292913437 -0.0010826096 -0.0245389976 -0.0027369503 0.9996945262
267.641100 -1.3469247818 -0.1685002893 8.6987247467 0.0015839617 -0.0198855810 -0.0031117629 0.9997961521
268.266000 -1.3727705479 -0.1788596660 9.0618419647 0.0035934488 -0.0221455656 -0.0070341867 0.9997235537
269.828500 -1.4259730577 -0.1899995208 10.0309295654 0.0023284908 -0.0258908868 -0.0011547110 0.9996613860
271.390600 -1.4791469574 -0.2098341584 11.0519981384 -0.0032299873 -0.0233621337 -0.0042064101 0.9997130036
272.953000 -1.5144022703 -0.2247643173 11.9445180893 -0.0005087997 -0.0194467325 -0.0008639517 0.9998103976
274.203200 -1.5375909805 -0.2410078794 12.6151409149 0.0094001479 -0.0240427889 0.0037736429 0.9996595979
274.724000 -1.5613311529 -0.2452937365 12.9015684128 -0.0045633474 -0.0415581316 -0.0008232279 0.9991253018
275.349900 -1.5909745693 -0.2483965456 13.2597265244 0.0029610856 -0.0367865674 0.0024678388 0.9993156791
275.975400 -1.6199610233 -0.2563599050 13.6497879028 0.0010569434 -0.0329160802 0.0025879387 0.9994542003
276.496500 -1.6427280903 -0.2624095082 13.9880132675 0.0052135834 -0.0319738537 0.0049446994 0.9994629025
276.913100 -1.6612758636 -0.2675567269 14.2635698318 -0.0008136089 -0.0313742459 0.0024577430 0.9995043278
277.329900 -1.6804224253 -0.2733969092 14.5345211029 0.0031510000 -0.0309478287 0.0019859262 0.9995140433
277.850700 -1.7029879093 -0.2806058526 14.8664770126 -0.0004740576 -0.0298846420 0.0025860651 0.9995498657
278.684000 -1.7373363972 -0.2923848629 15.3726806641 -0.0012480716 -0.0315426812 0.0003851371 0.9995015264
279.308600 -1.7621576786 -0.2973213792 15.7180986404 -0.0075018876 -0.0354071930 -0.0002515852 0.9993447661
280.142000 -1.7961566448 -0.3041209877 16.1452369690 -0.0002200631 -0.0346796289 -0.0025342451 0.9993952513
280.975600 -1.8252528906 -0.3154027164 16.5673084259 0.0030426600 -0.0235648640 -0.0073448974 0.9996907115
281.809300 -1.8410532475 -0.3216086030 17.0009956360 0.0017459987 -0.0091852779 -0.0074543329 0.9999285340
282.538600 -1.8438900709 -0.3295475841 17.4099636078 0.0042538410 0.0051803617 -0.0048774001 0.9999656081
283.268000 -1.8334369659 -0.3424933553 17.8378467560 0.0047400733 0.0200539380 -0.0058747018 0.9997704029
283.893000 -1.8151134253 -0.3517599106 18.2210922241 0.0084996661 0.0273509528 -0.0019028197 0.9995879531
284.726000 -1.7883546352 -0.3664344847 18.7503948212 0.0043651373 0.0276647266 0.0006307283 0.9996075034
285.350500 -1.7697238922 -0.3774296045 19.1498851776 0.0041567180 0.0248046312 -0.0001301567 0.9996836782
286.183400 -1.7502123117 -0.3920226991 19.6636257172 0.0057036071 0.0187015273 -0.0015539955 0.9998076558
286.808100 -1.7418110371 -0.4000400901 20.0427761078 -0.0029900137 0.0146884881 -0.0025734024 0.9998843670
287.432900 -1.7354011536 -0.4078826904 20.4041481018 -0.0010027976 0.0121639026 -0.0104913572 0.9998704791
