0.103873 0.0121019 0.000446874 0.126728 0.000506708 0.00770436 -0.000686902 0.99997 
0.207745 0.0302179 0.000979174 0.268623 0.000290418 0.0180329 -0.00206474 0.999835 
0.311874 0.0598755 0.0023081 0.43054 -0.000413458 0.0313935 -0.00286879 0.999503 
0.415872 0.105041 0.00332238 0.603461 -0.00159654 0.0481235 -0.00278586 0.998836 
0.519999 0.165296 0.00526453 0.787009 -0.00267266 0.0670786 -0.00140144 0.997743 
0.62412 0.240194 0.00762504 0.981257 -0.00285993 0.0869446 0.000191952 0.996209 
0.728245 0.322055 0.0112124 1.18545 -0.0034932 0.108768 0.000226028 0.994061 
0.832496 0.417005 0.0147447 1.39947 -0.00473169 0.133265 -4.33499e-05 0.991069 
0.936622 0.531827 0.0136174 1.62004 -0.00821077 0.157956 0.00080211 0.987412 
1.04077 0.677219 0.0130424 1.84193 -0.0117373 0.182473 0.00502337 0.983128 
1.14487 0.832805 0.0160161 2.06305 -0.0134824 0.209234 0.00741858 0.977744 
1.249 0.999102 0.019082 2.2869 -0.0151928 0.237299 0.00749833 0.971289 
1.35315 1.18805 0.0241649 2.5128 -0.0175525 0.265388 0.00766459 0.963951 
1.45712 1.39978 0.030702 2.73337 -0.0191814 0.293921 0.00936958 0.955591 
1.56112 1.6342 0.0365376 2.94802 -0.0201873 0.322915 0.0115359 0.946142 
1.66513 1.89011 0.0459988 3.16052 -0.0209687 0.350985 0.013122 0.936054 
1.769 2.16615 0.0599496 3.36973 -0.020825 0.378175 0.0145204 0.925386 
1.87288 2.4659 0.0758113 3.5799 -0.0208896 0.404907 0.0151483 0.913994 
1.97677 2.78467 0.0923252 3.79215 -0.0225231 0.430519 0.014153 0.90219 
2.0805 3.1319 0.107799 4.00037 -0.0234336 0.454191 0.0137495 0.89049 
2.18412 3.50761 0.124132 4.20225 -0.023867 0.475798 0.0138156 0.879122 
2.28789 3.90936 0.139237 4.40213 -0.0248174 0.495778 0.0143552 0.867976 
2.3915 4.33856 0.157556 4.60041 -0.0252293 0.514321 0.0136771 0.857118 
2.49513 4.7942 0.177527 4.79182 -0.0247271 0.53176 0.0132701 0.84643 
2.59875 5.27773 0.198795 4.97413 -0.0227593 0.547467 0.0134265 0.83641 
2.70227 5.78974 0.222015 5.15204 -0.0205643 0.560852 0.0137312 0.827547 
2.80587 6.32974 0.245396 5.33072 -0.0187263 0.572221 0.0137105 0.819771 
2.90937 6.89535 0.268641 5.51097 -0.0176194 0.581248 0.0139673 0.813416 
3.01288 7.49022 0.290902 5.69297 -0.0172539 0.587719 0.0145126 0.808751 
3.1165 8.10924 0.313121 5.87803 -0.0172304 0.592615 0.0154807 0.805153 
3.22012 8.75269 0.336787 6.0682 -0.0184294 0.597213 0.0158006 0.801715 
3.32375 9.42185 0.362688 6.26027 -0.0197141 0.601628 0.0159014 0.798375 
3.42737 10.112 0.390265 6.4497 -0.0205928 0.605797 0.0162724 0.795186 
3.531 10.826 0.419316 6.63698 -0.0216684 0.609984 0.0166251 0.791943 
3.63476 11.5597 0.451452 6.82054 -0.0222553 0.614289 0.0171822 0.78858 
3.7384 12.3115 0.486118 7.00076 -0.0225744 0.618426 0.0176066 0.785321 
3.84214 13.0823 0.523362 7.17825 -0.024268 0.622645 0.0182545 0.781915 
3.94577 13.862 0.563145 7.35029 -0.02606 0.627138 0.0187519 0.778246 
4.0495 14.6499 0.60349 7.51232 -0.0280814 0.631916 0.0199898 0.77427 
4.15325 15.4443 0.644343 7.6637 -0.0291741 0.63697 0.0205738 0.770062 
4.257 16.2412 0.684979 7.80382 -0.0293637 0.642448 0.0207463 0.765485 
4.36075 17.046 0.727244 7.93347 -0.0292456 0.64802 0.0201083 0.760796 
4.46454 17.857 0.767991 8.04826 -0.0288111 0.654317 0.0197111 0.755414 
4.5684 18.6727 0.806454 8.14736 -0.0287851 0.662034 0.0185293 0.748692 
4.67227 19.4958 0.845649 8.22821 -0.0295762 0.671515 0.016811 0.74021 
4.77613 20.322 0.885008 8.28477 -0.0305719 0.682575 0.0154706 0.730012 
4.88012 21.1563 0.923278 8.31105 -0.0310688 0.694544 0.0144311 0.718634 
4.98415 21.9927 0.958563 8.30631 -0.031092 0.706774 0.0138879 0.706619 
5.08813 22.8301 0.992926 8.27172 -0.0304992 0.718694 0.0134182 0.694528 
5.19202 23.6683 1.02565 8.21111 -0.0299049 0.730031 0.0122067 0.68265 
5.29588 24.5048 1.05628 8.12487 -0.0294984 0.741041 0.0104399 0.670731 
5.39975 25.3386 1.08418 8.00645 -0.0269435 0.751906 0.00980062 0.658647 
5.50363 26.1689 1.10916 7.85557 -0.0229733 0.762345 0.00985432 0.646688 
5.6074 26.9916 1.12826 7.67984 -0.0185384 0.772268 0.00963804 0.634954 
5.71125 27.8116 1.1431 7.47853 -0.0146523 0.781528 0.0100865 0.623616 
5.815 28.631 1.15206 7.24669 -0.0100109 0.790427 0.0111135 0.612374 
5.91875 29.438 1.1527 6.99772 -0.00509588 0.798714 0.00995261 0.601607 
6.02238 30.2301 1.14602 6.73168 0.00120695 0.806688 0.00555648 0.59095 
6.12613 31.0116 1.13182 6.45245 0.00705693 0.814358 -0.00135691 0.580318 
6.22977 31.783 1.10861 6.15769 0.0117212 0.82199 -0.00822471 0.569322 
6.3335 32.5509 1.07095 5.83695 0.015855 0.829451 -0.0116364 0.558234 
6.43713 33.3101 1.02638 5.49546 0.0178263 0.836516 -0.0124116 0.547512 
6.54088 34.0615 0.979089 5.1358 0.018573 0.84324 -0.0109752 0.537105 
6.6445 34.8041 0.93199 4.75814 0.0183073 0.849283 -0.00760835 0.527565 
6.74825 35.5321 0.886977 4.36387 0.019395 0.854594 -0.00336702 0.518923 
6.85188 36.2491 0.842691 3.96323 0.0209745 0.858656 -0.00228254 0.512118 
6.9555 36.9541 0.80255 3.56221 0.0226718 0.861914 -0.00238775 0.506542 
7.059 37.6482 0.763024 3.15799 0.0240999 0.864784 -0.00303356 0.501557 
7.16275 38.3394 0.718993 2.7564 0.0223949 0.867823 -0.0059181 0.496333 
7.26638 39.0288 0.675754 2.34602 0.0208885 0.871153 -0.00583836 0.490533 
7.37013 39.7074 0.634835 1.91565 0.0221678 0.873661 -0.00557593 0.485997 
7.47375 40.387 0.591596 1.47658 0.0241225 0.875698 -0.00545878 0.482225 
7.5774 41.0785 0.548704 1.03265 0.0252957 0.876826 -0.00680661 0.480094 
7.681 41.7841 0.50775 0.58109 0.0258222 0.876773 -0.00783574 0.480146 
7.78465 42.5074 0.462197 0.121543 0.0265821 0.875877 -0.00710469 0.481749 
7.88828 43.2522 0.415768 -0.337836 0.0256429 0.874277 -0.00701058 0.484698 
7.99188 44.0165 0.369608 -0.795229 0.0248095 0.872342 -0.00747686 0.488209 
8.09563 44.7985 0.32292 -1.25557 0.0242165 0.870335 -0.00799346 0.4918 
8.19939 45.598 0.275242 -1.71808 0.0230229 0.868543 -0.0085421 0.495005 
8.30313 46.4167 0.22512 -2.18261 0.0212852 0.867247 -0.00961212 0.49733 
8.40701 47.2534 0.172128 -2.65271 0.0190783 0.866801 -0.0103526 0.498182 
8.51075 48.1024 0.119194 -3.13258 0.0173728 0.866926 -0.0106327 0.49802 
8.61463 48.9616 0.0661444 -3.62261 0.0164928 0.867233 -0.0106666 0.497515 
8.71838 49.8291 0.015434 -4.1198 0.0162923 0.867362 -0.0104002 0.497301 
8.82213 50.7099 -0.0339746 -4.62652 0.016042 0.867424 -0.0100288 0.49721 
8.92588 51.6009 -0.0846115 -5.13853 0.0159408 0.867435 -0.00966501 0.497201 
9.02963 52.4966 -0.135979 -5.6542 0.0157001 0.867459 -0.00956656 0.497169 
9.1335 53.3994 -0.188942 -6.17036 0.0147806 0.867527 -0.00962113 0.497077 
9.23728 54.299 -0.242812 -6.68686 0.0143459 0.867521 -0.00937101 0.497105 
9.34101 55.1975 -0.298703 -7.20142 0.0138237 0.867365 -0.00964895 0.497386 
9.44476 56.0947 -0.353125 -7.71422 0.0132646 0.867038 -0.00915535 0.497981 
9.54851 56.9923 -0.406771 -8.22564 0.012762 0.866462 -0.0078203 0.499018 
9.65216 57.889 -0.458755 -8.73335 0.0124245 0.865774 -0.00687267 0.500233 
9.75588 58.7829 -0.509048 -9.2367 0.0123907 0.865107 -0.00652807 0.501391 
9.85963 59.676 -0.55925 -9.73833 0.0127434 0.86448 -0.00646204 0.502465 
9.96351 60.5683 -0.609398 -10.2372 0.0127988 0.864223 -0.00669953 0.502902 
10.0673 61.4539 -0.661784 -10.7311 0.0130186 0.864366 -0.0076795 0.502635 
10.1711 62.3353 -0.714447 -11.2246 0.0131162 0.865173 -0.00920424 0.501218 
10.275 63.209 -0.767391 -11.7206 0.0129579 0.866431 -0.0101063 0.499026 
10.3789 64.0797 -0.819584 -12.2248 0.0127614 0.868006 -0.00927102 0.496303 
10.4828 64.9401 -0.874991 -12.7375 0.0123962 0.869605 -0.00727611 0.493539 
10.5865 65.7947 -0.928203 -13.2456 0.0110255 0.871097 -0.0074925 0.490929 
10.6904 66.6375 -0.980535 -13.7592 0.0124379 0.8725 -0.0078907 0.488392 
10.7941 67.4727 -1.03306 -14.2738 0.0132227 0.873859 -0.00903836 0.485916 
10.898 68.3062 -1.08716 -14.7895 0.0127129 0.875247 -0.00990763 0.483407 
11.0017 69.1317 -1.14106 -15.3081 0.0125442 0.876317 -0.0106701 0.481453 
11.1054 69.9524 -1.19221 -15.8304 0.0124872 0.877254 -0.00988904 0.479761 
11.2091 70.7749 -1.23853 -16.3593 0.01115 0.877998 -0.00625517 0.478494 
11.3129 71.595 -1.28222 -16.8867 0.0084936 0.878623 -0.00171296 0.477438 
11.4166 72.4089 -1.31804 -17.4113 0.00699844 0.879126 0.000374967 0.476537 
11.5204 73.2072 -1.35273 -17.9304 0.00947834 0.879424 -0.00292566 0.475935 
11.624 73.9993 -1.39123 -18.451 0.0116724 0.879703 -0.00515371 0.475353 
11.7278 74.7918 -1.43003 -18.9758 0.0145531 0.879831 -0.00465394 0.47504 
11.8315 75.5852 -1.47562 -19.5001 0.0156925 0.879765 -0.00295236 0.47514 
11.9353 76.3816 -1.51775 -20.0177 0.0146636 0.879615 -0.00187861 0.475456 
12.0389 77.1777 -1.55384 -20.5336 0.0132108 0.879414 -0.000181954 0.475874 
12.1426 77.9762 -1.59077 -21.0456 0.0104794 0.879192 0.00173058 0.476349 
12.2464 78.7733 -1.62293 -21.5451 0.00616484 0.879064 0.000814958 0.476663 
12.3501 79.5709 -1.64745 -22.0433 0.00288806 0.878654 -0.000772525 0.47745 
12.4539 80.3598 -1.67258 -22.55 0.00343495 0.878087 0.000568411 0.478488 
12.5576 81.1449 -1.69998 -23.0555 0.00534946 0.8772 0.00145391 0.480094 
12.6614 81.9317 -1.7237 -23.552 0.00734145 0.875767 0.00036684 0.482678 
12.7651 82.7216 -1.74472 -24.0456 0.00977247 0.873566 0.00196929 0.486604 
12.8688 83.5172 -1.77022 -24.5351 0.0122613 0.871227 0.00458438 0.490705 
12.9724 84.3188 -1.78853 -25.0028 0.0120215 0.868415 0.00367205 0.495679 
13.0762 85.1309 -1.80575 -25.4572 0.0108371 0.865288 0.00358139 0.501145 
13.1799 85.9448 -1.82255 -25.9059 0.0097638 0.861927 0.00522133 0.506911 
13.2837 86.7595 -1.83985 -26.3393 0.00928568 0.858674 0.00575073 0.512406 
13.3874 87.5835 -1.85177 -26.7635 0.00936559 0.855208 0.00636322 0.518161 
13.4911 88.4054 -1.86908 -27.1776 0.0104391 0.851682 0.00685538 0.52391 
13.5949 89.2309 -1.89388 -27.5751 0.0109828 0.848111 0.00527306 0.529678 
13.6988 90.052 -1.91775 -27.9625 0.0153075 0.844638 0.00186153 0.535116 
13.8025 90.8807 -1.94385 -28.3393 0.0170729 0.840882 -0.000465501 0.540949 
13.9063 91.7222 -1.97751 -28.702 0.0153956 0.837408 0.000556029 0.546361 
14.01 92.5673 -2.01159 -29.0556 0.0139131 0.833831 0.00177959 0.551842 
14.1138 93.409 -2.04625 -29.3951 0.0132951 0.830835 0.000110446 0.55636 
14.2176 94.2488 -2.08206 -29.7219 0.0131859 0.828638 -0.00340565 0.559619 
14.3215 95.0916 -2.11987 -30.0422 0.0131488 0.827097 -0.00839248 0.561843 
14.4254 95.9368 -2.16316 -30.3636 0.0128667 0.826005 -0.0104532 0.563418 
14.5293 96.7837 -2.20995 -30.6831 0.0121521 0.824872 -0.0111657 0.565078 
14.6331 97.628 -2.25449 -30.9999 0.0123985 0.823394 -0.0110849 0.567226 
14.7369 98.4783 -2.30064 -31.311 0.0108231 0.82168 -0.0105383 0.569748 
14.8408 99.3334 -2.34789 -31.6166 0.00909899 0.820091 -0.00892964 0.572091 
14.9445 100.185 -2.39415 -31.9141 0.00804281 0.81834 -0.00812966 0.574621 
15.0483 101.038 -2.4368 -32.1956 0.00514853 0.816564 -0.0105951 0.577135 
15.152 101.891 -2.47966 -32.469 0.00282785 0.814652 -0.0141262 0.579771 
15.2558 102.739 -2.52431 -32.7462 0.00405544 0.812563 -0.0148887 0.58267 
15.3595 103.588 -2.56781 -33.0236 0.00619071 0.810342 -0.0152883 0.585725 
15.4633 104.445 -2.61093 -33.2892 0.00545339 0.808303 -0.0149105 0.588553 
15.5671 105.306 -2.6572 -33.5536 0.00358752 0.806215 -0.0130206 0.591469 
15.6709 106.171 -2.70416 -33.8099 0.0021977 0.804027 -0.0121824 0.594464 
15.7746 107.029 -2.74546 -34.0577 0.00268737 0.801987 -0.0140731 0.59717 
15.8784 107.89 -2.79032 -34.2985 0.00351886 0.800001 -0.0151449 0.599798 
15.9822 108.752 -2.83589 -34.534 0.00366595 0.797873 -0.0162826 0.602595 
16.0861 109.621 -2.88283 -34.7636 0.00296517 0.795735 -0.0159328 0.605428 
16.1898 110.487 -2.92851 -34.9932 0.00407416 0.793254 -0.0145548 0.608703 
16.2935 111.353 -2.97359 -35.2185 0.00549578 0.790806 -0.0133201 0.611898 
16.3973 112.222 -3.01784 -35.4324 0.00617261 0.788699 -0.0127382 0.614616 
16.501 113.094 -3.06272 -35.6311 0.00410552 0.786569 -0.0146592 0.617314 
16.6048 113.969 -3.10652 -35.8243 0.00232555 0.784703 -0.015509 0.619674 
16.7086 114.842 -3.15012 -36.0232 0.0028498 0.783198 -0.0144285 0.621599 
16.8124 115.715 -3.19387 -36.2182 0.00339098 0.781685 -0.0137893 0.623512 
16.9162 116.586 -3.23944 -36.4079 0.00442625 0.780189 -0.0144585 0.625361 
17.02 117.462 -3.2792 -36.6017 0.0057703 0.778351 -0.0115016 0.627697 
17.1238 118.337 -3.31838 -36.7945 0.00770416 0.776669 -0.00814481 0.62981 
17.2275 119.21 -3.36186 -36.9748 0.00814621 0.775078 -0.00665122 0.631778 
17.3314 120.085 -3.40109 -37.1447 0.00837783 0.7737 -0.00803241 0.633446 
17.4351 120.956 -3.43852 -37.3113 0.00856292 0.77251 -0.00927481 0.634877 
17.539 121.83 -3.48142 -37.4746 0.00735196 0.771896 -0.00991855 0.635629 
17.6429 122.704 -3.52147 -37.6388 0.00672703 0.771614 -0.00960351 0.635983 
17.7466 123.575 -3.55837 -37.8087 0.00634748 0.771257 -0.00754902 0.636448 
17.8505 124.452 -3.5961 -37.9763 0.0041317 0.770918 -0.00562055 0.636896 
17.9543 125.32 -3.63106 -38.1415 0.00303502 0.770667 -0.00464467 0.637214 
18.0581 126.178 -3.66426 -38.3059 0.00489675 0.770185 -0.00649618 0.637768 
18.1619 127.034 -3.69768 -38.4697 0.00637106 0.770147 -0.00808982 0.637783 
18.2658 127.892 -3.73161 -38.6294 0.00505923 0.770195 -0.00882064 0.637728 
18.3696 128.749 -3.77312 -38.7892 0.004406 0.769982 -0.00924466 0.637983 
18.4734 129.602 -3.81251 -38.9546 0.00503229 0.76986 -0.00788503 0.638144 
18.5772 130.448 -3.84722 -39.1154 0.00614861 0.769496 -0.00904079 0.638558 
18.681 131.294 -3.89019 -39.2548 0.00402348 0.769542 -0.0128977 0.638454 
18.7849 132.134 -3.93234 -39.3955 0.00211128 0.769434 -0.0157824 0.638528 
18.8885 132.97 -3.97461 -39.5459 0.00415505 0.769256 -0.0163782 0.638717 
18.9924 133.8 -4.0189 -39.6976 0.00478035 0.769144 -0.0158925 0.63886 
19.096 134.623 -4.06336 -39.8443 0.00514751 0.768567 -0.016822 0.639528 
19.1999 135.45 -4.10548 -39.9998 0.00724264 0.768032 -0.0135445 0.640227 
19.3035 136.267 -4.14697 -40.1528 0.00843313 0.766914 -0.0101051 0.641615 
19.4074 137.091 -4.18857 -40.3006 0.00778605 0.766304 -0.00630583 0.6424 
19.5112 137.902 -4.22637 -40.4378 0.00811562 0.76513 -0.00576898 0.643798 
19.6148 138.706 -4.26666 -40.5712 0.010382 0.763419 -0.00678564 0.645784 
19.7184 139.506 -4.30391 -40.6961 0.0114833 0.761379 -0.00765679 0.64816 
19.8221 140.305 -4.33751 -40.8122 0.0126282 0.758594 -0.0081591 0.65139 
19.9257 141.108 -4.3779 -40.9186 0.0113392 0.755447 -0.00578732 0.655086 
20.0294 141.906 -4.41946 -41.0186 0.0119607 0.751521 -0.00354963 0.659592 
20.1329 142.696 -4.45635 -41.1099 0.0146586 0.746926 -0.00280644 0.66474 
20.2366 143.486 -4.49187 -41.1841 0.0150367 0.742119 -0.00332717 0.670091 
20.3404 144.276 -4.52788 -41.2484 0.0157166 0.737406 -0.00260523 0.675262 
20.444 145.055 -4.56764 -41.3035 0.016918 0.732722 -0.00288106 0.680311 
20.5478 145.827 -4.6124 -41.3448 0.0179047 0.728014 -0.00575965 0.685305 
20.6515 146.59 -4.65789 -41.3669 0.0192008 0.723542 -0.0115473 0.689916 
20.7553 147.35 -4.70461 -41.3818 0.0207731 0.71873 -0.0158933 0.694797 
20.8591 148.117 -4.75498 -41.3901 0.0212909 0.713958 -0.0166423 0.699667 
20.9629 148.886 -4.81002 -41.3845 0.0186776 0.709799 -0.0163462 0.703967 
21.0668 149.647 -4.8662 -41.3649 0.0160125 0.705975 -0.0166287 0.707861 
21.1706 150.394 -4.92257 -41.3379 0.0169794 0.702595 -0.019963 0.711107 
21.2745 151.137 -4.97519 -41.3075 0.0191613 0.70003 -0.0237873 0.71346 
21.3785 151.884 -5.02597 -41.2717 0.0192084 0.698725 -0.0262514 0.714651 
21.4825 152.64 -5.08527 -41.2432 0.0172793 0.698744 -0.0256838 0.714702 
21.5864 153.394 -5.15008 -41.2167 0.0142158 0.699405 -0.0245642 0.714161 
21.6904 154.148 -5.20464 -41.1929 0.0137427 0.700491 -0.0230683 0.713156 
21.7943 154.896 -5.25394 -41.172 0.0147804 0.701493 -0.0223405 0.712173 
21.8983 155.641 -5.3093 -41.1577 0.0153249 0.702774 -0.0220349 0.710907 
22.0022 156.393 -5.36628 -41.1387 0.0139964 0.704511 -0.0216672 0.709224 
22.1061 157.139 -5.41696 -41.1293 0.0144647 0.706337 -0.0220955 0.707383 
22.2101 157.886 -5.47089 -41.1223 0.0132653 0.708454 -0.0219092 0.705292 
22.3139 158.63 -5.52808 -41.1215 0.0123889 0.710613 -0.0201132 0.703187 
22.4178 159.364 -5.57782 -41.123 0.0126799 0.712424 -0.0205061 0.701335 
22.5215 160.095 -5.62836 -41.1264 0.0125059 0.714308 -0.021499 0.699389 
22.6254 160.821 -5.6833 -41.1331 0.0128687 0.715739 -0.0225519 0.697885 
22.7292 161.542 -5.73859 -41.1434 0.0134462 0.71663 -0.0233288 0.696934 
22.8329 162.256 -5.78729 -41.1591 0.0151171 0.717237 -0.0231032 0.696282 
22.9365 162.975 -5.8405 -41.173 0.0159208 0.717107 -0.0214101 0.696452 
23.0401 163.691 -5.89541 -41.1846 0.015385 0.715852 -0.01903 0.697824 
23.1438 164.399 -5.9504 -41.1859 0.0155234 0.713363 -0.0183165 0.700383 
23.2474 165.099 -6.0016 -41.1839 0.0170211 0.709506 -0.0176081 0.704273 
23.351 165.795 -6.04844 -41.1698 0.0181371 0.704389 -0.0165961 0.709388 
23.4547 166.486 -6.09324 -41.1399 0.017518 0.698945 -0.0159916 0.714782 
23.5583 167.171 -6.13722 -41.0907 0.0138813 0.693209 -0.0159031 0.720428 
23.662 167.853 -6.18167 -41.0367 0.011301 0.687276 -0.013891 0.726176 
23.7657 168.53 -6.22156 -40.9753 0.00869774 0.681106 -0.0115022 0.732043 
23.8694 169.2 -6.25788 -40.9015 0.00592905 0.674634 -0.00886455 0.738075 
23.973 169.861 -6.29179 -40.8143 0.00291818 0.668199 -0.00750619 0.743939 
24.0768 170.511 -6.3217 -40.718 0.00157401 0.661506 -0.00677631 0.749908 
24.1805 171.158 -6.34594 -40.6147 0.00203502 0.654621 -0.00568421 0.755933 
24.2842 171.786 -6.36481 -40.4987 0.00122829 0.647923 -0.00585512 0.761682 
24.3879 172.414 -6.38392 -40.3684 -0.000445392 0.641624 -0.00707116 0.766987 
24.4916 173.035 -6.39849 -40.2344 -0.00310809 0.635973 -0.0066215 0.771676 
24.5954 173.657 -6.41448 -40.1009 -0.00343042 0.631105 -0.00443777 0.775677 
24.6993 174.272 -6.42985 -39.9616 -0.00274344 0.626742 -0.0029588 0.779216 
24.8031 174.874 -6.44546 -39.8048 -0.00314073 0.622754 -0.00544154 0.782393 
24.9068 175.466 -6.46203 -39.6434 -0.00244971 0.61917 -0.00911273 0.7852 
25.0105 176.053 -6.47678 -39.4894 0.00180533 0.6154 -0.0120841 0.78812 
25.1143 176.644 -6.49151 -39.3373 0.0065545 0.611945 -0.0123877 0.790776 
25.218 177.238 -6.50371 -39.1767 0.00676525 0.609226 -0.011494 0.792885 
25.3218 177.841 -6.52342 -38.9982 0.00258703 0.606828 -0.0101532 0.794764 
25.4255 178.446 -6.54275 -38.8177 -0.00315449 0.605091 -0.007956 0.79611 
25.5294 179.051 -6.56367 -38.6378 -0.00782679 0.604222 -0.00579857 0.796757 
25.6332 179.65 -6.57702 -38.4682 -0.00662989 0.603803 -0.00417177 0.797095 
25.737 180.245 -6.58749 -38.2985 -0.00407616 0.603245 -0.00392953 0.797536 
25.8408 180.842 -6.58982 -38.1301 -0.00279414 0.60258 -0.00252377 0.79805 
25.9445 181.442 -6.5925 -37.9539 -0.00426706 0.601863 -0.00289046 0.798582 
26.0481 182.043 -6.59949 -37.7736 -0.00584855 0.600769 -0.00159192 0.7994 
26.1519 182.655 -6.61013 -37.5851 -0.00808438 0.599466 0.000150698 0.80036 
26.2555 183.268 -6.61816 -37.3932 -0.0089341 0.597723 0.00156644 0.801651 
26.3591 183.883 -6.62254 -37.1959 -0.00881759 0.595147 0.00270089 0.803564 
26.4628 184.499 -6.62497 -36.9942 -0.00933245 0.591779 0.00428211 0.806035 
26.5666 185.112 -6.62531 -36.7873 -0.0092924 0.587748 0.00564244 0.808971 
26.6703 185.721 -6.62647 -36.5686 -0.0091148 0.583011 0.00479642 0.812399 
26.7739 186.326 -6.62912 -36.3362 -0.00824204 0.578064 0.00315349 0.815944 
26.8777 186.937 -6.63087 -36.0976 -0.00714449 0.573055 0.00178317 0.819483 
26.9813 187.555 -6.6363 -35.8473 -0.00638744 0.567917 0.00188296 0.823059 
27.085 188.18 -6.64173 -35.5867 -0.00728518 0.562874 0.00315686 0.826505 
27.1888 188.795 -6.64701 -35.3117 -0.00872538 0.557965 0.00316846 0.829813 
27.2925 189.409 -6.64732 -35.0321 -0.00957038 0.552835 0.00306078 0.83323 
27.3963 190.033 -6.64656 -34.745 -0.0121946 0.548472 0.00219208 0.836077 
27.5 190.658 -6.64535 -34.4535 -0.0130374 0.545162 0.000743076 0.838229 
27.6039 191.298 -6.64644 -34.1583 -0.0146278 0.54313 0.00126369 0.83952 
27.7078 191.951 -6.64243 -33.867 -0.0155704 0.54196 0.00340756 0.840253 
27.8117 192.599 -6.63646 -33.577 -0.0127718 0.541832 0.00416829 0.840379 
27.9155 193.254 -6.62934 -33.2804 -0.0123317 0.54238 0.00459758 0.84003 
28.0194 193.922 -6.6246 -32.9843 -0.0101902 0.542723 0.00531203 0.839833 
28.1233 194.608 -6.62002 -32.6899 -0.00886715 0.542795 0.00686851 0.83979 
28.2272 195.293 -6.61368 -32.3922 -0.0103732 0.543055 0.00978021 0.839576 
28.3309 195.982 -6.60763 -32.092 -0.0114141 0.543525 0.0108496 0.839245 
28.4348 196.669 -6.60188 -31.7888 -0.0125664 0.544252 0.0115661 0.838748 
28.5387 197.358 -6.59009 -31.4845 -0.0128211 0.544875 0.0117119 0.838337 
28.6424 198.045 -6.578 -31.1795 -0.0134539 0.545773 0.0112772 0.837749 
28.7462 198.729 -6.56803 -30.8781 -0.0134851 0.546573 0.0108046 0.837233 
28.8499 199.414 -6.55833 -30.5785 -0.0118902 0.54716 0.010061 0.836883 
28.9538 200.096 -6.54418 -30.2827 -0.00873785 0.54752 0.00850455 0.836703 
29.0575 200.778 -6.53096 -29.9821 -0.00806836 0.547988 0.00666002 0.83642 
29.1613 201.464 -6.52004 -29.6788 -0.00986612 0.548662 0.00701699 0.835956 
29.2649 202.149 -6.50884 -29.3776 -0.0123088 0.549166 0.00739141 0.83559 
29.3686 202.833 -6.50073 -29.0747 -0.0139689 0.550251 0.00630024 0.834859 
29.4725 203.519 -6.4898 -28.7761 -0.015046 0.552394 0.00523531 0.833431 
29.5763 204.205 -6.47628 -28.4904 -0.0151334 0.55525 0.00577512 0.831526 
29.6802 204.897 -6.46675 -28.2123 -0.0153205 0.559157 0.00585176 0.8289 
29.7839 205.585 -6.46088 -27.9468 -0.0141273 0.563549 0.00631474 0.825938 
29.8878 206.28 -6.45729 -27.6834 -0.012618 0.568192 0.00536543 0.822782 
29.9917 206.978 -6.45162 -27.4253 -0.0133535 0.573256 0.00417947 0.819257 
30.0955 207.685 -6.44287 -27.1817 -0.015041 0.577993 0.00780816 0.815866 
30.1993 208.395 -6.43156 -26.9494 -0.0168304 0.581641 0.0123452 0.813178 
30.303 209.1 -6.41269 -26.7165 -0.0187099 0.5847 0.014384 0.810906 
30.4068 209.804 -6.39084 -26.4771 -0.0215309 0.586716 0.0129567 0.809403 
30.5104 210.511 -6.36811 -26.2483 -0.0221772 0.587747 0.0137389 0.808624 
30.614 211.227 -6.34408 -26.0162 -0.0219716 0.588445 0.0143568 0.808111 
30.7178 211.938 -6.31628 -25.7824 -0.021265 0.588885 0.0139233 0.807817 
30.8214 212.653 -6.28839 -25.5427 -0.0215517 0.589096 0.0121117 0.807685 
30.9252 213.375 -6.26648 -25.3066 -0.0223465 0.588903 0.0121442 0.807804 
31.0288 214.099 -6.25069 -25.0741 -0.0230923 0.588147 0.0122587 0.808331 
31.1325 214.826 -6.23395 -24.8416 -0.0232776 0.587555 0.0132562 0.808741 
31.2363 215.556 -6.21561 -24.6101 -0.0222207 0.586881 0.0146841 0.809235 
31.3401 216.292 -6.19215 -24.3673 -0.022304 0.585571 0.0154265 0.810168 
31.4437 217.026 -6.17089 -24.1154 -0.0234941 0.583735 0.015671 0.811453 
31.5474 217.764 -6.14147 -23.8528 -0.026275 0.58157 0.0161996 0.812911 
31.651 218.5 -6.10763 -23.5887 -0.0282255 0.579291 0.0170853 0.814453 
31.7548 219.237 -6.07659 -23.3178 -0.0286587 0.577374 0.0169577 0.8158 
31.8585 219.973 -6.04878 -23.0374 -0.0299026 0.575514 0.0138823 0.817127 
31.9623 220.708 -6.01095 -22.7529 -0.0285907 0.573546 0.010744 0.818604 
32.066 221.446 -5.97857 -22.466 -0.0288318 0.57157 0.00848858 0.820003 
32.1696 222.187 -5.95344 -22.175 -0.0300653 0.569589 0.00782829 0.821343 
32.2734 222.925 -5.92593 -21.881 -0.0302861 0.567836 0.00668461 0.822557 
32.3772 223.667 -5.90082 -21.584 -0.0291663 0.566065 0.00572298 0.823824 
32.4809 224.411 -5.87852 -21.2857 -0.029011 0.564029 0.0055664 0.825227 
32.5845 225.152 -5.85261 -20.9857 -0.0298686 0.561991 0.00604631 0.826582 
32.6883 225.888 -5.82147 -20.6876 -0.0286244 0.560057 0.00726185 0.827927 
32.7919 226.617 -5.78642 -20.3891 -0.0272401 0.55812 0.00820036 0.829272 
32.8957 227.344 -5.74861 -20.0812 -0.0262696 0.556251 0.00732782 0.830567 
32.9994 228.072 -5.71314 -19.7616 -0.0286924 0.554331 0.00608947 0.831779 
33.1032 228.794 -5.67005 -19.442 -0.0304259 0.552239 0.00525021 0.833114 
33.2068 229.508 -5.63504 -19.1299 -0.0285081 0.550423 0.00526618 0.834383 
33.3105 230.22 -5.59846 -18.8134 -0.0250311 0.548613 0.00374573 0.835693 
33.4143 230.932 -5.56341 -18.4849 -0.0246143 0.547133 7.68241e-05 0.836684 
33.5182 231.651 -5.53166 -18.1496 -0.0278184 0.545741 -0.00193398 0.83749 
33.6218 232.38 -5.50084 -17.8196 -0.0325187 0.544513 0.00104985 0.838121 
33.7255 233.113 -5.4622 -17.4914 -0.0362149 0.543616 0.00587221 0.838532 
33.8293 233.843 -5.42173 -17.1551 -0.0403676 0.542839 0.0081187 0.838827 
33.9331 234.568 -5.38333 -16.818 -0.0426739 0.541864 0.00830917 0.839341 
34.0367 235.284 -5.33871 -16.4861 -0.0403672 0.540601 0.00730134 0.840278 
34.1404 235.999 -5.29188 -16.1522 -0.0370083 0.538699 0.00588875 0.841664 
34.244 236.713 -5.24813 -15.8099 -0.0349514 0.536734 0.00466048 0.843015 
34.3478 237.426 -5.21006 -15.4652 -0.0334436 0.534786 0.00452624 0.844314 
34.4515 238.137 -5.167 -15.1176 -0.0321746 0.53288 0.00402219 0.845569 
34.5552 238.852 -5.12656 -14.7652 -0.0320434 0.531055 0.00498808 0.846716 
34.6589 239.572 -5.0897 -14.4066 -0.0341624 0.529431 0.00659094 0.84764 
34.7625 240.293 -5.05471 -14.0467 -0.0359187 0.527996 0.00888518 0.848441 
34.8663 241.017 -5.01492 -13.6835 -0.0377275 0.526769 0.0110757 0.849098 
34.97 241.74 -4.96791 -13.3175 -0.0394232 0.525803 0.0132698 0.849589 
35.0739 242.468 -4.91989 -12.9487 -0.0419589 0.525019 0.0156936 0.849911 
35.1776 243.189 -4.86615 -12.5787 -0.0426737 0.524185 0.016103 0.850382 
35.2813 243.893 -4.8206 -12.2027 -0.0416932 0.523468 0.0105256 0.850959 
35.385 244.598 -4.7682 -11.8327 -0.0364776 0.523121 0.00590492 0.851457 
35.4887 245.304 -4.71541 -11.4687 -0.0317996 0.52273 0.0031867 0.851899 
35.5924 246.024 -4.66697 -11.0979 -0.0328586 0.522748 0.00393834 0.851845 
35.6962 246.748 -4.62833 -10.7211 -0.0363619 0.522634 0.00536603 0.851765 
35.7998 247.468 -4.58501 -10.3497 -0.036419 0.521955 0.00640166 0.852171 
35.9035 248.189 -4.54291 -9.97983 -0.034896 0.521465 0.00725325 0.852528 
36.0072 248.917 -4.5063 -9.60805 -0.0334694 0.520781 0.00901288 0.852986 
36.1109 249.645 -4.46569 -9.23101 -0.0356405 0.520038 0.0105554 0.853334 
36.2145 250.367 -4.41972 -8.85141 -0.0379 0.51954 0.0108087 0.853536 
36.3183 251.088 -4.37133 -8.47039 -0.0378754 0.519043 0.0100327 0.853849 
36.422 251.806 -4.32552 -8.09011 -0.0359361 0.518483 0.0094522 0.85428 
36.5258 252.522 -4.27556 -7.70707 -0.0345757 0.517748 0.00889202 0.854788 
36.6295 253.243 -4.22072 -7.32554 -0.0344606 0.516839 0.0106979 0.855322 
36.7333 253.961 -4.16142 -6.93893 -0.0360184 0.515173 0.0117371 0.856249 
36.837 254.678 -4.11035 -6.54558 -0.0368023 0.513399 0.0124165 0.85727 
36.9408 255.392 -4.04881 -6.15261 -0.0360829 0.511322 0.0132766 0.858529 
37.0445 256.101 -3.99038 -5.75565 -0.035588 0.509289 0.0125386 0.859768 
37.1483 256.805 -3.93009 -5.35058 -0.0359253 0.507357 0.00993993 0.860929 
37.252 257.508 -3.8784 -4.9489 -0.033663 0.504873 0.00877745 0.862492 
37.3557 258.215 -3.82639 -4.54363 -0.0314847 0.501256 0.0100174 0.864668 
37.4594 258.918 -3.77989 -4.12843 -0.0299226 0.496962 0.0114194 0.867181 
37.563 259.619 -3.73333 -3.70526 -0.028954 0.491918 0.0139403 0.870048 
37.6667 260.308 -3.68313 -3.27295 -0.0279525 0.485501 0.0149485 0.873661 
37.7703 260.992 -3.63392 -2.82016 -0.0289495 0.478702 0.0151618 0.877369 
37.874 261.673 -3.58098 -2.35759 -0.0305059 0.471813 0.0168901 0.881009 
37.9778 262.344 -3.53177 -1.88306 -0.033199 0.465056 0.0172942 0.88449 
38.0815 263.005 -3.48015 -1.3977 -0.0344368 0.459297 0.0153594 0.887482 
38.1853 263.656 -3.42759 -0.90779 -0.0345056 0.454556 0.0122737 0.889965 
38.2892 264.303 -3.3731 -0.414263 -0.0345395 0.45119 0.00932467 0.891711 
38.3932 264.952 -3.32058 0.084217 -0.0357146 0.450142 0.00668072 0.892218 
38.4972 265.6 -3.27787 0.581562 -0.036584 0.451526 0.0026604 0.891504 
38.6012 266.252 -3.23142 1.06853 -0.0367325 0.455338 -0.00159246 0.889559 
38.7052 266.912 -3.1869 1.5397 -0.0352833 0.460315 -0.00421881 0.887044 
38.8093 267.583 -3.13896 1.99521 -0.0327339 0.466021 -0.00255647 0.884164 
38.9133 268.266 -3.09529 2.44733 -0.0335317 0.47127 -0.000909729 0.881351 
39.0172 268.944 -3.05727 2.90051 -0.0350941 0.476449 -0.00243279 0.878498 
39.1212 269.632 -3.0148 3.33709 -0.0351606 0.48139 -0.00120309 0.8758 
39.225 270.325 -2.97191 3.75947 -0.0327763 0.485619 0.000308833 0.873556 
39.3289 271.018 -2.93354 4.1802 -0.030991 0.490203 0.00101441 0.871057 
39.4327 271.717 -2.89719 4.60438 -0.0311176 0.493991 -0.000361761 0.86891 
39.5364 272.42 -2.85774 5.02229 -0.0322817 0.497242 -0.000937272 0.867011 
39.6402 273.129 -2.81449 5.44154 -0.0354286 0.499841 -0.000956506 0.865392 
39.7438 273.843 -2.77245 5.85579 -0.0382265 0.502351 -0.000218122 0.863819 
39.8476 274.561 -2.72192 6.26691 -0.0404335 0.504411 0.00127564 0.862515 
39.9513 275.274 -2.67315 6.67512 -0.040401 0.505844 -0.000654148 0.861678 
40.055 275.985 -2.62843 7.0826 -0.0382955 0.507092 -0.00528945 0.861024 
40.1587 276.694 -2.58556 7.48334 -0.0332868 0.507857 -0.0093877 0.860747 
40.2624 277.412 -2.5383 7.8848 -0.0298562 0.508539 -0.0109803 0.860451 
40.3662 278.138 -2.49508 8.29175 -0.0301643 0.509195 -0.0118943 0.86004 
40.4699 278.872 -2.46362 8.7038 -0.0329337 0.509692 -0.0115338 0.859649 
40.5735 279.609 -2.42785 9.10934 -0.0332471 0.509742 -0.0101119 0.859625 
40.6773 280.353 -2.39297 9.51623 -0.0330947 0.509376 -0.00802333 0.85987 
40.781 281.098 -2.36105 9.93507 -0.0342457 0.50856 -0.00706443 0.860316 
40.8848 281.843 -2.32755 10.3591 -0.034714 0.506894 -0.0063026 0.861286 
40.9884 282.59 -2.29319 10.7858 -0.0343251 0.50483 -0.00632147 0.862513 
41.0922 283.337 -2.25985 11.2198 -0.0347324 0.502953 -0.0064052 0.863592 
41.1958 284.085 -2.23422 11.6632 -0.0357457 0.501183 -0.00798481 0.864566 
41.2994 284.827 -2.20177 12.105 -0.0352381 0.499103 -0.00890343 0.86578 
41.4032 285.578 -2.17473 12.5449 -0.032226 0.496897 -0.00775733 0.867176 
41.5068 286.328 -2.15748 12.9877 -0.0299619 0.494271 -0.00779734 0.868756 
41.6105 287.08 -2.14121 13.442 -0.0285369 0.490974 -0.00773273 0.870673 
41.7142 287.832 -2.117 13.9115 -0.0294888 0.487056 -0.0072752 0.872842 
41.8179 288.581 -2.09228 14.3951 -0.032787 0.483489 -0.00732015 0.874706 
41.9215 289.335 -2.06417 14.8887 -0.0362817 0.479899 -0.00691443 0.876546 
42.0253 290.089 -2.02844 15.3963 -0.0404053 0.476227 -0.00669667 0.878368 
42.1289 290.838 -1.99499 15.9052 -0.0423234 0.472581 -0.00667548 0.880245 
42.2327 291.581 -1.954 16.4167 -0.0412296 0.468547 -0.00722409 0.882446 
42.3363 292.312 -1.90998 16.933 -0.0375924 0.464514 -0.00818036 0.88473 
42.44 293.039 -1.86413 17.4438 -0.0337413 0.46041 -0.0100679 0.887008 
42.5438 293.767 -1.82444 17.9597 -0.029749 0.456702 -0.00960105 0.88907 
42.6474 294.494 -1.78922 18.4816 -0.0262189 0.452924 -0.00821502 0.891126 
42.7512 295.227 -1.75546 19.0127 -0.0252075 0.449353 -0.00420184 0.892989 
42.8548 295.976 -1.73389 19.5437 -0.0261305 0.445193 -0.000971605 0.895053 
42.9585 296.721 -1.70706 20.0909 -0.0287216 0.441062 0.00260934 0.897013 
43.0623 297.464 -1.67637 20.6419 -0.0298863 0.436975 0.00468617 0.898965 
43.1661 298.192 -1.63598 21.2123 -0.0313572 0.433368 0.00530734 0.900656 
43.2698 298.978 -1.65707 21.8049 -0.0326023 0.429581 0.00352706 0.902433 
43.3736 299.779 -1.69364 22.4169 -0.0346653 0.426052 0.00170524 0.904033 
43.4773 300.585 -1.73254 23.0243 -0.0347618 0.423456 0.00329612 0.905244 
43.581 301.361 -1.74705 23.6338 -0.0346626 0.420915 0.00264974 0.906434 
43.6849 302.128 -1.74994 24.245 -0.0324485 0.418453 0.00282602 0.907654 
43.7887 302.893 -1.76246 24.8606 -0.0295914 0.415476 0.00230094 0.90912 
43.8924 303.645 -1.75706 25.4875 -0.0298295 0.41311 0.00280954 0.910188 
43.9961 304.394 -1.75371 26.1287 -0.0327376 0.410692 0.00206099 0.911184 
44.1 305.133 -1.73606 26.779 -0.0361646 0.408338 0.00236519 0.912111 
44.2036 305.87 -1.71808 27.4276 -0.0353195 0.405725 0.00249388 0.913309 
44.3073 306.583 -1.69422 28.0763 -0.0336687 0.403179 0.000300642 0.914502 
44.411 307.303 -1.67758 28.7355 -0.0315614 0.400572 -0.000748372 0.915721 
44.5148 308.019 -1.65553 29.387 -0.0293989 0.398038 0.00163027 0.916896 
44.6185 308.736 -1.63568 30.0465 -0.0295615 0.395452 0.003984 0.918002 
44.7223 309.439 -1.61096 30.7069 -0.0286055 0.392758 0.00697814 0.919171 
44.8262 310.141 -1.58543 31.3745 -0.0275064 0.389618 0.00915417 0.92052 
44.9298 310.836 -1.5577 32.0401 -0.0268568 0.386878 0.0125308 0.921655 
45.0335 311.52 -1.53165 32.7163 -0.0277544 0.384245 0.0123695 0.922731 
45.1373 312.195 -1.50223 33.3994 -0.0286823 0.382163 0.0117881 0.923575 
45.241 312.863 -1.47195 34.0758 -0.027261 0.3795 0.0117646 0.924715 
45.3448 313.527 -1.44211 34.7654 -0.0273968 0.377041 0.0103292 0.925734 
45.4485 314.189 -1.40586 35.4472 -0.0270659 0.374517 0.0131018 0.926732 
45.5523 314.844 -1.37831 36.138 -0.0282392 0.371363 0.0127579 0.92797 
45.6562 315.489 -1.34639 36.8274 -0.0269812 0.369118 0.0126739 0.928905 
45.7599 316.139 -1.31285 37.5174 -0.0260607 0.366369 0.0145431 0.929991 
45.8637 316.781 -1.28052 38.218 -0.0281459 0.364263 0.0139291 0.930766 
45.9674 317.414 -1.25072 38.9252 -0.0309405 0.36249 0.0112263 0.931406 
46.0713 318.049 -1.20997 39.6281 -0.0316572 0.360591 0.0109362 0.932123 
46.175 318.687 -1.16632 40.3286 -0.0333262 0.359342 0.0130404 0.93252 
46.2788 319.314 -1.13094 41.0295 -0.034843 0.357972 0.0121092 0.933003 
46.3827 319.943 -1.09433 41.7286 -0.0315526 0.357046 0.0110515 0.933488 
46.4865 320.57 -1.05512 42.4203 -0.0276947 0.356565 0.0108317 0.933797 
46.5904 321.198 -1.01979 43.1188 -0.027313 0.356888 0.0108791 0.933685 
46.6942 321.829 -0.98559 43.8226 -0.0290722 0.357479 0.0108296 0.933406 
46.7981 322.464 -0.946947 44.5278 -0.0312076 0.358305 0.0114328 0.933013 
46.9019 323.106 -0.906178 45.2335 -0.0321557 0.359897 0.0118212 0.932363 
47.0058 323.748 -0.865048 45.9343 -0.0321012 0.362244 0.011433 0.93146 
47.1097 324.392 -0.825081 46.6332 -0.0309065 0.365184 0.0087381 0.930381 
47.2136 325.044 -0.786528 47.3268 -0.0293826 0.368605 0.00682968 0.929096 
47.3174 325.707 -0.749624 48.018 -0.028014 0.372033 0.00687078 0.927771 
47.4212 326.377 -0.715794 48.7092 -0.028635 0.37594 0.00635241 0.92618 
47.5251 327.056 -0.68218 49.3948 -0.0285816 0.379807 0.00667259 0.9246 
47.6288 327.74 -0.643796 50.0809 -0.0308218 0.383399 0.0057339 0.92305 
47.7327 328.438 -0.600211 50.7653 -0.0342231 0.387517 0.00664821 0.921203 
47.8364 329.139 -0.556063 51.4486 -0.038332 0.391659 0.0062926 0.91929 
47.9402 329.84 -0.50827 52.1179 -0.0375203 0.395863 0.00458034 0.917531 
48.0439 330.549 -0.46106 52.778 -0.0338199 0.399441 0.00276959 0.916131 
48.1477 331.267 -0.417499 53.4341 -0.0309645 0.402886 0.00209777 0.914724 
48.2514 331.998 -0.378688 54.0887 -0.030625 0.406281 0.00310392 0.913229 
48.355 332.737 -0.341161 54.744 -0.0319494 0.409438 0.00386414 0.91177 
48.4588 333.479 -0.303308 55.3972 -0.0328799 0.41232 0.00404885 0.910437 
48.5626 334.23 -0.260802 56.0461 -0.0332866 0.41495 0.00482822 0.909223 
48.6662 334.983 -0.217742 56.6961 -0.0342229 0.417466 0.00442866 0.908037 
48.7699 335.739 -0.173048 57.3495 -0.0354718 0.419987 0.00296796 0.906832 
48.8736 336.5 -0.128099 57.9952 -0.0360275 0.42229 0.002038 0.905742 
48.9773 337.267 -0.0843299 58.6405 -0.0364543 0.424374 0.00105376 0.904752 
49.0809 338.04 -0.0392277 59.2831 -0.0364601 0.4265 0.000181073 0.903753 
49.1847 338.817 0.00791583 59.9256 -0.0366277 0.428563 -0.000964538 0.902769 
49.2883 339.599 0.0539048 60.5603 -0.0364784 0.430424 -0.000263195 0.901889 
49.392 340.389 0.101152 61.1994 -0.0367092 0.432143 -0.000174553 0.901058 
49.4958 341.178 0.150229 61.8334 -0.0372084 0.433872 -0.000104184 0.900206 
49.5994 341.969 0.197176 62.4663 -0.0383106 0.435435 -0.00106696 0.899404 
49.7032 342.763 0.243271 63.0976 -0.0394236 0.437237 -0.00138374 0.898481 
49.8068 343.555 0.287612 63.7223 -0.0396058 0.438939 -0.00225493 0.89764 
49.9106 344.351 0.331581 64.3414 -0.0380926 0.440683 -0.0030603 0.896849 
50.0142 345.151 0.377041 64.9592 -0.0379653 0.441814 -0.00278525 0.896299 
50.118 345.958 0.421119 65.5768 -0.0392604 0.442407 -2.79534e-05 0.895955 
50.2216 346.769 0.47077 66.1916 -0.0420349 0.442686 0.00386081 0.895682 
50.3253 347.581 0.527358 66.8072 -0.0442231 0.443053 0.00592258 0.895384 
50.429 348.387 0.583138 67.4182 -0.0435212 0.443551 0.00618908 0.89517 
50.5327 349.19 0.637394 68.0222 -0.0396871 0.443905 0.00560588 0.895177 
50.6365 349.993 0.686756 68.6268 -0.0358728 0.444315 0.00454964 0.89514 
50.7402 350.801 0.730696 69.2292 -0.0338532 0.444906 0.0052186 0.894922 
50.844 351.618 0.771935 69.8358 -0.0341551 0.445535 0.00691062 0.894586 
50.9476 352.436 0.811863 70.437 -0.0352917 0.446147 0.0096604 0.894211 
51.0512 353.254 0.857017 71.0388 -0.0364913 0.446501 0.0119509 0.893959 
51.1549 354.072 0.906118 71.6419 -0.0371955 0.44684 0.0137137 0.893735 
51.2586 354.885 0.955382 72.2422 -0.0374497 0.447057 0.0144624 0.893604 
51.3623 355.699 1.00472 72.8449 -0.0361448 0.447076 0.0145456 0.893647 
51.4659 356.51 1.0543 73.4437 -0.0342186 0.447039 0.0145984 0.89374 
51.5697 357.324 1.10504 74.0485 -0.034271 0.446952 0.0149912 0.893776 
51.6733 358.142 1.15442 74.6509 -0.0353118 0.44709 0.0165652 0.893638 
51.7769 358.955 1.20551 75.2521 -0.0360158 0.447303 0.0173508 0.893489 
51.8807 359.77 1.25526 75.8526 -0.0346182 0.447665 0.0174228 0.893361 
51.9843 360.583 1.30754 76.4529 -0.0335735 0.447933 0.0175136 0.893265 
52.0881 361.399 1.35861 77.0534 -0.0333372 0.448189 0.0183374 0.893129 
52.1917 362.213 1.40961 77.6559 -0.0344025 0.448196 0.019297 0.893065 
52.2954 363.026 1.46345 78.2559 -0.0341057 0.448097 0.0208114 0.893091 
52.3992 363.838 1.51844 78.8546 -0.0338459 0.447863 0.0227671 0.893171 
52.5029 364.647 1.57509 79.4517 -0.0333658 0.447641 0.0253349 0.893231 
52.6067 365.452 1.63287 80.0447 -0.0329049 0.447287 0.0285443 0.893329 
52.7104 366.257 1.6931 80.6348 -0.0315659 0.446942 0.0319512 0.893435 
52.8142 367.053 1.75506 81.2298 -0.0315466 0.446302 0.0337194 0.89369 
52.9179 367.845 1.81898 81.8234 -0.0313642 0.445742 0.0355456 0.893906 
53.0217 368.627 1.88129 82.4145 -0.0319907 0.445089 0.0364062 0.894174 
53.1254 369.402 1.94329 82.9995 -0.0325538 0.44439 0.0369525 0.894479 
53.2292 370.166 2.00537 83.5798 -0.031943 0.443655 0.0376705 0.894836 
53.3329 370.92 2.06545 84.1551 -0.0321546 0.44286 0.0384278 0.895189 
53.4365 371.663 2.12533 84.7244 -0.0331325 0.442078 0.0393393 0.895501 
53.5403 372.393 2.18599 85.2882 -0.0352248 0.441567 0.0394404 0.895669 
53.6441 373.111 2.25108 85.8487 -0.0394993 0.441374 0.0390934 0.895601 
53.7478 373.811 2.31655 86.4018 -0.043883 0.441421 0.0373274 0.895449 
53.8516 374.498 2.38407 86.9445 -0.0466436 0.441646 0.0349431 0.895294 
53.9553 375.169 2.45595 87.475 -0.0488658 0.441882 0.0323805 0.895156 
54.059 375.83 2.5254 87.992 -0.050415 0.442248 0.0297348 0.894981 
54.1628 376.478 2.59337 88.4956 -0.050931 0.442701 0.0278611 0.894788 
54.2666 377.116 2.65839 88.9848 -0.050708 0.443039 0.0267421 0.894667 
54.3702 377.747 2.72215 89.4635 -0.0495751 0.443334 0.0265505 0.89459 
54.4739 378.371 2.78243 89.9337 -0.0493665 0.443589 0.0269082 0.894465 
54.5776 378.985 2.83942 90.3977 -0.0492117 0.443844 0.026535 0.894358 
54.6813 379.588 2.89564 90.8545 -0.0493923 0.444708 0.0261561 0.89393 
54.7851 380.183 2.95365 91.3009 -0.0499895 0.446302 0.025762 0.893114 
54.8888 380.773 3.00936 91.7401 -0.0514261 0.44876 0.0243098 0.89184 
54.9927 381.358 3.06233 92.1634 -0.0523822 0.451898 0.0241415 0.890203 
55.0964 381.933 3.11264 92.5737 -0.0527946 0.454858 0.0227975 0.888705 
55.2002 382.505 3.16092 92.9764 -0.0510779 0.458147 0.0204348 0.887173 
55.304 383.079 3.21004 93.373 -0.0491525 0.461793 0.0174401 0.885453 
55.4078 383.661 3.26173 93.7636 -0.0481513 0.466156 0.0160292 0.883246 
55.5117 384.258 3.31136 94.1522 -0.0490647 0.471382 0.0158203 0.880421 
55.6154 384.862 3.36085 94.541 -0.0529615 0.476738 0.0157929 0.877306 
55.7192 385.476 3.41675 94.9219 -0.0557182 0.481703 0.0170423 0.874395 
55.8229 386.1 3.47518 95.2975 -0.0577481 0.486804 0.0182108 0.87141 
55.9267 386.726 3.53699 95.6662 -0.0582518 0.491806 0.0192286 0.868541 
56.0304 387.359 3.60146 96.0293 -0.0569709 0.496613 0.0198228 0.865873 
56.1341 387.996 3.66498 96.3849 -0.0543672 0.500565 0.0204814 0.863747 
56.2378 388.642 3.73156 96.735 -0.0505364 0.504029 0.0216729 0.861935 
56.3416 389.298 3.79893 97.0863 -0.0478442 0.506919 0.0238156 0.860335 
56.4453 389.962 3.86998 97.441 -0.0481434 0.509496 0.0272101 0.858694 
56.5491 390.645 3.94536 97.8023 -0.053514 0.511644 0.0320075 0.856932 
56.6529 391.334 4.02703 98.175 -0.0607399 0.513319 0.0356054 0.855305 
56.7567 392.025 4.11623 98.5453 -0.0684057 0.515483 0.0386682 0.853289 
56.8604 392.718 4.21158 98.9072 -0.0700908 0.518063 0.0398698 0.851533 
56.9643 393.414 4.31294 99.267 -0.0692808 0.520593 0.0386648 0.850111 
57.0681 394.115 4.41669 99.6239 -0.068444 0.52343 0.0380748 0.848461 
57.1719 394.831 4.52682 99.9754 -0.0690088 0.526115 0.0412327 0.846605 
57.2756 395.55 4.64089 100.323 -0.0709402 0.528759 0.0441802 0.844648 
57.3793 396.276 4.75419 100.661 -0.0713527 0.531643 0.0471608 0.842639 
57.4831 396.994 4.86832 100.994 -0.0713203 0.534022 0.0492133 0.841019 
57.5868 397.704 4.98705 101.323 -0.0701504 0.536701 0.0496927 0.839382 
57.6906 398.414 5.1035 101.647 -0.069381 0.53942 0.0495714 0.837709 
57.7943 399.121 5.21982 101.968 -0.0698964 0.542284 0.0493754 0.835826 
57.8982 399.824 5.33259 102.28 -0.0707595 0.545827 0.0489034 0.833471 
58.0019 400.526 5.44366 102.579 -0.0706152 0.549937 0.0490354 0.83077 
58.1058 401.223 5.55155 102.862 -0.0699784 0.554423 0.0498362 0.827789 
58.2097 401.917 5.65744 103.141 -0.0702007 0.558932 0.0502273 0.824709 
58.3134 402.603 5.76267 103.408 -0.0708697 0.563263 0.0502235 0.8217 
58.4173 403.28 5.86632 103.659 -0.0695334 0.567695 0.0510566 0.818706 
58.5211 403.951 5.96465 103.903 -0.067796 0.572243 0.049494 0.815777 
58.6249 404.617 6.06125 104.142 -0.0654578 0.577552 0.0450006 0.81248 
58.7287 405.28 6.15174 104.375 -0.064611 0.583472 0.0392931 0.808605 
58.8327 405.96 6.23991 104.591 -0.0633321 0.590459 0.0362844 0.80376 
58.9366 406.632 6.32523 104.78 -0.0611958 0.598351 0.0359206 0.798086 
59.0404 407.317 6.40591 104.953 -0.0588347 0.606808 0.0354586 0.791874 
59.1443 408.011 6.48103 105.108 -0.0547884 0.61548 0.0350312 0.785465 
59.2482 408.702 6.55159 105.246 -0.0503028 0.62385 0.034784 0.779148 
59.3521 409.419 6.61928 105.371 -0.0461229 0.63202 0.0358532 0.772747 
59.4558 410.135 6.69107 105.485 -0.0439083 0.639696 0.0369063 0.766485 
59.5596 410.873 6.76375 105.595 -0.0450907 0.646675 0.0387859 0.760443 
59.6633 411.617 6.83806 105.7 -0.0486764 0.652428 0.0407789 0.755185 
59.7669 412.361 6.919 105.791 -0.0515983 0.657327 0.0452016 0.750477 
59.8707 413.113 7.00038 105.879 -0.0534124 0.661006 0.0473474 0.746978 
59.9743 413.866 7.08202 105.97 -0.0551904 0.66401 0.0473695 0.744178 
60.0781 414.625 7.16774 106.059 -0.0573891 0.66684 0.0464159 0.741536 
60.1818 415.389 7.26174 106.137 -0.0596515 0.669636 0.0478123 0.738744 
60.2856 416.148 7.35054 106.212 -0.0619483 0.672149 0.047001 0.736322 
60.3893 416.897 7.42776 106.298 -0.0636026 0.674699 0.0381737 0.734356 
60.4931 417.643 7.50502 106.375 -0.0592075 0.677239 0.0286814 0.732816 
60.5968 418.392 7.58941 106.435 -0.0517087 0.678998 0.0237364 0.731932 
60.7006 419.164 7.66817 106.507 -0.0533452 0.680399 0.021252 0.730588 
60.8042 419.95 7.7397 106.586 -0.0607817 0.680531 0.0215824 0.729875 
60.908 420.732 7.80996 106.656 -0.0643674 0.679783 0.0235914 0.730202 
61.0116 421.493 7.86526 106.727 -0.0605101 0.678917 0.0170835 0.731518 
61.1153 422.23 7.91667 106.8 -0.0514243 0.677974 0.00770491 0.733245 
61.2189 422.977 7.9717 106.871 -0.0438455 0.675921 -1.18226e-05 0.735668 
61.3227 423.737 8.02069 106.948 -0.044949 0.674229 -0.00137741 0.737152 
61.4264 424.501 8.05933 107.035 -0.0526484 0.672971 0.0015097 0.737791 
61.5302 425.25 8.09365 107.119 -0.0563766 0.672002 0.00377135 0.738391 
61.6338 425.977 8.12946 107.192 -0.0532747 0.671212 0.00436704 0.739336 
61.7376 426.689 8.16719 107.263 -0.0478886 0.670134 0.00266834 0.740688 
61.8413 427.398 8.20232 107.339 -0.0442755 0.669256 0.00173005 0.74171 
61.9451 428.103 8.23372 107.42 -0.0424887 0.668267 0.00208777 0.742704 
62.0488 428.797 8.26406 107.501 -0.0399963 0.668119 0.00208509 0.742975 
62.1526 429.478 8.29082 107.584 -0.0376521 0.668353 -7.71177e-05 0.74289 
62.2564 430.149 8.31359 107.671 -0.0367538 0.668603 -0.00230628 0.742707 
62.3601 430.81 8.33291 107.757 -0.0371121 0.669197 -0.00559445 0.742137 
62.464 431.467 8.34658 107.838 -0.0379244 0.671472 -0.0081529 0.740014 
62.5679 432.118 8.35537 107.908 -0.0391593 0.675988 -0.0103805 0.735798 
62.6718 432.765 8.36516 107.96 -0.0392884 0.682096 -0.0121873 0.730104 
62.7758 433.398 8.37606 107.991 -0.038105 0.688883 -0.0121146 0.723769 
62.8798 434.026 8.38194 108.008 -0.0368707 0.695727 -0.0104714 0.717282 
62.9837 434.625 8.38746 108.019 -0.0354978 0.702148 -0.00964693 0.71108 
63.0876 435.2 8.39072 108.016 -0.0339959 0.708393 -0.00921455 0.704939 
63.1914 435.758 8.39546 108.009 -0.033335 0.714632 -0.00915132 0.698646 
63.2954 436.291 8.39945 107.99 -0.0341341 0.720832 -0.00957406 0.692202 
63.3993 436.809 8.40329 107.968 -0.0357893 0.727413 -0.0102329 0.68519 
63.5032 437.299 8.40148 107.93 -0.0348579 0.733965 -0.00961086 0.678224 
63.6071 437.752 8.39434 107.883 -0.0320894 0.739723 -0.0101919 0.672069 
63.7108 438.179 8.38508 107.826 -0.0262239 0.745179 -0.0112186 0.666254 
63.8147 438.581 8.37812 107.769 -0.0204921 0.750142 -0.0134594 0.660823 
63.9184 438.956 8.37189 107.718 -0.0168877 0.754425 -0.0162611 0.655968 
64.0222 439.32 8.3711 107.667 -0.0155984 0.757902 -0.0199833 0.651876 
64.126 439.666 8.36854 107.607 -0.0139546 0.761044 -0.02123 0.648203 
64.2297 439.997 8.35879 107.545 -0.0119619 0.763821 -0.0207196 0.644985 
64.3333 440.312 8.34814 107.476 -0.00932251 0.765938 -0.0177929 0.6426 
64.4371 440.609 8.33923 107.409 -0.00633684 0.767662 -0.014075 0.640669 
64.5407 440.891 8.33084 107.36 -0.00755057 0.769316 -0.013576 0.638679 
64.6444 441.154 8.32006 107.323 -0.0102498 0.770914 -0.0149804 0.63668 
64.7481 441.399 8.31238 107.289 -0.0134636 0.772066 -0.0165123 0.635185 
64.8517 441.622 8.30838 107.254 -0.0148403 0.773044 -0.016737 0.633958 
64.9553 441.82 8.30217 107.216 -0.0139161 0.773768 -0.0165473 0.6331 
65.0591 441.993 8.29294 107.179 -0.0117192 0.774394 -0.0157622 0.632399 
65.1627 442.149 8.28468 107.147 -0.00957637 0.774673 -0.0148518 0.632116 
65.2663 442.299 8.28411 107.125 -0.00790006 0.774617 -0.0151108 0.632201 
65.3701 442.449 8.28134 107.111 -0.0078025 0.774101 -0.0166358 0.632795 
65.4737 442.6 8.28135 107.093 -0.00725427 0.773351 -0.0159629 0.633736 
65.5774 442.755 8.28271 107.063 -0.00540108 0.77207 -0.0115472 0.63541 
65.6811 442.906 8.2851 107.039 -0.00393995 0.770381 -0.00863945 0.637513 
65.7848 443.053 8.28327 107.023 -0.00248747 0.769051 -0.00831293 0.639129 
65.8886 443.2 8.2802 107.017 -0.00298699 0.76782 -0.00988551 0.640582 
65.9922 443.347 8.2762 107.014 -0.00391708 0.766314 -0.0116472 0.642349 
66.0959 443.497 8.27367 107.009 -0.00428004 0.764584 -0.0132687 0.644373 
66.1997 443.659 8.27152 106.999 -0.00414968 0.762655 -0.0136292 0.646649 
66.3033 443.836 8.27071 106.989 -0.00432302 0.760573 -0.0135707 0.649096 
66.4071 444.032 8.27288 106.985 -0.00681302 0.758442 -0.0146539 0.65154 
66.5107 444.247 8.27468 106.989 -0.0106414 0.755514 -0.0165713 0.654836 
66.6143 444.473 8.27142 106.99 -0.0135243 0.752511 -0.0178909 0.658197 
66.7181 444.707 8.26139 106.976 -0.0135256 0.74943 -0.0160839 0.66175 
66.8217 444.954 8.25282 106.958 -0.011675 0.745738 -0.0129553 0.666011 
66.9254 445.205 8.24467 106.946 -0.0104304 0.741896 -0.0107763 0.670347 
67.0291 445.47 8.24266 106.943 -0.00931863 0.7368 -0.00962604 0.675978 
67.1328 445.741 8.24274 106.943 -0.00765508 0.731261 -0.00817702 0.682005 
67.2364 446.013 8.23648 106.953 -0.0078965 0.725256 -0.00760643 0.688392 
67.3401 446.302 8.23085 106.973 -0.008093 0.718066 -0.00689004 0.695894 
67.4437 446.603 8.22677 106.999 -0.0079201 0.710392 -0.00692035 0.703727 
67.5473 446.903 8.22567 107.034 -0.00767069 0.702652 -0.00796868 0.711448 
67.6511 447.226 8.22576 107.087 -0.00872488 0.694337 -0.0115784 0.719504 
67.7547 447.558 8.22651 107.15 -0.00931325 0.685956 -0.0144292 0.727441 
67.8583 447.89 8.22285 107.21 -0.0104379 0.676529 -0.0153278 0.736183 
67.9621 448.25 8.21745 107.277 -0.0096761 0.667052 -0.0134375 0.744827 
68.0657 448.605 8.2117 107.352 -0.00930346 0.657553 -0.0118105 0.753258 
68.1693 448.987 8.20774 107.447 -0.00953342 0.647621 -0.0115487 0.761815 
68.2731 449.381 8.20423 107.557 -0.00991986 0.637517 -0.0116425 0.770284 
68.3767 449.774 8.20133 107.676 -0.0106339 0.627319 -0.0121721 0.778595 
68.4803 450.19 8.19893 107.822 -0.010034 0.617194 -0.0118412 0.786658 
68.5841 450.611 8.19576 108.004 -0.00997717 0.607503 -0.0114256 0.794173 
68.6878 451.038 8.19206 108.2 -0.00986891 0.598518 -0.0105924 0.800979 
68.7916 451.491 8.18882 108.402 -0.00990422 0.590121 -0.0103661 0.807188 
68.8953 451.949 8.1865 108.618 -0.00990875 0.582185 -0.0100252 0.812934 
68.9991 452.432 8.18353 108.844 -0.00991625 0.574582 -0.0102783 0.818323 
69.1028 452.929 8.18184 109.085 -0.00920263 0.567059 -0.00934494 0.823573 
69.2066 453.435 8.17965 109.319 -0.00835057 0.559424 -0.00767921 0.828804 
69.3103 453.964 8.18257 109.547 -0.0071634 0.551529 -0.00589093 0.834104 
69.4139 454.502 8.18384 109.798 -0.00562147 0.543572 -0.00416591 0.839334 
69.5177 455.043 8.18392 110.067 -0.00525724 0.536051 -0.00383289 0.84416 
69.6214 455.598 8.18201 110.36 -0.00513959 0.529133 -0.00458648 0.848511 
69.7253 456.158 8.18166 110.667 -0.00543588 0.522813 -0.00542358 0.852413 
69.8291 456.749 8.16962 110.983 -0.00624336 0.517289 -0.00522416 0.855772 
69.9328 457.354 8.1528 111.308 -0.00699376 0.512513 -0.00491289 0.858637 
70.0367 457.972 8.13288 111.646 -0.00849093 0.508727 -0.00457846 0.860874 
70.1406 458.597 8.11907 111.999 -0.00965457 0.505676 -0.00425115 0.862659 
70.2443 459.233 8.10647 112.359 -0.0100414 0.503351 -0.00454679 0.864012 
70.3482 459.877 8.10021 112.736 -0.010509 0.501537 -0.00487961 0.865059 
70.4519 460.536 8.09204 113.118 -0.0109609 0.500061 -0.00526496 0.865905 
70.5558 461.202 8.08626 113.514 -0.0108441 0.498757 -0.00581042 0.866655 
70.6596 461.883 8.07973 113.915 -0.0103293 0.497484 -0.0053503 0.867395 
70.7633 462.574 8.07638 114.327 -0.00939299 0.496206 -0.00495676 0.86814 
70.8672 463.278 8.07054 114.749 -0.00852989 0.494998 -0.00496278 0.868838 
70.9708 463.989 8.06433 115.182 -0.00784845 0.493736 -0.00518373 0.869561 
71.0747 464.71 8.05683 115.623 -0.00678339 0.492555 -0.00509682 0.87024 
71.1784 465.44 8.04822 116.067 -0.00582681 0.491483 -0.00415094 0.870858 
71.2822 466.175 8.03972 116.518 -0.00476008 0.490632 -0.00305155 0.871349 
71.3859 466.923 8.02974 116.979 -0.00425624 0.489705 -0.00240992 0.871874 
71.4896 467.673 8.01719 117.45 -0.00344318 0.488974 -0.00356159 0.872285 
71.5933 468.435 8.00505 117.925 -0.00166324 0.488375 -0.00399034 0.872623 
71.6972 469.206 7.99385 118.409 -0.000391773 0.488228 -0.00456884 0.872704 
71.801 469.987 7.98081 118.904 -0.0017028 0.488003 -0.00524337 0.872825 
71.9047 470.781 7.96728 119.404 -0.00287139 0.488018 -0.00451279 0.872817 
72.0085 471.584 7.95208 119.909 -0.00417168 0.48771 -0.00418202 0.872986 
72.1122 472.397 7.94259 120.416 -0.00332452 0.487482 -0.00315254 0.873121 
72.216 473.219 7.93244 120.927 -0.00196688 0.48704 -0.00237057 0.873374 
72.3197 474.052 7.9201 121.447 -0.00106443 0.486752 -0.00134173 0.873538 
72.4235 474.892 7.90854 121.975 -0.000842012 0.486357 -0.000686264 0.87376 
72.5272 475.743 7.89633 122.511 -0.000552042 0.485957 0.000147948 0.873983 
72.6309 476.601 7.88271 123.054 -0.000510817 0.485572 0.000546605 0.874196 
72.7347 477.467 7.87002 123.602 -0.00012253 0.485246 0.000330971 0.874377 
72.8385 478.344 7.85653 124.16 -4.14594e-05 0.484796 -0.000463024 0.874627 
72.9422 479.23 7.8427 124.723 -0.000305033 0.484615 -0.000754606 0.874727 
73.046 480.118 7.81602 125.286 -0.000859516 0.484764 -0.000294939 0.874645 
73.1497 480.992 7.79987 125.864 -0.0022744 0.485176 -0.00220501 0.874411 
73.2535 481.879 7.78464 126.441 -0.00240349 0.48611 -0.00405215 0.873885 
73.3572 482.772 7.76861 127.016 -0.00157393 0.487809 -0.00574621 0.87293 
73.4611 483.68 7.74817 127.593 -0.00206924 0.490959 -0.00831653 0.871141 
73.5649 484.591 7.72335 128.165 -0.00278516 0.495279 -0.0116076 0.868652 
73.6688 485.516 7.70278 128.725 -0.00306538 0.500913 -0.0141903 0.865376 
73.7727 486.448 7.68909 129.274 -0.00393219 0.507432 -0.0157856 0.861538 
73.8767 487.387 7.6759 129.806 -0.00534895 0.514516 -0.0160621 0.857314 
73.9806 488.35 7.65976 130.325 -0.0074622 0.521866 -0.0161737 0.852842 
74.0845 489.32 7.64466 130.827 -0.00873809 0.529492 -0.0170412 0.848099 
74.1885 490.296 7.62758 131.305 -0.00760609 0.537277 -0.0178143 0.843183 
74.2923 491.286 7.6083 131.768 -0.0065512 0.545386 -0.0198001 0.837926 
74.3962 492.283 7.57762 132.213 -0.00586865 0.553999 -0.0206358 0.832241 
74.5001 493.302 7.5296 132.653 -0.00733786 0.563097 -0.0207381 0.826098 
74.6038 494.335 7.48667 133.059 -0.00785655 0.572733 -0.0199704 0.819461 
74.7078 495.358 7.44174 133.438 -0.00668442 0.582825 -0.0209677 0.812299 
74.8117 496.406 7.3959 133.794 -0.00484177 0.593349 -0.0246175 0.804554 
74.9155 497.446 7.34366 134.116 -0.00265254 0.604151 -0.0261823 0.796435 
75.0193 498.514 7.29195 134.41 -0.00354194 0.615781 -0.0306961 0.787311 
75.1233 499.593 7.23998 134.661 -0.000665059 0.627955 -0.0306486 0.777646 
75.2271 500.656 7.17921 134.878 -0.00179615 0.639802 -0.0334641 0.767808 
75.331 501.751 7.10786 135.064 0.000332418 0.651055 -0.0338231 0.758276 
75.4348 502.831 7.03087 135.211 0.00376687 0.661643 -0.0350595 0.74899 
75.5386 503.934 6.94878 135.333 0.00649269 0.67147 -0.0350642 0.740174 
75.6422 505.042 6.85995 135.428 0.00784301 0.68044 -0.0345136 0.731949 
75.7459 506.147 6.76805 135.492 0.00859735 0.688758 -0.0342565 0.724131 
75.8496 507.272 6.67505 135.536 0.00888963 0.696792 -0.0353096 0.716348 
75.9533 508.395 6.58016 135.557 0.0100341 0.704699 -0.0365133 0.708496 
76.057 509.511 6.48531 135.551 0.0109398 0.712162 -0.036587 0.700975 
76.1606 510.642 6.38929 135.523 0.0109773 0.7186 -0.0341192 0.694499 
76.2642 511.77 6.29429 135.476 0.0123384 0.723323 -0.0318067 0.689667 
76.3677 512.907 6.20817 135.416 0.0157626 0.726438 -0.0301363 0.68639 
76.4713 514.044 6.11989 135.357 0.0182542 0.728491 -0.030333 0.68414 
76.575 515.185 6.0255 135.299 0.0180869 0.729997 -0.030859 0.682514 
76.6786 516.326 5.92845 135.239 0.017581 0.731203 -0.0313058 0.681214 
76.7822 517.472 5.83264 135.172 0.0181643 0.732288 -0.0322101 0.679991 
76.8859 518.623 5.73403 135.098 0.0197556 0.733417 -0.0330566 0.678687 
76.9896 519.786 5.63475 135.017 0.0215285 0.734502 -0.0333096 0.677446 
77.0932 520.959 5.53239 134.933 0.0217451 0.735536 -0.0327921 0.676342 
77.197 522.145 5.43045 134.847 0.0200531 0.736561 -0.0314882 0.67534 
77.3006 523.337 5.33095 134.757 0.0189349 0.737318 -0.0305763 0.674587 
77.4042 524.535 5.23182 134.67 0.018205 0.7378 -0.0315825 0.674035 
77.5078 525.734 5.13112 134.579 0.0193943 0.737917 -0.0335245 0.673779 
77.6116 526.947 5.02415 134.484 0.0205559 0.737843 -0.0345235 0.673776 
77.7152 528.167 4.91371 134.388 0.0212247 0.737707 -0.0338436 0.673938 
77.819 529.399 4.80118 134.294 0.0206766 0.737697 -0.0340136 0.673958 
77.9227 530.638 4.68787 134.201 0.0201217 0.737765 -0.0351051 0.673844 
78.0263 531.88 4.57569 134.109 0.0193538 0.737954 -0.0361911 0.673602 
78.1301 533.134 4.46248 134.01 0.0187954 0.738687 -0.0359236 0.672828 
78.2338 534.398 4.34746 133.91 0.017618 0.739681 -0.0359643 0.671765 
78.3375 535.661 4.23497 133.799 0.0191354 0.740322 -0.035904 0.67102 
78.4412 536.937 4.11956 133.686 0.0194617 0.741105 -0.0358149 0.67015 
78.5448 538.218 4.00308 133.572 0.018787 0.742123 -0.0360694 0.669029 
78.6486 539.509 3.88504 133.45 0.0187602 0.743327 -0.0355272 0.66772 
78.7523 540.806 3.7681 133.326 0.01776 0.74453 -0.0361208 0.666375 
78.856 542.131 3.67099 133.185 0.0171189 0.745728 -0.0354281 0.665087 
78.9597 543.463 3.57311 133.042 0.0165413 0.746759 -0.0358618 0.663921 
79.0633 544.802 3.47682 132.892 0.016761 0.747685 -0.0363781 0.662844 
79.1671 546.143 3.37072 132.74 0.0169852 0.748578 -0.0364623 0.661826 
79.2708 547.493 3.2671 132.579 0.0170605 0.749403 -0.0360731 0.660911 
79.3745 548.848 3.15655 132.416 0.0177646 0.750205 -0.0364338 0.659962 
79.4782 550.21 3.04196 132.249 0.018025 0.751096 -0.0365328 0.658935 
79.582 551.575 2.91327 132.078 0.0178003 0.752126 -0.0366887 0.657756 
79.6857 552.948 2.78376 131.901 0.0173629 0.753315 -0.0368817 0.656396 
79.7895 554.326 2.6568 131.716 0.0174495 0.754657 -0.0364822 0.654871 
79.8932 555.712 2.52857 131.526 0.0173843 0.755923 -0.0365837 0.653406 
79.997 557.104 2.39987 131.328 0.0178236 0.757138 -0.036417 0.651995 
80.1006 558.5 2.2699 131.126 0.0182887 0.757984 -0.0366536 0.650985 
80.2043 559.908 2.13877 130.917 0.0187901 0.758713 -0.0365489 0.650127 
80.308 561.317 2.00831 130.707 0.0188572 0.759353 -0.0365113 0.64938 
80.4117 562.739 1.87561 130.49 0.0190498 0.759844 -0.036412 0.648806 
80.5153 564.166 1.74231 130.274 0.0192263 0.760247 -0.0361746 0.648341 
80.6191 565.6 1.60728 130.051 0.0198257 0.760666 -0.0360094 0.64784 
80.7227 567.038 1.4732 129.826 0.020466 0.761031 -0.0357559 0.647406 
80.8264 568.489 1.33824 129.596 0.0201938 0.761406 -0.0346231 0.647035 
80.9301 569.942 1.20477 129.367 0.0203565 0.761718 -0.0351718 0.646633 
81.0338 571.403 1.07045 129.137 0.0200226 0.762102 -0.035124 0.646194 
81.1375 572.871 0.934715 128.905 0.0191198 0.762498 -0.0350396 0.645759 
81.2412 574.352 0.794871 128.667 0.0183617 0.762935 -0.0339495 0.645322 
81.3449 575.828 0.659611 128.428 0.0188742 0.763201 -0.0334977 0.645016 
81.4486 577.301 0.526595 128.191 0.0199725 0.76322 -0.0342121 0.644923 
81.5523 578.78 0.391161 127.954 0.0200459 0.763224 -0.0339669 0.644929 
81.6561 580.26 0.252798 127.718 0.0198919 0.76332 -0.0345229 0.644791 
81.7597 581.746 0.101615 127.487 0.0199114 0.763288 -0.0340795 0.644852 
81.8635 583.237 -0.0558802 127.259 0.0200207 0.763155 -0.0347248 0.644972 
81.9671 584.727 -0.215731 127.031 0.0206878 0.762922 -0.0352064 0.6452 
82.0708 586.219 -0.372868 126.799 0.0221689 0.762612 -0.0348291 0.645537 
82.1745 587.713 -0.529125 126.567 0.0225681 0.762085 -0.0339696 0.646192 
82.2782 589.206 -0.683936 126.337 0.0228457 0.761378 -0.0321212 0.647108 
82.382 590.706 -0.834954 126.108 0.0226843 0.760751 -0.031665 0.647874 
82.4857 592.202 -0.985595 125.885 0.0227175 0.760328 -0.0321413 0.648345 
82.5894 593.697 -1.13319 125.66 0.0227917 0.76014 -0.0311428 0.648612 
82.6931 595.189 -1.27992 125.44 0.0227195 0.759815 -0.0315102 0.648977 
82.7969 596.684 -1.42522 125.215 0.0233892 0.759517 -0.0313717 0.649309 
82.9006 598.177 -1.56949 124.993 0.0229514 0.759253 -0.0313808 0.649634 
83.0042 599.666 -1.71363 124.776 0.0226147 0.758998 -0.0321276 0.649907 
83.1078 601.15 -1.85577 124.558 0.0212629 0.758839 -0.0325662 0.650116 
83.2116 602.635 -1.99626 124.334 0.0215712 0.75878 -0.0313874 0.650232 
83.3152 604.119 -2.13433 124.105 0.0220162 0.758516 -0.030478 0.650569 
83.419 605.601 -2.2668 123.87 0.0243498 0.758239 -0.0274096 0.650945 
83.5226 607.08 -2.40203 123.638 0.0258408 0.757906 -0.0274405 0.651274 
83.6262 608.555 -2.53986 123.413 0.0272107 0.757638 -0.0286917 0.651476 
83.73 610.039 -2.68265 123.194 0.0261188 0.757565 -0.0297263 0.651559 
83.8336 611.521 -2.8248 122.977 0.0243306 0.757312 -0.0298603 0.651917 
83.9373 613.002 -2.96384 122.763 0.0235276 0.756933 -0.0302112 0.652369 
84.041 614.484 -3.09968 122.547 0.0231184 0.756613 -0.0308579 0.652726 
84.1447 615.966 -3.23524 122.335 0.022471 0.756292 -0.0319048 0.653069 
84.2484 617.444 -3.37091 122.117 0.0219657 0.756074 -0.0319201 0.653338 
84.3521 618.926 -3.50959 121.903 0.0210348 0.756047 -0.0321958 0.653387 
84.4557 620.402 -3.64495 121.686 0.0220916 0.756166 -0.0316582 0.65324 
84.5594 621.878 -3.78248 121.471 0.0226471 0.75611 -0.0315679 0.65329 
84.663 623.35 -3.91962 121.254 0.0235319 0.756028 -0.03027 0.653415 
84.7667 624.824 -4.05832 121.035 0.0234612 0.755687 -0.0290725 0.653867 
84.8703 626.288 -4.19743 120.823 0.0241125 0.755105 -0.029415 0.6545 
84.974 627.742 -4.33943 120.615 0.0247524 0.754533 -0.0315134 0.655038 
85.0777 629.195 -4.48525 120.415 0.0234728 0.754287 -0.0322241 0.655333 
85.1813 630.638 -4.63181 120.216 0.0211045 0.753885 -0.0329547 0.65584 
85.2851 632.072 -4.77211 120.017 0.0205584 0.753575 -0.0320948 0.656257 
85.3887 633.494 -4.90625 119.812 0.0199122 0.753543 -0.0306389 0.656382 
85.4925 634.91 -5.03917 119.611 0.02073 0.753467 -0.0295946 0.656492 
85.5961 636.319 -5.17387 119.413 0.0206431 0.753422 -0.0296086 0.656546 
85.6997 637.717 -5.3068 119.216 0.0210621 0.753633 -0.0298115 0.656281 
85.8034 639.108 -5.44021 119.02 0.0206198 0.753961 -0.0298034 0.655919 
85.9071 640.484 -5.57317 118.825 0.0200302 0.754244 -0.0299802 0.655603 
86.0108 641.845 -5.70448 118.633 0.0194521 0.754436 -0.0303064 0.655385 
86.1145 643.181 -5.82978 118.442 0.019159 0.754675 -0.0299451 0.655135 
86.2182 644.498 -5.95274 118.256 0.0177479 0.755023 -0.0290168 0.654816 
86.3218 645.788 -6.06931 118.07 0.0165107 0.755363 -0.0281332 0.654494 
86.4256 647.05 -6.18097 117.884 0.0168297 0.7555 -0.0284092 0.654316 
86.5292 648.278 -6.29365 117.698 0.0192336 0.755572 -0.029664 0.654111 
86.633 649.485 -6.4105 117.52 0.0199331 0.755618 -0.0300928 0.654017 
86.7367 650.669 -6.52646 117.345 0.019013 0.755522 -0.0284388 0.65423 
86.8403 651.817 -6.63389 117.176 0.0185764 0.755095 -0.0275957 0.654771 
86.9441 652.933 -6.73694 117.016 0.0181586 0.754562 -0.0275529 0.655398 
87.0477 654.016 -6.83414 116.863 0.0172326 0.753944 -0.0275205 0.656135 
87.1514 655.064 -6.92894 116.712 0.016738 0.753181 -0.0262042 0.657078 
87.255 656.074 -7.01934 116.567 0.0157594 0.752508 -0.0245862 0.657935 
87.3587 657.051 -7.10962 116.44 0.01405 0.752194 -0.0250195 0.658317 
87.4625 657.981 -7.19432 116.314 0.0147266 0.752026 -0.0248145 0.658502 
87.5662 658.87 -7.2751 116.194 0.0159633 0.751737 -0.0253793 0.658781 
87.6699 659.721 -7.35635 116.077 0.0157148 0.751685 -0.0257177 0.658834 
87.7736 660.526 -7.43286 115.965 0.0151709 0.751642 -0.0264132 0.658868 
87.8773 661.293 -7.50642 115.858 0.0136847 0.752513 -0.0276201 0.657855 
87.9812 662.02 -7.57377 115.751 0.0125408 0.755436 -0.0291081 0.654456 
88.0852 662.701 -7.64033 115.631 0.0111567 0.76064 -0.0306747 0.648352 
88.1892 663.355 -7.70083 115.506 0.00950413 0.768164 -0.0324731 0.639359 
88.2933 663.98 -7.75807 115.359 0.00986519 0.77723 -0.0337927 0.628231 
88.3975 664.544 -7.81258 115.185 0.0110513 0.787444 -0.0347932 0.615304 
88.5016 665.139 -7.87055 114.999 0.0135693 0.799187 -0.0345536 0.599935 
88.6058 665.653 -7.92767 114.787 0.0137756 0.812478 -0.0346943 0.581796 
88.7101 666.221 -7.98569 114.558 0.0135251 0.826798 -0.0343753 0.561285 
88.8143 666.781 -8.04223 114.306 0.0133479 0.841395 -0.0339689 0.539186 
88.9186 667.216 -8.09573 114.016 0.0128176 0.856164 -0.0331917 0.515477 
89.0228 667.731 -8.15508 113.722 0.0134373 0.87121 -0.0333713 0.489591 
89.1271 668.081 -8.21182 113.381 0.0147916 0.886135 -0.0342785 0.461921 
89.2313 668.539 -8.2656 113.042 0.0150312 0.900719 -0.0359329 0.432653 
89.3356 668.816 -8.30987 112.652 0.0163733 0.91447 -0.037735 0.402558 
89.4396 669.189 -8.36471 112.268 0.0202484 0.927012 -0.0383613 0.372516 
89.5437 669.534 -8.41955 111.859 0.0246245 0.93847 -0.0373598 0.342451 
89.6478 669.722 -8.46908 111.421 0.0253621 0.949182 -0.0373283 0.311476 
89.7518 670.017 -8.52156 110.986 0.0248123 0.958806 -0.037242 0.280513 
89.8558 670.151 -8.5675 110.513 0.0252825 0.96746 -0.0365169 0.249095 
89.9597 670.375 -8.62458 110.04 0.0283853 0.974943 -0.035688 0.21773 
90.0637 670.572 -8.67062 109.553 0.0315204 0.98134 -0.0364981 0.186137 
90.1676 670.6 -8.72184 109.039 0.033139 0.98672 -0.0400542 0.153885 
90.2715 670.744 -8.76215 108.532 0.0334978 0.991136 -0.0438027 0.120864 
90.3755 670.719 -8.8097 107.991 0.0345336 0.994463 -0.0459928 0.0879476 
90.4793 670.799 -8.8661 107.454 0.0341058 0.996875 -0.0448403 0.0553826 
90.5831 670.854 -8.92687 106.906 0.0342552 0.998215 -0.0435735 0.0222209 
90.687 670.721 -8.98827 106.335 0.0347084 0.998336 -0.0446054 -0.0114233 
90.7908 670.692 -9.04401 105.78 0.035532 0.997226 -0.0471656 -0.0453043 
90.8946 670.48 -9.11001 105.204 0.0353976 0.994993 -0.049569 -0.0792391 
90.9985 670.376 -9.16338 104.646 0.0355931 0.991567 -0.0520576 -0.113218 
91.1021 670.212 -9.21777 104.083 0.0359362 0.987238 -0.0534373 -0.145653 
91.2058 669.886 -9.27544 103.505 0.0376187 0.982077 -0.053662 -0.176721 
91.3095 669.637 -9.33392 102.943 0.0381846 0.976303 -0.054262 -0.205983 
91.413 669.341 -9.38978 102.38 0.0388201 0.970262 -0.0543878 -0.232651 
91.5166 668.934 -9.44252 101.812 0.0395889 0.96402 -0.0556599 -0.256905 
91.6202 668.571 -9.49007 101.254 0.0407798 0.957914 -0.0577571 -0.278212 
91.7237 668.171 -9.54244 100.696 0.041124 0.952451 -0.0586899 -0.296145 
91.8272 667.713 -9.59801 100.129 0.042204 0.947646 -0.0577456 -0.311211 
91.9306 667.257 -9.65469 99.5692 0.0425871 0.943567 -0.0551859 -0.323762 
92.0341 666.784 -9.71183 99 0.0408818 0.939997 -0.0521307 -0.334689 
92.1377 666.285 -9.7638 98.4318 0.0389631 0.93662 -0.0498156 -0.344592 
92.2412 665.779 -9.81734 97.872 0.0382161 0.933214 -0.0482394 -0.354011 
92.3449 665.233 -9.85425 97.3018 0.0369365 0.929743 -0.0458677 -0.36347 
92.4486 664.692 -9.90252 96.7302 0.0331714 0.926018 -0.0423875 -0.373623 
92.5522 664.141 -9.95154 96.167 0.0296564 0.922175 -0.0381106 -0.383747 
92.656 663.548 -9.98392 95.6135 0.0287516 0.917873 -0.0352478 -0.394258 
92.7597 662.951 -10.0192 95.0695 0.0263384 0.913288 -0.0301054 -0.405345 
92.8635 662.337 -10.0514 94.5346 0.0232597 0.908232 -0.0250257 -0.417069 
92.9672 661.693 -10.0747 94.0097 0.0201913 0.902826 -0.0212618 -0.429006 
93.071 661.045 -10.0929 93.5151 0.0201106 0.89699 -0.0200426 -0.441137 
93.1747 660.361 -10.1089 93.0319 0.0204752 0.890886 -0.0188183 -0.453375 
93.2785 659.681 -10.1255 92.5689 0.0216643 0.884609 -0.0165122 -0.465537 
93.3821 658.978 -10.1321 92.1081 0.0237012 0.87862 -0.0139457 -0.47673 
93.4858 658.25 -10.1404 91.6615 0.0262539 0.873231 -0.0129955 -0.486426 
93.5895 657.521 -10.1423 91.2308 0.0283667 0.868894 -0.0116877 -0.494046 
93.6931 656.784 -10.1477 90.7968 0.0286969 0.865927 -0.0100683 -0.499244 
93.7967 656.027 -10.1463 90.3555 -0.0295324 -0.864052 0.00737601 0.502482 
93.9004 655.265 -10.145 89.9059 -0.0294479 -0.863294 0.00425782 0.503823 
94.004 654.501 -10.144 89.4451 -0.0267762 -0.863121 0.000523308 0.504287 
94.1076 653.733 -10.1416 88.9822 -0.0237184 -0.863405 -0.00083788 0.503953 
94.2113 652.963 -10.1366 88.5237 -0.0203711 -0.864097 0.000566256 0.502913 
94.315 652.178 -10.133 88.0606 -0.0181799 -0.865132 0.00434074 0.501196 
94.4186 651.392 -10.1358 87.5925 0.0158465 0.866611 -0.00683557 -0.498685 
94.5222 650.592 -10.1445 87.1119 0.0164107 0.867985 -0.00802551 -0.496253 
94.626 649.787 -10.1622 86.6227 0.016132 0.86954 -0.00649321 -0.493556 
94.7297 648.984 -10.1814 86.1191 0.0143821 0.870515 -0.00635943 -0.491891 
94.8335 648.179 -10.2066 85.6103 0.0110484 0.871022 -0.00766347 -0.491059 
94.9372 647.362 -10.2349 85.1086 0.00973412 0.870912 -0.00978315 -0.491245 
95.041 646.531 -10.2653 84.5939 0.00838748 0.871056 -0.00959893 -0.491018 
95.1447 645.693 -10.2998 84.0734 0.00751295 0.871203 -0.00896067 -0.490784 
95.2484 644.842 -10.3249 83.5499 0.00929124 0.871591 -0.00822754 -0.490077 
95.3521 643.981 -10.3528 83.0219 0.0116419 0.871927 -0.00817218 -0.489429 
95.4559 643.118 -10.3759 82.4828 0.0121618 0.872633 -0.00607342 -0.488187 
95.5595 642.252 -10.3945 81.9483 0.0131518 0.873371 -0.00618073 -0.486838 
95.6631 641.393 -10.4141 81.4105 0.013959 0.87427 -0.00637218 -0.485197 
95.7669 640.535 -10.4327 80.8691 0.0148822 0.875238 -0.0068819 -0.483414 
95.8705 639.681 -10.4508 80.3244 0.0166428 0.876251 -0.00667332 -0.481521 
95.9742 638.831 -10.4679 79.768 0.0172745 0.877443 -0.00721744 -0.479316 
96.0779 637.986 -10.4847 79.2121 0.0161646 0.87847 -0.00823453 -0.477452 
96.1816 637.149 -10.5081 78.6584 0.0163709 0.879231 -0.00898575 -0.476029 
96.2853 636.315 -10.537 78.0991 0.0167089 0.87977 -0.00755729 -0.475046 
96.3891 635.487 -10.5651 77.5403 0.0174346 0.880145 -0.00700771 -0.474333 
96.4929 634.667 -10.5828 76.9938 0.0166301 0.880588 -0.00741801 -0.473533 
96.5966 633.852 -10.6025 76.4486 0.0161493 0.880831 -0.00892488 -0.473071 
96.7004 633.052 -10.6302 75.9053 0.016021 0.880999 -0.0080353 -0.472778 
96.804 632.252 -10.6481 75.3551 0.0171718 0.880871 -0.00566835 -0.473012 
96.9077 631.457 -10.6578 74.8084 0.0164609 0.881004 -0.00530564 -0.472792 
97.0115 630.666 -10.6624 74.2701 0.016094 0.881164 -0.00668072 -0.472489 
97.1151 629.88 -10.6716 73.7386 0.016792 0.881328 -0.00778964 -0.472143 
97.2189 629.106 -10.6887 73.211 0.0169047 0.881717 -0.00758989 -0.471414 
97.3225 628.343 -10.7081 72.6846 0.0171643 0.882324 -0.00790877 -0.470264 
97.4262 627.591 -10.7213 72.1636 0.0169422 0.88301 -0.00895149 -0.468962 
97.53 626.845 -10.7309 71.6371 0.016691 0.883612 -0.00773564 -0.467858 
97.6337 626.111 -10.7391 71.1209 0.0181747 0.884231 -0.0066484 -0.466648 
97.7375 625.387 -10.7478 70.6101 0.0181943 0.885017 -0.00554588 -0.465171 
97.8412 624.684 -10.7512 70.1031 0.0163695 0.885635 -0.00695262 -0.464041 
97.9451 623.995 -10.7559 69.6058 0.0155816 0.886229 -0.00739537 -0.462927 
98.0487 623.318 -10.7572 69.1157 0.0155071 0.886634 -0.00706869 -0.462158 
98.1525 622.662 -10.759 68.6358 0.0156006 0.886849 -0.00621627 -0.461754 
98.2562 622.027 -10.7536 68.166 0.0143293 0.887023 -0.00549189 -0.461471 
98.36 621.41 -10.7596 67.7092 0.0127741 0.88734 -0.00546796 -0.460906 
98.4637 620.809 -10.7682 67.2726 0.0144858 0.887686 -0.00468249 -0.460197 
98.5675 620.226 -10.7751 66.8512 0.0167366 0.88823 -0.00481042 -0.459069 
98.6712 619.67 -10.7838 66.437 0.0167802 0.888684 -0.0025458 -0.458206 
98.7749 619.142 -10.7946 66.0357 0.0156225 0.889116 -0.00141255 -0.457414 
98.8786 618.634 -10.8029 65.6558 0.016198 0.8896 -0.00175791 -0.45645 
98.9823 618.154 -10.8155 65.2891 0.0156365 0.890046 -0.00142516 -0.455601 
99.0861 617.697 -10.824 64.9448 0.0155907 0.890442 -0.00253361 -0.454823 
99.1897 617.269 -10.8356 64.6279 0.016517 0.890735 -0.00384589 -0.454207 
99.2935 616.867 -10.8446 64.3276 0.017559 0.890943 -0.00409173 -0.453758 
99.3972 616.491 -10.8506 64.0461 0.0174382 0.891191 -0.00573784 -0.453256 
99.5008 616.147 -10.8525 63.7785 0.0152201 0.891267 -0.0050951 -0.453196 
99.6046 615.82 -10.8475 63.5309 0.0139048 0.891246 -0.00386355 -0.453291 
99.7083 615.514 -10.8426 63.3156 0.0152838 0.891628 -0.00380669 -0.452496 
99.812 615.23 -10.8451 63.1177 0.0182678 0.891999 -0.0051864 -0.451638 
99.9157 614.974 -10.8415 62.9321 0.0183184 0.891959 -0.0062056 -0.451702 
100.019 614.744 -10.8421 62.758 0.0172275 0.892194 -0.00645562 -0.451277 
100.123 614.53 -10.836 62.6042 0.0168736 0.892671 -0.00633911 -0.450348 
100.227 614.331 -10.8389 62.4616 0.0177319 0.892721 -0.00611221 -0.45022 
100.331 614.153 -10.8393 62.3264 0.0178537 0.892701 -0.00582348 -0.450257 
100.434 613.979 -10.8331 62.1964 0.0173337 0.892962 -0.00773947 -0.449731 
100.538 613.811 -10.8247 62.0693 0.0168548 0.893134 -0.00937263 -0.449377 
100.641 613.645 -10.8231 61.9449 0.0170485 0.892953 -0.0101704 -0.449712 
100.745 613.479 -10.8133 61.821 0.0174053 0.89304 -0.0105752 -0.449517 
100.849 613.313 -10.8058 61.6942 0.0178448 0.893148 -0.0104389 -0.449288 
100.953 613.152 -10.804 61.5697 0.0176359 0.893107 -0.0103478 -0.449379 
101.056 612.991 -10.798 61.4476 0.0172224 0.893071 -0.0105268 -0.449463 
101.16 612.83 -10.7915 61.3225 0.016242 0.893133 -0.0108555 -0.449369 
101.264 612.671 -10.785 61.1981 0.0157601 0.893203 -0.0107558 -0.449248 
101.367 612.507 -10.7814 61.0737 0.016159 0.893239 -0.0101371 -0.449177 
101.471 612.348 -10.7816 60.9568 0.0168912 0.893264 -0.0102059 -0.449099 
101.575 612.192 -10.7875 60.8418 0.017692 0.893362 -0.0105466 -0.448865 
101.678 612.044 -10.7938 60.7313 0.0178506 0.89337 -0.0106794 -0.44884 
101.782 611.9 -10.8029 60.619 0.0173001 0.893358 -0.0104888 -0.448891 
101.886 611.757 -10.8055 60.5064 0.0168289 0.893424 -0.0104992 -0.448776 
101.99 611.615 -10.8125 60.4003 0.0171383 0.89349 -0.0104286 -0.448634 
102.093 611.476 -10.8188 60.2989 0.0179007 0.893454 -0.0102798 -0.44868 
102.197 611.344 -10.8199 60.2013 0.0181523 0.893453 -0.0099795 -0.448678 
102.301 611.223 -10.8178 60.1049 0.0175702 0.893456 -0.00983172 -0.448698 
102.404 611.109 -10.8243 60.0119 0.0165027 0.893465 -0.0100419 -0.448716 
102.508 610.996 -10.8332 59.9238 0.0163196 0.89351 -0.010554 -0.448622 
102.612 610.882 -10.8392 59.8411 0.0172322 0.893507 -0.0112692 -0.448577 
102.716 610.766 -10.8402 59.7584 0.0185002 0.893446 -0.0120138 -0.448628 
102.819 610.657 -10.8419 59.6713 0.0186228 0.893363 -0.0119268 -0.448792 
102.923 610.544 -10.8356 59.5776 0.0180104 0.893476 -0.0101009 -0.448637 
103.027 610.434 -10.83 59.4839 0.0168231 0.893527 -0.00820829 -0.448619 
103.13 610.33 -10.8337 59.3976 0.0157098 0.893489 -0.00793498 -0.44874 
103.234 610.229 -10.8416 59.3166 0.0152987 0.893519 -0.00876537 -0.44868 
103.338 610.127 -10.8504 59.2363 0.0153643 0.893551 -0.00970626 -0.448593 
103.442 610.025 -10.8567 59.1547 0.0154629 0.893542 -0.00995026 -0.448604 
103.545 609.921 -10.858 59.07 0.0153012 0.893596 -0.00999575 -0.448499 
103.649 609.811 -10.8538 58.9832 0.0149496 0.893672 -0.0103776 -0.448352 
103.753 609.692 -10.8468 58.8905 0.0144704 0.893739 -0.0110703 -0.448218 
103.856 609.567 -10.8453 58.7927 0.0140548 0.893937 -0.0125389 -0.447796 
103.96 609.427 -10.8453 58.6832 0.0136393 0.894199 -0.014469 -0.447227 
104.064 609.267 -10.8472 58.5568 0.0132888 0.894561 -0.0160716 -0.446459 
104.167 609.087 -10.8514 58.4103 0.0125617 0.895186 -0.0168 -0.445198 
104.271 608.885 -10.8584 58.245 0.0117679 0.896094 -0.0174354 -0.443366 
104.375 608.658 -10.8627 58.0637 0.0121776 0.897273 -0.018066 -0.440938 
104.478 608.408 -10.8594 57.8648 0.0131885 0.898533 -0.0195679 -0.43827 
104.582 608.141 -10.851 57.6433 0.0129984 0.899983 -0.0211119 -0.435219 
104.686 607.855 -10.851 57.3981 0.0118451 0.901883 -0.0204835 -0.431333 
104.789 607.554 -10.8573 57.1414 0.0128419 0.903903 -0.0214322 -0.427007 
104.893 607.226 -10.8476 56.8648 0.0145741 0.905954 -0.0223138 -0.422536 
104.997 606.886 -10.8452 56.5717 0.0160783 0.908074 -0.0220154 -0.417922 
105.1 606.534 -10.8476 56.2549 0.0169642 0.910241 -0.0206506 -0.413216 
105.204 606.175 -10.8524 55.9228 0.0156612 0.912486 -0.0213584 -0.40825 
105.308 605.799 -10.8519 55.5711 0.0154808 0.91456 -0.0220304 -0.403552 
105.412 605.402 -10.851 55.2001 0.0176725 0.916514 -0.0204843 -0.399086 
105.515 604.989 -10.8481 54.8158 0.0201587 0.918364 -0.0194652 -0.394744 
105.619 604.576 -10.8491 54.4125 0.0205562 0.920192 -0.0185859 -0.390486 
105.723 604.157 -10.849 53.9836 0.0188008 0.921637 -0.0157739 -0.387278 
105.826 603.721 -10.849 53.5398 0.018654 0.922787 -0.0131864 -0.384632 
105.93 603.281 -10.8576 53.0868 0.0167058 0.923806 -0.0127295 -0.382284 
106.034 602.824 -10.8618 52.615 0.0152551 0.924211 -0.0111821 -0.381413 
106.138 602.358 -10.8632 52.1298 0.0130597 0.924572 -0.00909908 -0.380675 
106.242 601.873 -10.8637 51.6348 0.0134814 0.925122 -0.00934642 -0.379315 
106.346 601.378 -10.8686 51.1246 0.0136358 0.925473 -0.0090172 -0.37846 
106.449 600.872 -10.8788 50.599 0.0144515 0.925668 -0.00993375 -0.377931 
106.553 600.366 -10.8905 50.0578 0.0101292 0.926211 -0.0115336 -0.376692 
106.657 599.85 -10.9072 49.5007 0.00617496 0.926484 -0.0131138 -0.376056 
106.76 599.313 -10.9243 48.9408 0.00604329 0.926785 -0.0162451 -0.375193 
106.864 598.757 -10.9456 48.3651 0.00922032 0.927143 -0.0177725 -0.374174 
106.968 598.2 -10.9749 47.7648 0.00844436 0.927329 -0.015017 -0.373849 
107.072 597.636 -11.0089 47.1539 0.00730084 0.927586 -0.013596 -0.37329 
107.175 597.061 -11.0402 46.5311 0.00701848 0.928052 -0.0119423 -0.372194 
107.279 596.478 -11.0666 45.9022 0.00724083 0.928527 -0.0127717 -0.370975 
107.383 595.881 -11.0986 45.2482 0.00865324 0.929107 -0.0117961 -0.369522 
107.487 595.276 -11.1229 44.5897 0.00974523 0.929892 -0.011588 -0.367521 
107.59 594.671 -11.1551 43.9162 0.00995023 0.930853 -0.0115859 -0.365076 
107.694 594.058 -11.1816 43.2366 0.0119922 0.931896 -0.0113376 -0.362349 
107.798 593.444 -11.2169 42.5487 0.0139124 0.932947 -0.0109341 -0.359577 
107.901 592.834 -11.2468 41.8586 0.0150344 0.933786 -0.0114069 -0.357334 
108.005 592.229 -11.2791 41.1662 0.014535 0.934527 -0.0123335 -0.355382 
108.109 591.62 -11.311 40.4792 0.0148945 0.934973 -0.0138008 -0.354138 
108.213 591.019 -11.3477 39.7906 0.0124383 0.935256 -0.0145094 -0.353455 
108.316 590.417 -11.387 39.0973 0.011323 0.935097 -0.0153395 -0.353879 
108.42 589.812 -11.4167 38.4076 0.0094142 0.934951 -0.0155154 -0.354312 
108.524 589.203 -11.4479 37.7199 0.00706819 0.934565 -0.0144004 -0.355432 
108.627 588.59 -11.4753 37.0359 0.00771735 0.934272 -0.0135693 -0.356218 
108.731 587.971 -11.5049 36.3458 0.00961542 0.933907 -0.0140112 -0.357112 
108.835 587.349 -11.5403 35.6501 0.0104163 0.933432 -0.0134431 -0.35835 
108.939 586.727 -11.5731 34.953 0.00970953 0.93294 -0.0148529 -0.359594 
109.043 586.102 -11.606 34.2594 0.00956512 0.932465 -0.0156842 -0.360794 
109.146 585.471 -11.6383 33.5632 0.00980104 0.932001 -0.0159375 -0.361972 
109.25 584.835 -11.6723 32.8691 0.00982283 0.931446 -0.0159243 -0.363399 
109.354 584.197 -11.706 32.1709 0.00931547 0.930972 -0.0157138 -0.364633 
109.458 583.554 -11.7454 31.4726 0.00968957 0.930458 -0.016345 -0.365904 
109.561 582.91 -11.7797 30.7785 0.00978127 0.930016 -0.0166505 -0.36701 
109.665 582.261 -11.8102 30.0825 0.00944425 0.929535 -0.0181737 -0.368166 
109.769 581.609 -11.843 29.3826 0.00933166 0.9293 -0.017805 -0.368778 
109.872 580.956 -11.8815 28.6829 0.00937357 0.929173 -0.018133 -0.369082 
109.976 580.298 -11.9252 27.977 0.00922091 0.929159 -0.0166362 -0.369192 
110.08 579.64 -11.9684 27.2697 0.00879545 0.929158 -0.0169818 -0.369188 
110.183 578.982 -12.0073 26.5597 0.00794477 0.929215 -0.0170348 -0.369061 
110.287 578.322 -12.043 25.8473 0.00727336 0.929411 -0.017837 -0.368544 
110.391 577.657 -12.0847 25.1306 0.00794165 0.929699 -0.0175934 -0.367813 
110.495 576.99 -12.1276 24.4121 0.00868226 0.929985 -0.0172816 -0.367089 
110.598 576.329 -12.1716 23.6946 0.00751684 0.930216 -0.0187653 -0.366455 
110.702 575.67 -12.2178 22.9774 0.00683439 0.930534 -0.0195901 -0.365617 
110.806 575.013 -12.2683 22.2618 0.00643032 0.930905 -0.0212287 -0.364587 
110.909 574.36 -12.3219 21.5375 0.00618869 0.931386 -0.0186031 -0.363506 
111.013 573.711 -12.374 20.8158 0.00691626 0.931855 -0.0173363 -0.36235 
111.117 573.061 -12.42 20.0923 0.00711824 0.932341 -0.0154597 -0.361179 
111.22 572.414 -12.4596 19.3769 0.00782385 0.932641 -0.0166199 -0.360339 
111.324 571.773 -12.4979 18.6581 0.00774092 0.933087 -0.0170381 -0.359162 
111.428 571.135 -12.5362 17.942 0.00820571 0.933447 -0.0178618 -0.358177 
111.531 570.501 -12.5791 17.229 0.00860398 0.933902 -0.0182134 -0.356962 
111.635 569.873 -12.6204 16.5213 0.00865295 0.934192 -0.0199845 -0.356106 
111.739 569.253 -12.6664 15.8124 0.00765594 0.93455 -0.0206614 -0.35515 
111.842 568.635 -12.7115 15.1027 0.00715553 0.934943 -0.0200141 -0.354162 
111.946 568.018 -12.7531 14.3928 0.00711835 0.935317 -0.0177598 -0.353293 
112.05 567.403 -12.7953 13.6845 0.00779387 0.935496 -0.0151153 -0.352928 
112.153 566.796 -12.8359 12.9811 0.00614607 0.935514 -0.0148703 -0.352922 
112.257 566.199 -12.8819 12.287 0.00417147 0.935269 -0.016357 -0.353536 
112.361 565.597 -12.927 11.5948 0.00341891 0.934979 -0.01749 -0.354256 
112.465 564.99 -12.9675 10.9119 0.00510675 0.934527 -0.0189984 -0.355348 
112.568 564.381 -13.0093 10.2361 0.00816716 0.934061 -0.0193435 -0.356497 
112.672 563.777 -13.0503 9.56887 0.00973992 0.933689 -0.020396 -0.35737 
112.776 563.184 -13.0992 8.90922 0.0103585 0.933307 -0.0208892 -0.358321 
112.879 562.593 -13.1478 8.25545 0.0115582 0.932953 -0.0216265 -0.359162 
112.983 562.016 -13.198 7.61088 0.0104384 0.932538 -0.0218864 -0.360257 
113.087 561.448 -13.2484 6.97382 0.00850222 0.932061 -0.0225597 -0.361498 
113.191 560.897 -13.2987 6.35951 0.00518914 0.931544 -0.0268259 -0.3626 
113.294 560.358 -13.3548 5.76176 0.00335147 0.931054 -0.0294168 -0.363679 
113.398 559.83 -13.4104 5.17445 0.000803613 0.930786 -0.0295027 -0.36437 
113.501 559.305 -13.4574 4.60728 0.00288569 0.930542 -0.0285871 -0.365057 
113.605 558.791 -13.5026 4.05916 0.00516171 0.930456 -0.0272714 -0.365351 
113.709 558.301 -13.5474 3.53741 0.00649964 0.930291 -0.028138 -0.365683 
113.813 557.837 -13.5986 3.03159 0.00635997 0.930155 -0.0287363 -0.365986 
113.916 557.389 -13.6487 2.55665 0.0085539 0.930018 -0.0324843 -0.365976 
114.02 556.964 -13.6966 2.099 0.00829211 0.930082 -0.0344936 -0.365635 
114.124 556.556 -13.7455 1.65329 0.0080072 0.930032 -0.0338963 -0.365825 
114.228 556.166 -13.7944 1.2243 0.00677847 0.930025 -0.0326033 -0.365986 
114.331 555.788 -13.8459 0.81692 0.00805521 0.930233 -0.0325366 -0.365436 
114.435 555.429 -13.9031 0.423318 0.00726508 0.930233 -0.0331704 -0.365396 
114.539 555.087 -13.9532 0.0381196 0.00459116 0.930045 -0.0351125 -0.365735 
114.642 554.751 -14.0016 -0.339994 0.00210702 0.930012 -0.0352538 -0.365829 
114.746 554.419 -14.0438 -0.707363 0.00195101 0.929987 -0.0347867 -0.365939 
114.85 554.092 -14.0901 -1.06524 0.00253864 0.93003 -0.0339658 -0.365902 
114.954 553.771 -14.1314 -1.41705 0.00335095 0.92995 -0.0326584 -0.366218 
115.057 553.461 -14.1721 -1.75981 0.00147756 0.929918 -0.0317094 -0.366396 
115.161 553.156 -14.2064 -2.09321 0.000710991 0.929758 -0.0314266 -0.366826 
115.265 552.854 -14.2397 -2.41614 0.000863911 0.929673 -0.031548 -0.36703 
115.369 552.556 -14.2707 -2.73076 0.00274795 0.929478 -0.0324666 -0.367436 
115.472 552.265 -14.3004 -3.03912 0.00414132 0.929413 -0.0329259 -0.367546 
115.576 551.981 -14.33 -3.34135 0.0051495 0.929385 -0.0335639 -0.367547 
115.68 551.708 -14.3577 -3.63566 0.00531847 0.929369 -0.0334164 -0.367597 
115.784 551.446 -14.3906 -3.91882 0.00585245 0.929325 -0.0341183 -0.367637 
115.887 551.192 -14.4252 -4.19137 0.00649588 0.929469 -0.0349314 -0.367185 
115.991 550.948 -14.4694 -4.45191 0.00709321 0.929514 -0.0353769 -0.367017 
116.095 550.715 -14.5069 -4.70915 0.00607526 0.929566 -0.0359079 -0.366854 
116.198 550.491 -14.5497 -4.95398 0.00561539 0.929651 -0.0373945 -0.366496 
116.302 550.27 -14.589 -5.18717 0.00640079 0.929802 -0.0397938 -0.365846 
116.406 550.055 -14.6277 -5.41146 0.00789909 0.930026 -0.0417066 -0.365035 
116.509 549.848 -14.656 -5.63437 0.00887377 0.930569 -0.0421583 -0.363573 
116.613 549.654 -14.6834 -5.85343 0.00804388 0.931253 -0.0426709 -0.361776 
116.717 549.472 -14.71 -6.0635 0.00680832 0.931666 -0.0427582 -0.360727 
116.82 549.302 -14.7354 -6.26449 0.00524166 0.932101 -0.0428838 -0.359612 
116.924 549.141 -14.7644 -6.45432 0.00445918 0.932656 -0.0422658 -0.358255 
117.028 548.991 -14.7927 -6.62788 0.00435509 0.933122 -0.0421486 -0.357055 
117.132 548.846 -14.8143 -6.78974 0.00483571 0.933552 -0.0424692 -0.355883 
117.235 548.71 -14.8361 -6.94346 0.00535721 0.933989 -0.0428138 -0.354687 
117.339 548.582 -14.8593 -7.09067 0.00577421 0.934265 -0.0432792 -0.353897 
117.443 548.467 -14.8839 -7.22778 0.00520276 0.934272 -0.043966 -0.353801 
117.547 548.36 -14.9062 -7.35914 0.00371544 0.934188 -0.0446346 -0.353959 
117.65 548.258 -14.9216 -7.47997 0.003581 0.934046 -0.0454395 -0.354231 
117.754 548.16 -14.9354 -7.59253 0.00399019 0.933906 -0.0460099 -0.354524 
117.858 548.07 -14.9483 -7.70128 0.00413662 0.933746 -0.0466088 -0.354864 
117.962 547.987 -14.9615 -7.80318 0.00376227 0.9338 -0.0471738 -0.354652 
118.065 547.909 -14.9738 -7.89946 0.00348719 0.933996 -0.0474745 -0.354097 
118.169 547.835 -14.9859 -7.98836 0.00365819 0.934048 -0.047419 -0.353967 
118.272 547.769 -14.9999 -8.07023 0.00348828 0.934087 -0.0475936 -0.353841 
118.376 547.708 -15.0115 -8.14921 0.00264898 0.934139 -0.0479585 -0.353662 
118.48 547.651 -15.0243 -8.2245 0.00151213 0.934213 -0.0480049 -0.353468 
118.584 547.593 -15.0334 -8.29372 0.00132531 0.934292 -0.0480994 -0.353247 
118.687 547.535 -15.0424 -8.35571 0.00194497 0.934364 -0.0483202 -0.353024 
118.791 547.485 -15.0513 -8.41401 0.00226045 0.934422 -0.0485642 -0.352833 
118.895 547.439 -15.058 -8.46881 0.00177304 0.934517 -0.0486749 -0.35257 
118.999 547.392 -15.0584 -8.51978 0.00133382 0.934572 -0.0489068 -0.352394 
119.102 547.351 -15.0647 -8.56659 0.00121104 0.934629 -0.0491859 -0.352205 
119.206 547.312 -15.0754 -8.60927 0.00152233 0.934688 -0.049383 -0.35202 
119.31 547.276 -15.0836 -8.65092 0.00166386 0.934731 -0.0495683 -0.351878 
119.413 547.243 -15.0915 -8.69068 0.0017521 0.934778 -0.0498772 -0.351708 
119.517 547.213 -15.0972 -8.72703 0.00160864 0.934817 -0.0500183 -0.351585 
119.621 547.185 -15.1042 -8.75997 0.00156696 0.93486 -0.0502041 -0.351445 
119.724 547.16 -15.1105 -8.78895 0.00161009 0.934898 -0.0504424 -0.35131 
119.828 547.138 -15.1179 -8.81612 0.00168397 0.934923 -0.0505633 -0.351226 
119.932 547.12 -15.1242 -8.84031 0.0016042 0.934945 -0.0506051 -0.35116 
120.035 547.105 -15.1305 -8.86112 0.00151524 0.934961 -0.0506578 -0.351111 
120.139 547.093 -15.1344 -8.8782 0.00126326 0.934985 -0.050742 -0.351036 
120.243 547.084 -15.1372 -8.8925 0.00111698 0.93501 -0.05077 -0.350966 
120.347 547.077 -15.1396 -8.9047 0.00103371 0.93502 -0.0508033 -0.350936 
120.45 547.069 -15.1385 -8.915 0.00102017 0.935011 -0.0509532 -0.350938 
120.554 547.063 -15.1361 -8.92501 0.000901324 0.935019 -0.0511975 -0.350881 
120.658 547.056 -15.1339 -8.93505 0.00071075 0.935033 -0.0515515 -0.350791 
120.761 547.04 -15.1263 -8.94821 0.000549046 0.935027 -0.0519053 -0.350756 
120.865 547.025 -15.12 -8.96222 0.000481069 0.935037 -0.0520981 -0.350702 
120.969 547.001 -15.1095 -8.98074 0.000463496 0.93504 -0.0522019 -0.350677 
121.072 546.977 -15.1025 -9.00235 0.000491516 0.935066 -0.0520726 -0.350629 
121.176 546.952 -15.0971 -9.02531 0.000504732 0.935106 -0.0520123 -0.35053 
121.28 546.929 -15.0958 -9.04907 0.000596367 0.935086 -0.051948 -0.350592 
121.383 546.906 -15.0961 -9.07505 0.000489822 0.935085 -0.0517779 -0.350621 
121.487 546.881 -15.0967 -9.10493 0.000499433 0.935106 -0.0518255 -0.350559 
121.591 546.853 -15.0981 -9.138 0.000506632 0.935112 -0.0517106 -0.350558 
121.695 546.823 -15.1 -9.17539 0.000538608 0.935081 -0.0515577 -0.350663 
121.798 546.792 -15.1035 -9.21574 0.000487405 0.93508 -0.0513272 -0.350699 
121.902 546.756 -15.1118 -9.26073 0.000271466 0.935109 -0.0512329 -0.350638 
122.006 546.718 -15.1197 -9.30775 0.000115531 0.935117 -0.0511839 -0.350624 
122.109 546.673 -15.131 -9.35943 8.24808e-05 0.935157 -0.0512469 -0.350506 
122.213 546.627 -15.1422 -9.41305 0.000262228 0.935209 -0.0513736 -0.35035 
122.317 546.578 -15.1564 -9.47136 0.00049577 0.935207 -0.0514127 -0.350349 
122.421 546.525 -15.171 -9.53299 0.000662169 0.935169 -0.0515814 -0.350425 
122.524 546.47 -15.1883 -9.59882 0.000715958 0.935169 -0.0516875 -0.350408 
122.628 546.412 -15.2047 -9.66737 0.000629443 0.935212 -0.0516815 -0.350296 
122.732 546.35 -15.2212 -9.73852 0.000801826 0.935237 -0.0516517 -0.350233 
122.835 546.287 -15.2398 -9.81626 0.000741027 0.935243 -0.0513704 -0.350259 
122.939 546.222 -15.2556 -9.8961 0.000469167 0.935285 -0.0509918 -0.350202 
123.043 546.157 -15.2759 -9.97697 0.00021981 0.935285 -0.0507744 -0.350234 
123.146 546.088 -15.2909 -10.0578 0.000211234 0.935291 -0.0511192 -0.350168 
123.25 546.014 -15.3081 -10.1418 0.000741582 0.935271 -0.0514782 -0.350169 
123.354 545.939 -15.3262 -10.2276 0.00104236 0.935194 -0.0517113 -0.350338 
123.457 545.862 -15.3465 -10.3136 0.00144519 0.935226 -0.0517445 -0.350246 
123.561 545.783 -15.3645 -10.3983 0.00284197 0.935257 -0.0521401 -0.350097 
123.665 545.706 -15.3856 -10.4825 0.00422571 0.935179 -0.0521678 -0.350287 
123.769 545.635 -15.4094 -10.566 0.00437693 0.935201 -0.0517384 -0.35029 
123.872 545.569 -15.4309 -10.6467 0.00398623 0.93526 -0.0513512 -0.350194 
123.976 545.507 -15.4511 -10.7245 0.00374863 0.935202 -0.0514281 -0.350341 
124.08 545.445 -15.466 -10.798 0.0038891 0.93524 -0.051443 -0.350234 
124.183 545.388 -15.4837 -10.8685 0.00396387 0.935385 -0.0512346 -0.349878 
124.287 545.334 -15.4995 -10.9335 0.00419742 0.935485 -0.0509388 -0.349652 
124.391 545.286 -15.5183 -10.9949 0.00415964 0.935568 -0.0503428 -0.349516 
124.494 545.243 -15.5308 -11.0496 0.00419487 0.935708 -0.0500328 -0.349183 
