3.116499 0.0000000 0.0000000 0.0000000 0.0000000 0.0000000 0.0000000 1.0000000
3.220123 0.0004399 -0.0001009 0.0421136 -0.0010062 0.0057880 -0.0002911 0.9999827
3.427371 0.0034096 -0.0007991 0.1300793 -0.0031806 0.0163708 -0.0010466 0.9998604
3.634758 0.0083935 -0.0002491 0.2233023 -0.0046542 0.0269085 -0.0008779 0.9996267
3.842137 0.0154876 -0.0003206 0.3202110 -0.0068147 0.0376134 -0.0010242 0.9992686
3.945774 0.0194799 0.0000716 0.3698835 -0.0086705 0.0435787 -0.0013008 0.9990115
4.049501 0.0246653 0.0003370 0.4196987 -0.0105425 0.0496924 -0.0012939 0.9987081
4.153250 0.0303983 0.0003737 0.4696065 -0.0117204 0.0562543 -0.0012884 0.9983469
4.360751 0.0438823 0.0011877 0.5703402 -0.0112324 0.0707785 -0.0016118 0.9974275
4.568398 0.0610438 0.0009872 0.6701105 -0.0102410 0.0894112 -0.0021903 0.9959397
4.776128 0.0838495 0.0012403 0.7706316 -0.0096333 0.1172586 -0.0048573 0.9930428
4.984148 0.1135774 0.0011463 0.8709945 -0.0091449 0.1510552 -0.0058635 0.9884656
5.192023 0.1506618 0.0005117 0.9689786 -0.0073575 0.1838025 -0.0060104 0.9829172
5.399752 0.1945230 -0.0006308 1.0668447 -0.0034213 0.2158519 -0.0053763 0.9764053
5.711251 0.2718275 -0.0047302 1.2047224 0.0056772 0.2604208 0.0021629 0.9654761
6.022375 0.3609596 -0.0121676 1.3349378 0.0215928 0.2994484 0.0092630 0.9538231
6.229773 0.4250048 -0.0187064 1.4200904 0.0373213 0.3248591 0.0043154 0.9450159
6.540880 0.5309435 -0.0326407 1.5402088 0.0443883 0.3608069 0.0072540 0.9315554
6.851878 0.6462002 -0.0469885 1.6536489 0.0407769 0.3876429 0.0155805 0.9207755
7.162754 0.7607619 -0.0604506 1.7585582 0.0438315 0.4042380 0.0133591 0.9135053
7.577401 0.9194731 -0.0771553 1.8946204 0.0462682 0.4207714 0.0145505 0.9058692
7.991881 1.0861962 -0.0958078 2.0391719 0.0464595 0.4121138 0.0136273 0.9098451
8.303130 1.2185192 -0.1109546 2.1598716 0.0448777 0.4024019 0.0096831 0.9143112
8.614628 1.3555982 -0.1270330 2.2872839 0.0420259 0.4023496 0.0066878 0.9144965
8.925883 1.4994223 -0.1427886 2.4188728 0.0410018 0.4027627 0.0071682 0.9143575
9.133505 1.5969243 -0.1541187 2.5084407 0.0401118 0.4028630 0.0064548 0.9143581
9.341007 1.6946648 -0.1649923 2.5989795 0.0393951 0.4027590 0.0050696 0.9144439
9.548508 1.7930375 -0.1766396 2.6896765 0.0373644 0.4008216 0.0062542 0.9153725
9.859630 1.9377701 -0.1925173 2.8254929 0.0366180 0.3972690 0.0066749 0.9169471
10.171130 2.0795224 -0.2094017 2.9588270 0.0384720 0.3987840 0.0046772 0.9162256
10.482760 2.2237411 -0.2260958 3.0899799 0.0366199 0.4068868 0.0060211 0.9127244
10.690390 2.3202157 -0.2366721 3.1752777 0.0370565 0.4123541 0.0053912 0.9102537
10.898010 2.4159153 -0.2468012 3.2585011 0.0385797 0.4176525 0.0040569 0.9077783
11.105390 2.5116534 -0.2579037 3.3396940 0.0381397 0.4214271 0.0044277 0.9060491
11.312890 2.6085193 -0.2675005 3.4207196 0.0298480 0.4236668 0.0086964 0.9052845
11.624010 2.7499542 -0.2800096 3.5395689 0.0348012 0.4263244 0.0079111 0.9038661
11.935260 2.8909557 -0.2933556 3.6547217 0.0351678 0.4261812 0.0122087 0.9038715
12.142640 2.9843824 -0.3009975 3.7336075 0.0292973 0.4255986 0.0120964 0.9043568
12.350150 3.0769978 -0.3082882 3.8127861 0.0247276 0.4246401 0.0055060 0.9050077
12.557630 3.1707721 -0.3158838 3.8903074 0.0263465 0.4216597 0.0090674 0.9063260
12.765050 3.2619908 -0.3225950 3.9688811 0.0289690 0.4147061 0.0117650 0.9094180
12.972400 3.3520527 -0.3298308 4.0488462 0.0299992 0.4050410 0.0136446 0.9137043
13.179930 3.4389980 -0.3372554 4.1322799 0.0271221 0.3934433 0.0137659 0.9188456
13.387430 3.5237031 -0.3440223 4.2179685 0.0264639 0.3817920 0.0138922 0.9237648
13.594890 3.6063600 -0.3519421 4.3039117 0.0291065 0.3690825 0.0137981 0.9288383
13.802490 3.6859589 -0.3592905 4.3914433 0.0363273 0.3565335 0.0122779 0.9334953
14.010030 3.7616363 -0.3677369 4.4811335 0.0327022 0.3449490 0.0109820 0.9379873
14.217640 3.8363619 -0.3771103 4.5728126 0.0354978 0.3362281 0.0059133 0.9410928
14.425390 3.9085262 -0.3865421 4.6643376 0.0391676 0.3321634 -0.0002680 0.9424083
14.633120 3.9805140 -0.3970448 4.7570667 0.0389948 0.3279941 -0.0018136 0.9438729
14.840760 4.0516853 -0.4073764 4.8503799 0.0349939 0.3224759 -0.0016793 0.9459291
15.048260 4.1209488 -0.4174003 4.9447088 0.0325734 0.3168790 -0.0065630 0.9478837
15.255760 4.1897182 -0.4273986 5.0399547 0.0348073 0.3101480 -0.0096300 0.9500021
15.463280 4.2583251 -0.4376299 5.1361165 0.0355695 0.3032539 -0.0098968 0.9521943
15.670890 4.3249803 -0.4481396 5.2336898 0.0317125 0.2962736 -0.0093358 0.9545308
15.878390 4.3894839 -0.4587162 5.3311329 0.0342815 0.2899961 -0.0113683 0.9563460
16.086050 4.4528756 -0.4688837 5.4296885 0.0344123 0.2830260 -0.0118816 0.9584211
16.293510 4.5156903 -0.4790117 5.5283346 0.0350423 0.2750843 -0.0084000 0.9607446
16.501030 4.5742092 -0.4895619 5.6265326 0.0344282 0.2684787 -0.0107961 0.9626096
16.812390 4.6607642 -0.5044717 5.7753463 0.0337362 0.2610971 -0.0105871 0.9646648
17.123760 4.7460232 -0.5189543 5.9255729 0.0336241 0.2533491 -0.0034163 0.9667844
17.331410 4.8011637 -0.5287058 6.0253434 0.0338908 0.2488441 -0.0036774 0.9679434
17.642890 4.8822861 -0.5432798 6.1766629 0.0334966 0.2456432 -0.0065106 0.9687595
17.850540 4.9363337 -0.5522890 6.2775626 0.0287709 0.2446798 -0.0056330 0.9691606
18.058140 4.9893904 -0.5609905 6.3767071 0.0303674 0.2435605 -0.0054711 0.9693947
18.265770 5.0408573 -0.5695559 6.4750209 0.0317953 0.2437309 -0.0073910 0.9692934
18.473380 5.0928226 -0.5792748 6.5733805 0.0319034 0.2430965 -0.0054810 0.9694618
18.680990 5.1441946 -0.5885184 6.6719456 0.0331549 0.2428656 -0.0113060 0.9694273
18.888520 5.1944075 -0.5983043 6.7690496 0.0356583 0.2424648 -0.0129383 0.9694183
19.096040 5.2453580 -0.6081414 6.8660188 0.0366386 0.2414772 -0.0136698 0.9696183
19.199890 5.2711329 -0.6131135 6.9142036 0.0367090 0.2405073 -0.0088777 0.9699123
19.407390 5.3227286 -0.6229930 7.0101981 0.0329405 0.2375862 -0.0029489 0.9708033
19.614770 5.3713822 -0.6323557 7.1040645 0.0352900 0.2330073 -0.0020306 0.9718323
19.822140 5.4168105 -0.6410030 7.1970267 0.0372120 0.2259228 -0.0024058 0.9734312
20.029410 5.4605188 -0.6501826 7.2897081 0.0346824 0.2150768 0.0012640 0.9759803
20.132890 5.4813585 -0.6547889 7.3359871 0.0360105 0.2082696 0.0034257 0.9774023
20.340390 5.5199804 -0.6634964 7.4289570 0.0368273 0.1944539 0.0041690 0.9802113
20.547770 5.5556631 -0.6731916 7.5216136 0.0405538 0.1809366 0.0020033 0.9826562
20.651520 5.5715036 -0.6780980 7.5673552 0.0445079 0.1746129 -0.0023436 0.9836279
20.859140 5.6019988 -0.6879756 7.6595292 0.0486582 0.1613103 -0.0051074 0.9856902
21.066770 5.6297731 -0.6989546 7.7534189 0.0450608 0.1504243 -0.0084523 0.9875579
21.274520 5.6556578 -0.7096694 7.8454738 0.0518581 0.1426010 -0.0126689 0.9883396
21.482520 5.6823874 -0.7207790 7.9378376 0.0505520 0.1407184 -0.0150377 0.9886439
21.690420 5.7081499 -0.7320893 8.0278778 0.0469374 0.1433002 -0.0146642 0.9884568
22.002150 5.7478614 -0.7478482 8.1609278 0.0464588 0.1490289 -0.0138800 0.9876433
22.210070 5.7753344 -0.7581723 8.2486353 0.0453741 0.1545244 -0.0147224 0.9868367
22.521520 5.8179312 -0.7730795 8.3792477 0.0447181 0.1628177 -0.0151593 0.9855257
22.729170 5.8470192 -0.7832652 8.4649754 0.0470559 0.1661063 -0.0155152 0.9848623
23.040140 5.8922162 -0.7984663 8.5923605 0.0458794 0.1640522 -0.0102363 0.9853310
23.247420 5.9190722 -0.8084512 8.6751862 0.0463650 0.1549528 -0.0082988 0.9867984
23.558270 5.9533648 -0.8229480 8.7988577 0.0424246 0.1321267 -0.0090643 0.9902831
23.765650 5.9725838 -0.8312772 8.8821230 0.0355765 0.1157094 -0.0083289 0.9926108
23.973020 5.9882817 -0.8385930 8.9649420 0.0287104 0.0985447 -0.0087298 0.9946800
24.180540 6.0014462 -0.8451409 9.0458422 0.0267173 0.0804142 -0.0083026 0.9963688
24.387900 6.0106473 -0.8507262 9.1265478 0.0251906 0.0636354 -0.0111785 0.9975926
24.595400 6.0177398 -0.8565070 9.2064543 0.0214132 0.0504361 -0.0108462 0.9984388
24.803110 6.0233760 -0.8616732 9.2839918 0.0223548 0.0398314 -0.0123138 0.9988804
25.010540 6.0268278 -0.8671565 9.3601742 0.0303883 0.0305052 -0.0148893 0.9989616
25.218040 6.0298076 -0.8726072 9.4377775 0.0332153 0.0231832 -0.0121974 0.9991049
25.425520 6.0313907 -0.8781927 9.5179415 0.0228363 0.0180378 -0.0154407 0.9994572
25.737020 6.0343723 -0.8853829 9.6366405 0.0204138 0.0161495 -0.0125803 0.9995820
25.944520 6.0357957 -0.8896032 9.7153502 0.0191088 0.0146075 -0.0121250 0.9996372
26.255540 6.0377922 -0.8955422 9.8370781 0.0134066 0.0094400 -0.0114770 0.9997997
26.566610 6.0368013 -0.9004451 9.9601192 0.0104674 -0.0027932 -0.0091004 0.9998999
26.877670 6.0307660 -0.9055786 10.0833969 0.0141555 -0.0207622 -0.0112178 0.9996213
27.188790 6.0207343 -0.9105596 10.2089529 0.0118420 -0.0389892 -0.0113007 0.9991056
27.396270 6.0107856 -0.9135928 10.2940807 0.0096172 -0.0498271 -0.0144644 0.9986068
27.603900 5.9993901 -0.9161323 10.3810463 0.0079079 -0.0557420 -0.0165155 0.9982772
27.811650 5.9894462 -0.9186614 10.4693518 0.0075605 -0.0571057 -0.0131648 0.9982527
28.123280 5.9741220 -0.9222150 10.6046982 0.0089919 -0.0559653 -0.0089932 0.9983517
28.330900 5.9637008 -0.9250327 10.6981745 0.0048927 -0.0548318 -0.0075790 0.9984549
28.538650 5.9536595 -0.9269977 10.7912388 0.0035636 -0.0531666 -0.0077743 0.9985490
28.746150 5.9428959 -0.9296488 10.8856144 0.0035607 -0.0509227 -0.0087451 0.9986579
28.953800 5.9333038 -0.9323914 10.9796085 0.0086555 -0.0500962 -0.0082786 0.9986726
29.161270 5.9230204 -0.9350265 11.0751667 0.0081777 -0.0484580 -0.0098597 0.9987431
29.472530 5.9083343 -0.9399267 11.2168198 0.0054159 -0.0436797 -0.0142218 0.9989297
29.680170 5.9009318 -0.9429846 11.3118362 0.0046201 -0.0352525 -0.0143650 0.9992645
29.887780 5.8966885 -0.9457707 11.4042349 0.0075388 -0.0244595 -0.0131638 0.9995857
30.095530 5.8941774 -0.9482448 11.4976645 0.0038551 -0.0126283 -0.0119512 0.9998414
30.303050 5.8935442 -0.9504276 11.5913620 -0.0026246 -0.0043310 -0.0095402 0.9999416
30.510400 5.8918691 -0.9512556 11.6850615 -0.0045854 -0.0003335 -0.0118525 0.9999192
30.717780 5.8918395 -0.9520430 11.7776613 -0.0039741 0.0008959 -0.0116777 0.9999235
31.028780 5.8902574 -0.9531986 11.9183168 -0.0046930 0.0001757 -0.0147030 0.9998809
31.236300 5.8897676 -0.9541228 12.0114841 -0.0055630 -0.0015240 -0.0127269 0.9999024
31.443650 5.8882895 -0.9541768 12.1059008 -0.0071605 -0.0052923 -0.0131846 0.9998735
31.651030 5.8855095 -0.9540209 12.2018700 -0.0118013 -0.0104201 -0.0146161 0.9997692
31.858530 5.8817644 -0.9539305 12.2975397 -0.0105331 -0.0149677 -0.0182974 0.9996651
32.066030 5.8763928 -0.9529636 12.3932314 -0.0071727 -0.0195410 -0.0227585 0.9995242
32.377150 5.8671517 -0.9533812 12.5379829 -0.0056437 -0.0258381 -0.0249174 0.9993396
32.688280 5.8563309 -0.9540396 12.6838694 -0.0060770 -0.0328475 -0.0238817 0.9991565
32.895660 5.8482985 -0.9541087 12.7818842 -0.0045184 -0.0372731 -0.0229565 0.9990312
33.103170 5.8386455 -0.9547530 12.8808432 -0.0064880 -0.0419874 -0.0271755 0.9987274
33.414280 5.8242474 -0.9562866 13.0279818 0.0011132 -0.0484388 -0.0279549 0.9984342
33.725530 5.8077054 -0.9567105 13.1765079 -0.0121242 -0.0519822 -0.0296546 0.9981340
33.933050 5.7962570 -0.9554714 13.2733650 -0.0177038 -0.0538293 -0.0321577 0.9978752
34.140410 5.7849874 -0.9538432 13.3708582 -0.0121220 -0.0579094 -0.0310674 0.9977647
34.451530 5.7649889 -0.9527512 13.5165024 -0.0075241 -0.0647845 -0.0293662 0.9974387
34.658910 5.7519794 -0.9526638 13.6129427 -0.0107637 -0.0688015 -0.0284401 0.9971668
34.866280 5.7368507 -0.9512367 13.7117109 -0.0164642 -0.0715805 -0.0273285 0.9969245
35.073910 5.7220531 -0.9492671 13.8106565 -0.0226417 -0.0734688 -0.0262426 0.9966950
35.385050 5.6975961 -0.9458110 13.9568834 -0.0114071 -0.0759416 -0.0311514 0.9965603
35.592410 5.6839662 -0.9449674 14.0504017 -0.0085023 -0.0764053 -0.0310740 0.9965562
35.799780 5.6671896 -0.9439349 14.1492281 -0.0120747 -0.0772529 -0.0308632 0.9964606
36.110910 5.6437082 -0.9426503 14.2956381 -0.0144720 -0.0792477 -0.0279677 0.9963574
36.318290 5.6268020 -0.9412345 14.3937922 -0.0155509 -0.0803141 -0.0298342 0.9962016
36.525780 5.6100922 -0.9395897 14.4912701 -0.0127303 -0.0817910 -0.0285404 0.9961594
36.837040 5.5848598 -0.9375340 14.6375751 -0.0165156 -0.0868083 -0.0272719 0.9957147
37.044540 5.5664349 -0.9358867 14.7350559 -0.0155178 -0.0914684 -0.0269788 0.9953215
37.355660 5.5368385 -0.9331349 14.8811665 -0.0105235 -0.1011902 -0.0266837 0.9944535
37.666660 5.5033722 -0.9318124 15.0272541 -0.0110410 -0.1194911 -0.0206572 0.9925590
37.977790 5.4623528 -0.9293815 15.1710291 -0.0167200 -0.1422051 -0.0216731 0.9894586
38.289160 5.4148579 -0.9260422 15.3113070 -0.0136337 -0.1570086 -0.0292613 0.9870695
38.601160 5.3671479 -0.9241825 15.4507952 -0.0084514 -0.1516916 -0.0395686 0.9875994
38.913290 5.3264427 -0.9233125 15.5939665 -0.0065426 -0.1342225 -0.0358113 0.9902823
39.225040 5.2904844 -0.9228636 15.7378979 -0.0062086 -0.1182640 -0.0340532 0.9923787
39.536410 5.2577572 -0.9223968 15.8836880 -0.0050302 -0.1052995 -0.0343796 0.9938334
39.847560 5.2268982 -0.9213066 16.0310459 -0.0121016 -0.0967241 -0.0375174 0.9945303
40.158660 5.1970110 -0.9214152 16.1769028 -0.0005769 -0.0931159 -0.0414076 0.9947937
40.469910 5.1670752 -0.9229289 16.3268757 0.0008264 -0.0908547 -0.0425234 0.9949555
40.884790 5.1291771 -0.9238305 16.5299644 -0.0030924 -0.0941520 -0.0396822 0.9947619
41.195790 5.0974908 -0.9242973 16.6834736 -0.0033592 -0.1006423 -0.0424626 0.9940104
41.506790 5.0639663 -0.9247780 16.8368225 0.0012262 -0.1088001 -0.0386811 0.9933100
41.817920 5.0255404 -0.9252938 16.9928207 -0.0012792 -0.1207927 -0.0405213 0.9918495
42.128920 4.9818158 -0.9246268 17.1480179 -0.0094431 -0.1325414 -0.0458069 0.9900734
42.543790 4.9188132 -0.9229378 17.3544197 0.0025988 -0.1504958 -0.0410513 0.9877545
42.854790 4.8673425 -0.9239244 17.5101547 -0.0000636 -0.1633328 -0.0328132 0.9860252
43.062290 4.8298640 -0.9240981 17.6154709 -0.0065292 -0.1720747 -0.0308149 0.9845802
43.269790 4.7892470 -0.9229939 17.7206039 -0.0074755 -0.1801236 -0.0339517 0.9830294
43.477330 4.7471290 -0.9214350 17.8265381 -0.0098108 -0.1868352 -0.0351564 0.9817130
43.684940 4.7040133 -0.9197443 17.9321518 -0.0071273 -0.1924214 -0.0338402 0.9807028
43.892430 4.6594753 -0.9181442 18.0370293 -0.0056016 -0.1982579 -0.0327174 0.9795877
44.099960 4.6122742 -0.9168533 18.1432037 -0.0100823 -0.2030513 -0.0362673 0.9784443
44.307300 4.5647311 -0.9149612 18.2481346 -0.0073151 -0.2086321 -0.0372000 0.9772591
44.618540 4.4920521 -0.9133221 18.4049149 -0.0061202 -0.2169523 -0.0309689 0.9756716
44.826160 4.4427724 -0.9125555 18.5093155 -0.0070817 -0.2234269 -0.0267455 0.9743279
45.033540 4.3916707 -0.9116412 18.6129646 -0.0097394 -0.2290156 -0.0245999 0.9730631
45.241040 4.3392029 -0.9103273 18.7151203 -0.0089636 -0.2339200 -0.0241232 0.9719152
45.344810 4.3128304 -0.9097660 18.7651978 -0.0085881 -0.2364343 -0.0260050 0.9712614
45.552290 4.2593789 -0.9085042 18.8662567 -0.0105488 -0.2421398 -0.0242603 0.9698806
45.759920 4.2054501 -0.9064651 18.9660358 -0.0101669 -0.2473109 -0.0213393 0.9686478
45.967420 4.1494083 -0.9046959 19.0648708 -0.0119823 -0.2512893 -0.0267192 0.9674690
46.175050 4.0934596 -0.9020996 19.1629524 -0.0154399 -0.2542390 -0.0269554 0.9666424
46.382670 4.0378385 -0.9000534 19.2599754 -0.0128127 -0.2568037 -0.0271262 0.9659979
46.590420 3.9824352 -0.8979279 19.3571415 -0.0094454 -0.2571819 -0.0247635 0.9659995
46.798050 3.9265838 -0.8958316 19.4544067 -0.0127629 -0.2555497 -0.0263391 0.9663528
47.005800 3.8712959 -0.8934790 19.5525894 -0.0131116 -0.2513103 -0.0267227 0.9674488
47.213560 3.8167930 -0.8915519 19.6520958 -0.0082360 -0.2450231 -0.0284638 0.9690643
47.525050 3.7364883 -0.8897239 19.8052673 -0.0073624 -0.2333710 -0.0279066 0.9719594
47.732670 3.6843300 -0.8874020 19.9097137 -0.0116198 -0.2250466 -0.0313471 0.9737743
48.043920 3.6090002 -0.8840621 20.0673256 -0.0087718 -0.2124039 -0.0338085 0.9765576
48.355050 3.5389113 -0.8823851 20.2268562 -0.0078933 -0.2020765 -0.0318965 0.9788184
48.666190 3.4691401 -0.8803048 20.3905373 -0.0098280 -0.1932149 -0.0334386 0.9805372
48.873550 3.4237680 -0.8779827 20.4998589 -0.0097057 -0.1877373 -0.0361236 0.9815068
49.080930 3.3801103 -0.8764141 20.6110153 -0.0090904 -0.1834207 -0.0376448 0.9822714
49.288320 3.3367391 -0.8742016 20.7227650 -0.0086024 -0.1790764 -0.0374007 0.9830864
49.495800 3.2943139 -0.8724848 20.8354759 -0.0090340 -0.1753178 -0.0377620 0.9837459
49.703170 3.2524862 -0.8710388 20.9480820 -0.0101948 -0.1714668 -0.0399975 0.9843249
49.910550 3.2122450 -0.8699029 21.0600319 -0.0083297 -0.1678336 -0.0409176 0.9849306
50.117990 3.1727624 -0.8681716 21.1736679 -0.0112680 -0.1662034 -0.0384683 0.9852765
50.325300 3.1332335 -0.8656417 21.2876625 -0.0181150 -0.1651874 -0.0368201 0.9854082
50.532690 3.0941014 -0.8630494 21.4006214 -0.0142176 -0.1644714 -0.0348712 0.9856628
50.740210 3.0559139 -0.8613617 21.5133095 -0.0101378 -0.1637989 -0.0307238 0.9859631
50.947600 3.0164466 -0.8589088 21.6283512 -0.0132829 -0.1624284 -0.0279850 0.9862339
51.154950 2.9783750 -0.8569427 21.7397766 -0.0174465 -0.1612665 -0.0261519 0.9864101
51.258560 2.9601369 -0.8555492 21.7951450 -0.0177752 -0.1614512 -0.0253894 0.9863939
51.465930 2.9228516 -0.8531005 21.9055729 -0.0156177 -0.1616771 -0.0235203 0.9864398
51.673320 2.8858962 -0.8508074 22.0154705 -0.0177944 -0.1617664 -0.0221922 0.9864190
51.880670 2.8493872 -0.8485440 22.1250134 -0.0176301 -0.1613946 -0.0210469 0.9865080
52.191670 2.7930150 -0.8444880 22.2902641 -0.0184150 -0.1605516 -0.0197093 0.9866588
52.399170 2.7566752 -0.8417318 22.4000893 -0.0203301 -0.1609986 -0.0166354 0.9866050
52.502930 2.7384529 -0.8402245 22.4548378 -0.0214456 -0.1611831 -0.0138217 0.9865947
52.710430 2.7027650 -0.8367472 22.5643902 -0.0235779 -0.1620501 -0.0074844 0.9864724
52.814180 2.6850638 -0.8350533 22.6182060 -0.0250774 -0.1627502 -0.0063504 0.9863281
52.917930 2.6664391 -0.8330539 22.6726837 -0.0256439 -0.1634630 -0.0051725 0.9862025
53.125430 2.6298718 -0.8294085 22.7786732 -0.0271026 -0.1647826 -0.0044202 0.9859475
53.332930 2.5948300 -0.8258879 22.8808365 -0.0278407 -0.1665957 -0.0030811 0.9856274
53.644050 2.5417371 -0.8199191 23.0309734 -0.0342667 -0.1680668 -0.0073000 0.9851528
53.851550 2.5066848 -0.8151081 23.1263943 -0.0375920 -0.1674364 -0.0146767 0.9850566
54.162800 2.4570675 -0.8068433 23.2617340 -0.0367500 -0.1658430 -0.0227970 0.9852034
54.370180 2.4266734 -0.8017533 23.3478088 -0.0349620 -0.1652500 -0.0225764 0.9853732
54.681310 2.3834147 -0.7946671 23.4725761 -0.0344103 -0.1636373 -0.0225968 0.9856613
54.888800 2.3560195 -0.7899370 23.5527039 -0.0349209 -0.1587215 -0.0259189 0.9863651
55.096430 2.3315053 -0.7854960 23.6310425 -0.0346357 -0.1521732 -0.0270104 0.9873774
55.304050 2.3075848 -0.7822301 23.7061481 -0.0288414 -0.1443826 -0.0291739 0.9886712
55.511680 2.2855105 -0.7781700 23.7833462 -0.0278093 -0.1331542 -0.0306666 0.9902304
55.822930 2.2564301 -0.7719439 23.9020748 -0.0357531 -0.1156485 -0.0331194 0.9920939
56.030430 2.2393627 -0.7672392 23.9827671 -0.0358804 -0.1047933 -0.0308443 0.9933678
56.341580 2.2169542 -0.7603205 24.1055412 -0.0308879 -0.0941382 -0.0213915 0.9948499
56.549070 2.2021418 -0.7552110 24.1912346 -0.0409081 -0.0885212 -0.0179699 0.9950716
56.756680 2.1869545 -0.7487206 24.2782784 -0.0559022 -0.0832173 -0.0215745 0.9947283
56.964280 2.1731892 -0.7408197 24.3654099 -0.0566577 -0.0775099 -0.0228461 0.9951182
57.171890 2.1608129 -0.7320542 24.4538403 -0.0582796 -0.0713121 -0.0199713 0.9955497
57.379330 2.1497531 -0.7226832 24.5433540 -0.0630715 -0.0646753 -0.0161614 0.9957801
57.586810 2.1394854 -0.7137465 24.6318760 -0.0632954 -0.0587767 -0.0135194 0.9961708
57.794300 2.1300874 -0.7045550 24.7186222 -0.0629881 -0.0519712 -0.0136010 0.9965674
58.001930 2.1227069 -0.6953239 24.8040085 -0.0630392 -0.0429281 -0.0138626 0.9969910
58.209680 2.1172566 -0.6867864 24.8880100 -0.0632499 -0.0319952 -0.0127962 0.9974026
58.417310 2.1139798 -0.6784394 24.9696484 -0.0627973 -0.0213834 -0.0111389 0.9977350
58.624930 2.1120536 -0.6710165 25.0493298 -0.0555823 -0.0098652 -0.0140231 0.9983069
58.832680 2.1120701 -0.6638706 25.1286011 -0.0485934 0.0058945 -0.0187294 0.9986256
59.040430 2.1163173 -0.6579845 25.2076416 -0.0442163 0.0263316 -0.0160611 0.9985458
59.248190 2.1244943 -0.6531947 25.2849751 -0.0366638 0.0472637 -0.0111356 0.9981472
59.455810 2.1366229 -0.6489820 25.3648376 -0.0331358 0.0669199 -0.0057064 0.9971917
59.663310 2.1505418 -0.6442875 25.4469719 -0.0393269 0.0836605 -0.0052008 0.9957044
59.974310 2.1748474 -0.6366112 25.5701561 -0.0476653 0.0993325 -0.0037571 0.9939049
60.181800 2.1923852 -0.6298995 25.6536427 -0.0512558 0.1072098 -0.0052390 0.9929005
60.493060 2.2185850 -0.6221753 25.7763538 -0.0392385 0.1168884 -0.0203259 0.9921615
60.700580 2.2379653 -0.6167325 25.8584785 -0.0313575 0.1207664 -0.0237402 0.9919015
61.011600 2.2670920 -0.6119157 25.9842682 -0.0326744 0.1186975 -0.0301785 0.9919338
61.322690 2.2938378 -0.6078904 26.1068096 -0.0115888 0.1117246 -0.0369653 0.9929838
61.633820 2.3189638 -0.6078979 26.2277012 -0.0199025 0.1080366 -0.0365833 0.9932742
61.945060 2.3430455 -0.6079793 26.3430252 -0.0103366 0.1038217 -0.0321193 0.9940234
62.256400 2.3659341 -0.6091542 26.4532661 -0.0025499 0.1039151 -0.0322986 0.9940583
62.671810 2.3963943 -0.6130400 26.5956402 0.0012720 0.1231619 -0.0410871 0.9915349
63.087560 2.4365325 -0.6187348 26.7230778 0.0040762 0.1590377 -0.0347521 0.9866523
63.503190 2.4784689 -0.6239988 26.8306236 0.0036859 0.1955610 -0.0351944 0.9800529
64.022190 2.5275135 -0.6311446 26.9309521 0.0255055 0.2304016 -0.0318312 0.9722404
64.748080 2.5822783 -0.6416526 27.0318813 0.0250849 0.2522159 -0.0272627 0.9669616
65.888570 2.6319122 -0.6500638 27.1193218 0.0296775 0.2449985 -0.0161817 0.9689340
66.821690 2.6707559 -0.6569844 27.2074604 0.0244390 0.2116195 -0.0239767 0.9767523
67.236440 2.6911631 -0.6610442 27.2613487 0.0238674 0.1814869 -0.0182038 0.9829351
67.651080 2.7078786 -0.6650522 27.3246918 0.0254306 0.1377247 -0.0234128 0.9898672
67.962080 2.7171504 -0.6685723 27.3794575 0.0253194 0.1005270 -0.0254641 0.9942861
68.273070 2.7234254 -0.6722620 27.4410820 0.0238236 0.0616555 -0.0251686 0.9974957
68.584070 2.7255669 -0.6761387 27.5112762 0.0232584 0.0233320 -0.0256712 0.9991274
68.895320 2.7233944 -0.6802398 27.5909176 0.0222837 -0.0080677 -0.0247742 0.9994121
69.206570 2.7167993 -0.6847875 27.6790924 0.0215250 -0.0356884 -0.0220192 0.9988885
69.517690 2.7051561 -0.6894474 27.7754154 0.0215763 -0.0635593 -0.0182209 0.9975784
69.829070 2.6861067 -0.6944457 27.8808556 0.0212313 -0.0852795 -0.0201711 0.9959266
70.140570 2.6630616 -0.6995059 27.9947205 0.0178164 -0.0988453 -0.0219247 0.9947017
70.451940 2.6365843 -0.7043997 28.1174774 0.0171151 -0.1054768 -0.0236429 0.9939933
70.867190 2.5966187 -0.7116413 28.2939892 0.0189536 -0.1114146 -0.0224605 0.9933394
71.282190 2.5519514 -0.7203677 28.4811649 0.0205931 -0.1164232 -0.0190055 0.9928043
71.593330 2.5163989 -0.7282711 28.6276436 0.0234749 -0.1190775 -0.0177077 0.9924495
71.904720 2.4785786 -0.7360344 28.7793484 0.0228648 -0.1195499 -0.0186399 0.9923899
72.319700 2.4264283 -0.7470405 28.9906158 0.0224617 -0.1210678 -0.0153343 0.9922716
72.630950 2.3843765 -0.7557743 29.1560631 0.0218964 -0.1224565 -0.0136521 0.9921384
72.838470 2.3552136 -0.7622185 29.2722397 0.0226950 -0.1237316 -0.0137491 0.9919609
73.149700 2.3082342 -0.7713413 29.4467869 0.0219330 -0.1225843 -0.0171639 0.9920673
73.357220 2.2780714 -0.7778918 29.5673237 0.0244214 -0.1194672 -0.0197228 0.9923418
73.564950 2.2480068 -0.7847224 29.6874046 0.0274591 -0.1104453 -0.0246802 0.9931962
73.772700 2.2204924 -0.7926369 29.8103065 0.0289658 -0.0957881 -0.0285036 0.9945719
73.980600 2.1976123 -0.8009055 29.9351807 0.0264410 -0.0786768 -0.0306254 0.9960788
74.292330 2.1717966 -0.8139101 30.1268826 0.0299477 -0.0503527 -0.0323712 0.9977574
74.603820 2.1586032 -0.8275533 30.3184586 0.0296136 -0.0170896 -0.0319890 0.9989032
74.811700 2.1573453 -0.8379436 30.4469376 0.0350647 0.0086765 -0.0338518 0.9987739
75.019330 2.1626585 -0.8504082 30.5747108 0.0397416 0.0370150 -0.0376262 0.9978150
75.227100 2.1752634 -0.8638999 30.7004356 0.0429102 0.0678771 -0.0386632 0.9960204
75.538570 2.2111588 -0.8859782 30.8908215 0.0507981 0.1090336 -0.0339264 0.9921594
75.745950 2.2426338 -0.9022491 31.0157490 0.0520666 0.1321625 -0.0315494 0.9893568
75.953320 2.2793965 -0.9191175 31.1402950 0.0549983 0.1540604 -0.0321523 0.9860055
76.264200 2.3463049 -0.9446070 31.3264809 0.0543669 0.1795242 -0.0263967 0.9818954
76.471330 2.3946972 -0.9622529 31.4494095 0.0582194 0.1868031 -0.0223509 0.9804160
76.782200 2.4673500 -0.9891632 31.6358509 0.0593420 0.1928559 -0.0239536 0.9791381
76.989560 2.5196085 -1.0082929 31.7622337 0.0625575 0.1961447 -0.0229200 0.9783090
77.196950 2.5738297 -1.0280137 31.8912239 0.0605958 0.1990561 -0.0223427 0.9778576
77.404200 2.6289377 -1.0467625 32.0224762 0.0593092 0.2008122 -0.0238628 0.9775415
77.611580 2.6845407 -1.0669177 32.1540070 0.0627893 0.2007130 -0.0244776 0.9773293
77.818950 2.7415781 -1.0884058 32.2889557 0.0626487 0.2004950 -0.0240147 0.9773946
78.026330 2.7991209 -1.1092100 32.4260368 0.0632343 0.2010350 -0.0263862 0.9771848
78.233830 2.8573542 -1.1310997 32.5648994 0.0618075 0.2036507 -0.0267177 0.9767253
78.441200 2.9174709 -1.1525319 32.7055283 0.0628860 0.2060467 -0.0261659 0.9761688
78.648580 2.9799843 -1.1751225 32.8472404 0.0623342 0.2091572 -0.0260230 0.9755462
78.855950 3.0436563 -1.1966088 32.9902878 0.0610829 0.2128984 -0.0273085 0.9747807
79.063330 3.1090755 -1.2188463 33.1350060 0.0612790 0.2162566 -0.0284939 0.9739949
79.270830 3.1764431 -1.2416844 33.2806931 0.0616238 0.2189882 -0.0281438 0.9733728
79.478210 3.2460470 -1.2652183 33.4283104 0.0625835 0.2215963 -0.0281063 0.9727222
79.685700 3.3169880 -1.2897122 33.5752525 0.0619669 0.2247564 -0.0284184 0.9720273
79.893210 3.3900785 -1.3128524 33.7261047 0.0622432 0.2288776 -0.0282195 0.9710533
80.204330 3.5014801 -1.3496404 33.9521866 0.0634022 0.2333140 -0.0272122 0.9699506
80.411710 3.5792990 -1.3746123 34.1051521 0.0635987 0.2348532 -0.0269444 0.9695737
80.619080 3.6584196 -1.4001639 34.2593727 0.0641758 0.2359090 -0.0259929 0.9693053
80.826440 3.7383013 -1.4266484 34.4157715 0.0635152 0.2371743 -0.0243148 0.9690836
81.033840 3.8179865 -1.4521630 34.5720863 0.0635571 0.2382626 -0.0251458 0.9687926
81.137500 3.8604298 -1.4651663 34.6517220 0.0626051 0.2386924 -0.0255100 0.9687393
81.344940 3.9433765 -1.4916108 34.8115654 0.0619054 0.2397219 -0.0241214 0.9685656
81.448590 3.9854660 -1.5045249 34.8912811 0.0626890 0.2396938 -0.0241576 0.9685212
81.656060 4.0703573 -1.5306036 35.0523911 0.0631592 0.2395611 -0.0243282 0.9685193
81.863460 4.1548653 -1.5580053 35.2145309 0.0632134 0.2393152 -0.0241206 0.9685817
81.967080 4.1969366 -1.5711861 35.2958298 0.0644081 0.2390860 -0.0242463 0.9685565
82.174460 4.2809477 -1.5989542 35.4585571 0.0650353 0.2378168 -0.0219215 0.9688824
82.278210 4.3238106 -1.6123550 35.5404015 0.0644852 0.2367199 -0.0203182 0.9692227
82.485710 4.4090471 -1.6393440 35.7020760 0.0637263 0.2347732 -0.0205198 0.9697419
82.693080 4.4921389 -1.6663315 35.8660011 0.0640904 0.2340030 -0.0201232 0.9699124
82.900600 4.5740852 -1.6936572 36.0285645 0.0638747 0.2331459 -0.0198749 0.9701381
83.107850 4.6549015 -1.7212825 36.1916351 0.0630321 0.2330119 -0.0215968 0.9701886
83.211580 4.6963987 -1.7348998 36.2730446 0.0625611 0.2327701 -0.0203073 0.9703050
83.418960 4.7785969 -1.7608988 36.4348602 0.0626504 0.2316954 -0.0155237 0.9706447
83.522590 4.8195963 -1.7743714 36.5166435 0.0638068 0.2313621 -0.0149181 0.9706584
83.729960 4.9005270 -1.8012936 36.6796455 0.0651341 0.2310532 -0.0168732 0.9706118
83.937350 4.9806032 -1.8278017 36.8418732 0.0635851 0.2300254 -0.0186716 0.9709257
84.144710 5.0606060 -1.8540707 37.0046158 0.0633706 0.2292758 -0.0212331 0.9710643
84.352100 5.1407299 -1.8801043 37.1673393 0.0622014 0.2289947 -0.0223594 0.9711810
84.559380 5.2198801 -1.9054542 37.3273621 0.0635768 0.2290269 -0.0210455 0.9711137
84.766730 5.2992716 -1.9323969 37.4871330 0.0626881 0.2282604 -0.0186305 0.9714012
85.077720 5.4151917 -1.9720774 37.7243195 0.0642382 0.2262124 -0.0213790 0.9717224
85.285090 5.4889641 -1.9981387 37.8801231 0.0618367 0.2255880 -0.0232255 0.9719809
85.492460 5.5646334 -2.0246475 38.0351562 0.0602508 0.2251015 -0.0201019 0.9722629
85.699750 5.6393881 -2.0493000 38.1901703 0.0611001 0.2255006 -0.0205885 0.9721072
85.907110 5.7133846 -2.0739462 38.3423157 0.0604623 0.2262325 -0.0213978 0.9719595
86.114460 5.7855778 -2.0983562 38.4910202 0.0597059 0.2269425 -0.0217740 0.9718324
86.425590 5.8894386 -2.1329718 38.7031059 0.0572218 0.2281139 -0.0218384 0.9717062
86.632980 5.9545889 -2.1551187 38.8361740 0.0602521 0.2284188 -0.0211227 0.9714671
86.944090 6.0485964 -2.1862705 39.0280609 0.0580056 0.2266295 -0.0204149 0.9720379
87.151360 6.1055536 -2.2051022 39.1463089 0.0560818 0.2244508 -0.0200094 0.9726645
87.358710 6.1575890 -2.2220550 39.2557449 0.0534378 0.2230662 -0.0206486 0.9731184
87.669860 6.2276077 -2.2462032 39.4019928 0.0551206 0.2219879 -0.0204702 0.9732749
88.189210 6.3246670 -2.2778487 39.6001472 0.0545124 0.2479591 -0.0290776 0.9667984
88.605840 6.4068289 -2.3000393 39.7202492 0.0588316 0.3185190 -0.0269267 0.9457058
88.918590 6.4786758 -2.3149214 39.7954483 0.0577822 0.3937156 -0.0243635 0.9170909
89.335590 6.5865440 -2.3345013 39.8637505 0.0637593 0.5072526 -0.0227350 0.8591349
89.647840 6.6748304 -2.3480093 39.8912582 0.0699125 0.5884001 -0.0148325 0.8054053
90.063710 6.8008418 -2.3652940 39.9002686 0.0741064 0.6871550 -0.0075823 0.7226816
90.375470 6.8985972 -2.3768225 39.8865852 0.0800284 0.7553221 -0.0113123 0.6503507
90.686970 6.9983492 -2.3887286 39.8508339 0.0787596 0.8162785 -0.0084725 0.5722014
90.998490 7.0963039 -2.3999095 39.7926178 0.0822757 0.8701735 -0.0116889 0.4856873
91.412970 7.2201366 -2.4188876 39.6785698 0.0834793 0.9225618 -0.0081796 0.3766218
91.723710 7.3069401 -2.4289355 39.5692596 0.0859702 0.9453036 -0.0088412 0.3145348
92.034130 7.3918552 -2.4391537 39.4433060 0.0809363 0.9577713 -0.0034050 0.2758838
92.241220 7.4435682 -2.4442036 39.3526840 0.0762077 0.9633272 -0.0017318 0.2572742
92.448600 7.4949713 -2.4489405 39.2579689 0.0679103 0.9690154 0.0000910 0.2374811
92.655970 7.5439472 -2.4526546 39.1581802 0.0599690 0.9744489 0.0034707 0.2164281
92.863470 7.5889120 -2.4555361 39.0541000 0.0488124 0.9799033 0.0085212 0.1932204
93.070970 7.6284313 -2.4568002 38.9468803 0.0434216 0.9848028 0.0107242 0.1678182
93.278470 7.6619606 -2.4564805 38.8356667 0.0422730 0.9889360 0.0151635 0.1413811
93.485840 7.6898174 -2.4553845 38.7205963 0.0436098 0.9917984 0.0206876 0.1183475
93.589470 7.7024112 -2.4542308 38.6622009 0.0444572 0.9926966 0.0229753 0.1097689
93.796720 7.7276530 -2.4509468 38.5434799 0.0417053 0.9936759 0.0275849 0.1005383
94.003970 7.7538323 -2.4469306 38.4204559 0.0357032 0.9939673 0.0315194 0.0987970
94.211350 7.7810044 -2.4409401 38.2962952 0.0299827 0.9941142 0.0266314 0.1006418
94.625970 7.8389330 -2.4352672 38.0409622 0.0312032 0.9930702 0.0204057 0.1114513
94.833490 7.8713560 -2.4325545 37.9106712 0.0277498 0.9929215 0.0162593 0.1143354
95.040970 7.9043698 -2.4311705 37.7776413 0.0266208 0.9929825 0.0139244 0.1143819
95.144720 7.9201708 -2.4303739 37.7107582 0.0265000 0.9928987 0.0140799 0.1151156
95.352090 7.9523373 -2.4284894 37.5733452 0.0288213 0.9925924 0.0169277 0.1168037
95.559540 7.9859953 -2.4273424 37.4368210 0.0287620 0.9921726 0.0192523 0.1199818
95.870470 8.0378551 -2.4240026 37.2335167 0.0328356 0.9912605 0.0207415 0.1260728
96.077860 8.0736609 -2.4218283 37.0992813 0.0334436 0.9906851 0.0187946 0.1306574
96.285350 8.1112976 -2.4196849 36.9649353 0.0337438 0.9903311 0.0197887 0.1330943
96.492870 8.1477604 -2.4183657 36.8320999 0.0338804 0.9900599 0.0195425 0.1350988
96.700350 8.1849813 -2.4171052 36.7020187 0.0337030 0.9899793 0.0196219 0.1357204
96.907730 8.2216177 -2.4151731 36.5737152 0.0323935 0.9899881 0.0213015 0.1357218
97.115100 8.2569113 -2.4135082 36.4481010 0.0346503 0.9898422 0.0196048 0.1364826
97.322500 8.2923737 -2.4124889 36.3243523 0.0351185 0.9895578 0.0197834 0.1383858
97.529990 8.3282166 -2.4110641 36.2040367 0.0346774 0.9891871 0.0195884 0.1411478
97.737470 8.3631859 -2.4101379 36.0870209 0.0349032 0.9887052 0.0213507 0.1441807
97.945070 8.3976946 -2.4089117 35.9752541 0.0335432 0.9884181 0.0190266 0.1467736
98.152470 8.4315424 -2.4080958 35.8677673 0.0336587 0.9882361 0.0193202 0.1479299
98.359970 8.4649420 -2.4074016 35.7664986 0.0308204 0.9882367 0.0183307 0.1486683
98.567470 8.4941521 -2.4067240 35.6708069 0.0334274 0.9877613 0.0215768 0.1508132
98.774870 8.5231171 -2.4065943 35.5830002 0.0307829 0.9874982 0.0231757 0.1528485
98.982350 8.5489712 -2.4055467 35.5030746 0.0304344 0.9871716 0.0231529 0.1550158
99.293480 8.5835371 -2.4047601 35.3988075 0.0341270 0.9868208 0.0218711 0.1566582
99.604600 8.6129980 -2.4042361 35.3138275 0.0306971 0.9869060 0.0201569 0.1570603
99.915730 8.6349649 -2.4035997 35.2452888 0.0354331 0.9865690 0.0209919 0.1580675
100.226700 8.6528883 -2.4034677 35.1913757 0.0350555 0.9863973 0.0207925 0.1592453
100.537900 8.6667576 -2.4027698 35.1480255 0.0362319 0.9862718 0.0177194 0.1601287
100.848900 8.6805468 -2.4023199 35.1063690 0.0376247 0.9862396 0.0173915 0.1600422
101.263600 8.6994925 -2.4019122 35.0517502 0.0360662 0.9863438 0.0161423 0.1598892
101.678400 8.7175760 -2.4027803 34.9990349 0.0376905 0.9862937 0.0179253 0.1596335
102.093200 8.7333555 -2.4017372 34.9496117 0.0375745 0.9862486 0.0179214 0.1599397
102.508300 8.7467537 -2.4012651 34.9082260 0.0365808 0.9862581 0.0165822 0.1602551
102.923000 8.7604380 -2.4008842 34.8731880 0.0369057 0.9863291 0.0181609 0.1595714
103.337900 8.7726002 -2.4014719 34.8373871 0.0352470 0.9863718 0.0169926 0.1598115
103.752600 8.7850513 -2.4013903 34.8011208 0.0352754 0.9863269 0.0155162 0.1602314
104.167400 8.8031502 -2.4010553 34.7504959 0.0369865 0.9858289 0.0098207 0.1633304
104.685700 8.8419199 -2.4009049 34.6480179 0.0394135 0.9830759 0.0060740 0.1788056
105.100500 8.8881245 -2.4018331 34.5378876 0.0438061 0.9791217 0.0082984 0.1983248
105.515300 8.9497957 -2.4026959 34.4066658 0.0458847 0.9749027 0.0106547 0.2175907
105.826500 9.0063295 -2.4031515 34.2961807 0.0416607 0.9725937 0.0145329 0.2282863
106.034100 9.0474634 -2.4032822 34.2174683 0.0376521 0.9718968 0.0142773 0.2319375
106.241700 9.0915661 -2.4029307 34.1343727 0.0350593 0.9714797 0.0146873 0.2340565
106.449200 9.1378012 -2.4028187 34.0462036 0.0361695 0.9711564 0.0145736 0.2352331
106.656800 9.1871204 -2.4031394 33.9558754 0.0314213 0.9709151 0.0070489 0.2372486
106.968000 9.2649136 -2.4042141 33.8092842 0.0349087 0.9703497 0.0068161 0.2390742
107.279100 9.3486576 -2.4061356 33.6561852 0.0325046 0.9697043 0.0083528 0.2419652
107.590200 9.4378862 -2.4076612 33.4935951 0.0339209 0.9681490 0.0106259 0.2478385
107.901200 9.5322495 -2.4084163 33.3257561 0.0385732 0.9659243 0.0130152 0.2556031
108.212500 9.6288509 -2.4110131 33.1609459 0.0378415 0.9650012 0.0086492 0.2593569
108.523700 9.7250147 -2.4149642 32.9979095 0.0337510 0.9657270 0.0060507 0.2572851
108.835100 9.8197489 -2.4183781 32.8325806 0.0360786 0.9664495 0.0079006 0.2541874
109.146400 9.9125443 -2.4216383 32.6657295 0.0363841 0.9673775 0.0061835 0.2506366
109.561200 10.0381346 -2.4273863 32.4371529 0.0370824 0.9687043 0.0053074 0.2453747
109.768700 10.1006098 -2.4296978 32.3212433 0.0373468 0.9691622 0.0041838 0.2435411
110.079700 10.1937532 -2.4346564 32.1474304 0.0361179 0.9692791 0.0046485 0.2432529
110.287200 10.2573166 -2.4375887 32.0313644 0.0352726 0.9691367 0.0029826 0.2439694
110.494600 10.3212957 -2.4413602 31.9136429 0.0362849 0.9687273 0.0037607 0.2454316
110.702000 10.3863754 -2.4452658 31.7962532 0.0364260 0.9683688 0.0007257 0.2468491
110.909200 10.4521437 -2.4491971 31.6790771 0.0354897 0.9678446 0.0012967 0.2490293
111.220200 10.5508680 -2.4545696 31.5046749 0.0360473 0.9669632 0.0041018 0.2523212
111.427600 10.6160746 -2.4582767 31.3899384 0.0368680 0.9664000 0.0030906 0.2543663
111.635000 10.6807337 -2.4623652 31.2769260 0.0383581 0.9658155 0.0016276 0.2563716
111.842400 10.7459183 -2.4664612 31.1648636 0.0371542 0.9652851 0.0004653 0.2585422
112.049700 10.8117380 -2.4706137 31.0529556 0.0348830 0.9650292 0.0044247 0.2597734
112.257100 10.8761797 -2.4741800 30.9443359 0.0324037 0.9652821 0.0011927 0.2591893
112.464600 10.9386940 -2.4781613 30.8355217 0.0352425 0.9657081 -0.0000565 0.2572270
112.672000 10.9998951 -2.4819598 30.7276440 0.0391037 0.9661784 0.0008523 0.2548912
112.879400 11.0592766 -2.4863811 30.6207314 0.0410910 0.9665259 0.0013310 0.2532538
113.086700 11.1179371 -2.4915452 30.5182076 0.0393129 0.9673283 -0.0016962 0.2504548
113.294100 11.1729898 -2.4972413 30.4201965 0.0392645 0.9678792 -0.0097774 0.2481382
113.501500 11.2251701 -2.5034871 30.3257713 0.0382887 0.9683000 -0.0089281 0.2466764
113.709000 11.2728300 -2.5095010 30.2370186 0.0413113 0.9683849 -0.0066353 0.2459271
113.916400 11.3162155 -2.5151958 30.1559067 0.0454509 0.9682906 -0.0094631 0.2454750
114.123900 11.3564091 -2.5200114 30.0817070 0.0456891 0.9682263 -0.0104889 0.2456428
114.435000 11.4115868 -2.5280576 29.9806252 0.0448838 0.9681596 -0.0105813 0.2460499
114.850000 11.4792786 -2.5367475 29.8600502 0.0413399 0.9684525 -0.0134129 0.2453789
115.264900 11.5401249 -2.5452268 29.7491856 0.0388086 0.9688627 -0.0126676 0.2442098
115.576100 11.5807838 -2.5505528 29.6720715 0.0435674 0.9688634 -0.0117572 0.2434489
115.990900 11.6296873 -2.5572002 29.5794106 0.0463468 0.9685782 -0.0122186 0.2440472
116.302000 11.6631222 -2.5623584 29.5180054 0.0486460 0.9682019 -0.0163392 0.2448502
116.613300 11.6932650 -2.5668595 29.4617004 0.0512904 0.9669536 -0.0174230 0.2491314
116.924200 11.7210569 -2.5710080 29.4146214 0.0483177 0.9660937 -0.0193532 0.2528908
117.235400 11.7437115 -2.5748985 29.3759880 0.0494482 0.9651813 -0.0193788 0.2561337
117.650400 11.7679033 -2.5794215 29.3339462 0.0496718 0.9650159 -0.0225811 0.2564510
117.961500 11.7822113 -2.5815935 29.3087845 0.0506026 0.9650496 -0.0239793 0.2560150
118.272500 11.7941446 -2.5837779 29.2878685 0.0507762 0.9648178 -0.0245388 0.2568001
118.583600 11.8047295 -2.5854311 29.2706947 0.0491972 0.9647037 -0.0262083 0.2573703
119.413200 11.8237228 -2.5888333 29.2381706 0.0506231 0.9642986 -0.0273917 0.2584863
120.657600 11.8351526 -2.5910158 29.2180595 0.0507999 0.9639573 -0.0293474 0.2595082
121.694500 11.8454533 -2.5928755 29.2005520 0.0505806 0.9639490 -0.0296008 0.2595529
122.213100 11.8562012 -2.5949211 29.1833801 0.0502893 0.9639761 -0.0295548 0.2595143
122.628000 11.8675566 -2.5969906 29.1632271 0.0508409 0.9638984 -0.0296224 0.2596877
123.146200 11.8851194 -2.6002326 29.1326065 0.0500904 0.9638675 -0.0295985 0.2599507
123.561000 11.9002752 -2.6030970 29.1050377 0.0530650 0.9636962 -0.0288620 0.2600783
123.975900 11.9156017 -2.6068573 29.0800781 0.0533152 0.9639043 -0.0274674 0.2594064
124.494400 11.9301348 -2.6092811 29.0557003 0.0528233 0.9636744 -0.0264241 0.2604670
