0.000000 0.0000000 0.0000000 0.0000000 0.0000000 0.0000000 0.0000000 1.0000000
0.104128 -0.0002457 -0.0008079 0.0491605 -0.0008604 -0.0000761 0.0003138 0.9999996
0.208254 -0.0003378 -0.0015172 0.0982281 -0.0008675 -0.0003229 0.0008494 0.9999992
0.312504 -0.0005423 -0.0022581 0.1471850 -0.0004015 -0.0003194 0.0016248 0.9999986
0.416625 -0.0008411 -0.0030499 0.1958031 -0.0004755 -0.0002371 0.0018562 0.9999982
0.520755 -0.0009736 -0.0039002 0.2453003 -0.0009251 -0.0002562 0.0019750 0.9999976
0.625004 -0.0011798 -0.0045057 0.2950193 -0.0014840 -0.0001060 0.0026561 0.9999954
0.729128 -0.0014895 -0.0051767 0.3444324 -0.0016621 -0.0001542 0.0023933 0.9999958
0.833252 -0.0017973 -0.0059652 0.3941889 -0.0008051 -0.0002638 0.0019653 0.9999977
1.041630 -0.0027051 -0.0074704 0.4931943 0.0007607 -0.0002156 -0.0010319 0.9999992
1.250003 -0.0031743 -0.0093276 0.5939974 0.0002482 -0.0002249 -0.0028040 0.9999960
1.458401 -0.0030560 -0.0106299 0.6952655 -0.0018967 -0.0000606 0.0004704 0.9999981
1.666754 -0.0033012 -0.0121486 0.7962386 0.0002421 -0.0002064 0.0021515 0.9999976
1.875129 -0.0040043 -0.0137808 0.8976433 -0.0000247 0.0004592 -0.0001615 0.9999999
2.083502 -0.0040579 -0.0150040 1.0002329 -0.0027580 0.0008396 0.0009138 0.9999954
2.291881 -0.0041592 -0.0162021 1.1032919 -0.0006271 0.0006775 0.0028907 0.9999954
2.500257 -0.0044876 -0.0181180 1.2058982 0.0009043 0.0012532 0.0015954 0.9999976
2.708628 -0.0048354 -0.0198929 1.3088987 0.0017163 0.0015325 0.0004920 0.9999972
2.916881 -0.0053777 -0.0221291 1.4131896 0.0001727 0.0013639 -0.0000686 0.9999990
3.125256 -0.0056525 -0.0236779 1.5172857 0.0003590 0.0014465 -0.0026720 0.9999953
3.333502 -0.0060835 -0.0254390 1.6222153 0.0000197 0.0012356 -0.0040105 0.9999912
3.541754 -0.0059627 -0.0272093 1.7278593 0.0003319 0.0005362 -0.0031295 0.9999949
3.750007 -0.0061602 -0.0290933 1.8338052 -0.0004000 -0.0004422 -0.0030186 0.9999953
4.062383 -0.0078727 -0.0314757 1.9922824 -0.0007512 -0.0018688 -0.0036528 0.9999913
4.270633 -0.0087340 -0.0328985 2.0984218 -0.0011179 -0.0025243 -0.0022161 0.9999937
4.478884 -0.0093826 -0.0349368 2.2041643 -0.0012834 -0.0028061 -0.0003878 0.9999952
4.687259 -0.0102974 -0.0361676 2.3115726 -0.0018146 -0.0023286 0.0010620 0.9999951
4.895505 -0.0109622 -0.0378725 2.4171805 -0.0012402 -0.0020564 0.0029068 0.9999929
5.103758 -0.0118572 -0.0395973 2.5230348 -0.0010868 -0.0013931 0.0022187 0.9999959
5.311998 -0.0128687 -0.0411238 2.6287725 -0.0022304 -0.0007337 -0.0013774 0.9999963
5.520244 -0.0146358 -0.0429965 2.7333856 -0.0023745 0.0000858 -0.0059134 0.9999797
5.728633 -0.0153449 -0.0442125 2.8380582 -0.0018165 0.0007002 -0.0083777 0.9999630
5.936757 -0.0162735 -0.0460267 2.9424882 -0.0017547 0.0010296 -0.0083379 0.9999632
6.145012 -0.0159576 -0.0477254 3.0454323 -0.0014901 0.0006088 -0.0070799 0.9999737
6.353135 -0.0161694 -0.0491673 3.1489329 -0.0012574 0.0000540 -0.0065965 0.9999775
6.665511 -0.0173729 -0.0516853 3.3034382 -0.0021230 -0.0012669 -0.0061797 0.9999778
6.873636 -0.0181592 -0.0528831 3.4046748 -0.0024080 -0.0023087 -0.0036030 0.9999880
7.081885 -0.0190336 -0.0546255 3.5050199 -0.0020212 -0.0026145 -0.0026042 0.9999911
7.290011 -0.0198436 -0.0561721 3.6059451 -0.0015240 -0.0028077 -0.0023981 0.9999920
7.498256 -0.0212003 -0.0579633 3.7045259 -0.0013413 -0.0024397 -0.0031591 0.9999911
7.810511 -0.0223663 -0.0601857 3.8532257 -0.0020917 -0.0023793 -0.0038121 0.9999877
8.018763 -0.0232062 -0.0618445 3.9504271 -0.0002255 -0.0023928 -0.0036225 0.9999905
8.226883 -0.0241063 -0.0633132 4.0483918 -0.0017887 -0.0019843 -0.0014605 0.9999954
8.435138 -0.0246598 -0.0645825 4.1461706 -0.0013488 -0.0011162 -0.0003844 0.9999984
8.643387 -0.0253347 -0.0660290 4.2434354 0.0008807 -0.0002165 -0.0022485 0.9999971
8.851635 -0.0258955 -0.0677619 4.3412395 -0.0000828 0.0011490 -0.0044875 0.9999893
9.164012 -0.0261016 -0.0696279 4.4879475 -0.0011152 0.0025111 -0.0041929 0.9999874
9.476392 -0.0258492 -0.0721688 4.6343269 -0.0001972 0.0042857 -0.0069621 0.9999666
9.788784 -0.0252388 -0.0746063 4.7812276 -0.0003295 0.0058174 -0.0068781 0.9999593
10.101140 -0.0237679 -0.0771299 4.9285221 -0.0009544 0.0063236 -0.0047782 0.9999681
10.413390 -0.0228343 -0.0789230 5.0746212 -0.0009336 0.0053865 -0.0025776 0.9999817
10.725760 -0.0219359 -0.0815661 5.2213001 -0.0015527 0.0036816 -0.0008296 0.9999917
11.038140 -0.0212856 -0.0841016 5.3675466 -0.0000904 0.0021250 0.0003503 0.9999977
11.350520 -0.0207206 -0.0863724 5.5146818 -0.0017304 0.0004205 0.0101922 0.9999465
11.663020 -0.0212188 -0.0887436 5.6615381 0.0027539 0.0006283 0.0096973 0.9999490
11.975390 -0.0206975 -0.0919626 5.8092499 -0.0003969 0.0015633 0.0140823 0.9998996
12.287890 -0.0208792 -0.0942721 5.9559608 -0.0013987 0.0021186 0.0156624 0.9998741
12.600390 -0.0208661 -0.0971867 6.1034904 0.0002299 0.0033783 0.0104351 0.9999398
12.912790 -0.0208811 -0.0996850 6.2510252 0.0010872 0.0033367 0.0075704 0.9999652
13.225270 -0.0213430 -0.1028158 6.3987803 0.0024357 0.0032120 0.0010749 0.9999913
13.537640 -0.0207339 -0.1052496 6.5492873 0.0000969 0.0030768 0.0006742 0.9999951
13.850020 -0.0208256 -0.1085171 6.7016573 0.0040224 0.0003419 0.0014080 0.9999909
14.162520 -0.0237686 -0.1121393 6.8554244 0.0022665 0.0004448 -0.0041364 0.9999888
14.474890 -0.0241270 -0.1145565 7.0089059 0.0006041 0.0004170 -0.0029599 0.9999954
14.787290 -0.0237157 -0.1172431 7.1626658 -0.0002449 0.0006380 0.0016116 0.9999985
15.099640 -0.0235588 -0.1198214 7.3165426 0.0011164 0.0011948 0.0039823 0.9999907
15.412140 -0.0251428 -0.1228937 7.4732733 0.0018497 0.0026527 -0.0078684 0.9999638
15.724520 -0.0251808 -0.1254317 7.6312394 0.0006527 0.0021981 -0.0059315 0.9999798
15.932650 -0.0252055 -0.1273541 7.7371740 0.0011857 0.0014970 -0.0054754 0.9999832
16.245020 -0.0260426 -0.1303112 7.8970361 0.0009274 0.0013898 -0.0064040 0.9999781
16.453270 -0.0256086 -0.1321499 8.0035954 0.0016425 0.0008642 -0.0060381 0.9999800
16.765650 -0.0263635 -0.1354558 8.1648436 0.0018203 0.0004721 -0.0063222 0.9999782
16.973770 -0.0264598 -0.1377547 8.2727022 0.0020100 0.0000408 -0.0065649 0.9999764
17.182030 -0.0267077 -0.1398865 8.3810196 0.0019707 -0.0002727 -0.0063476 0.9999779
17.390270 -0.0272541 -0.1421481 8.4896307 0.0019470 -0.0002118 -0.0049135 0.9999860
17.598420 -0.0277848 -0.1443729 8.5990639 0.0015331 -0.0001895 -0.0041978 0.9999900
17.806640 -0.0281395 -0.1468928 8.7080660 0.0017873 -0.0001307 -0.0047709 0.9999870
18.014770 -0.0287866 -0.1484596 8.8177223 0.0006998 0.0004845 -0.0055438 0.9999843
18.327020 -0.0296038 -0.1514345 8.9812908 0.0020123 0.0014019 -0.0058316 0.9999800
18.639420 -0.0300769 -0.1549818 9.1469707 0.0009225 0.0014608 -0.0059308 0.9999809
18.847540 -0.0304449 -0.1571742 9.2572832 0.0007099 0.0013507 -0.0065758 0.9999772
19.159650 -0.0309627 -0.1600579 9.4237728 0.0006564 0.0013437 -0.0065983 0.9999771
19.367870 -0.0315133 -0.1612610 9.5364494 0.0001357 0.0014501 -0.0042553 0.9999899
19.679910 -0.0323303 -0.1643373 9.7043371 0.0001265 0.0016195 -0.0021608 0.9999964
19.888070 -0.0325799 -0.1656875 9.8164883 -0.0001471 0.0020298 -0.0008237 0.9999976
20.200150 -0.0324091 -0.1686162 9.9828920 0.0002566 0.0029011 -0.0017362 0.9999942
20.512310 -0.0321118 -0.1720224 10.1495085 0.0003947 0.0041812 -0.0031835 0.9999861
20.720420 -0.0316697 -0.1740170 10.2607498 0.0012041 0.0051667 -0.0040926 0.9999775
20.928690 -0.0308899 -0.1759713 10.3729506 0.0005539 0.0058085 -0.0026769 0.9999794
21.136780 -0.0296808 -0.1781273 10.4842291 0.0016904 0.0059612 -0.0020855 0.9999786
21.448900 -0.0287412 -0.1811964 10.6539125 0.0028399 0.0049003 -0.0007617 0.9999837
21.657020 -0.0285514 -0.1833102 10.7661057 0.0035483 0.0042362 -0.0014839 0.9999836
21.865030 -0.0273506 -0.1857135 10.8764982 0.0032220 0.0032115 -0.0012493 0.9999889
22.073170 -0.0280934 -0.1876004 10.9858360 0.0019114 0.0027706 -0.0019537 0.9999924
22.281150 -0.0279823 -0.1899554 11.0952806 0.0017861 0.0036178 -0.0026389 0.9999884
22.489270 -0.0278272 -0.1922224 11.2055368 0.0023972 0.0039929 -0.0011865 0.9999884
22.697420 -0.0269864 -0.1942855 11.3181782 0.0040127 0.0040635 -0.0001930 0.9999837
22.905400 -0.0269060 -0.1970977 11.4306555 0.0040511 0.0020537 -0.0010111 0.9999892
23.113490 -0.0268378 -0.1993673 11.5442038 0.0009719 0.0021061 -0.0011076 0.9999967
23.321400 -0.0265757 -0.2012506 11.6577892 0.0012611 0.0021972 -0.0001039 0.9999968
23.529550 -0.0261158 -0.2034354 11.7716961 0.0010827 0.0023420 0.0004375 0.9999966
23.737530 -0.0260025 -0.2058420 11.8856611 0.0016795 0.0028915 -0.0005707 0.9999942
23.945650 -0.0261936 -0.2082668 11.9987698 0.0009172 0.0037195 -0.0004219 0.9999925
24.153670 -0.0260217 -0.2105203 12.1113043 0.0013030 0.0038311 0.0003343 0.9999918
24.465780 -0.0254136 -0.2141096 12.2797136 0.0037045 0.0032636 -0.0021523 0.9999855
24.673900 -0.0253137 -0.2168837 12.3911562 0.0016537 0.0024531 -0.0030421 0.9999910
24.882030 -0.0253207 -0.2190730 12.5041189 0.0008989 0.0012074 -0.0039565 0.9999911
25.090170 -0.0255503 -0.2213675 12.6149139 0.0010225 -0.0006649 -0.0028994 0.9999951
25.298280 -0.0263202 -0.2235778 12.7264557 0.0011135 -0.0012571 -0.0020679 0.9999964
25.506530 -0.0271030 -0.2255298 12.8379622 0.0017804 -0.0015665 -0.0016440 0.9999958
25.714650 -0.0279273 -0.2279715 12.9501638 0.0020285 -0.0015351 -0.0010321 0.9999962
25.922780 -0.0284627 -0.2307023 13.0613194 0.0022054 -0.0016217 -0.0007499 0.9999959
26.130900 -0.0294601 -0.2331408 13.1727257 0.0032961 -0.0015409 -0.0001831 0.9999934
26.339150 -0.0297802 -0.2356423 13.2833195 0.0018704 -0.0016117 0.0015057 0.9999958
26.547800 -0.0308268 -0.2378130 13.3948050 0.0027757 -0.0013294 0.0010323 0.9999948
26.757930 -0.0319437 -0.2404593 13.5062828 0.0017004 -0.0009153 -0.0001536 0.9999981
26.963660 -0.0328146 -0.2428927 13.6192150 0.0020692 -0.0007089 0.0005332 0.9999974
27.171920 -0.0332849 -0.2453562 13.7332077 0.0023344 -0.0006697 0.0000221 0.9999970
27.380140 -0.0340066 -0.2472440 13.8471537 0.0023005 -0.0005031 -0.0014051 0.9999962
27.588410 -0.0348210 -0.2498730 13.9609289 0.0032758 0.0001019 -0.0031486 0.9999897
27.796540 -0.0350096 -0.2523528 14.0735016 0.0028509 0.0002926 -0.0040054 0.9999878
28.005230 -0.0350468 -0.2549455 14.1859560 0.0028859 0.0004776 -0.0051424 0.9999825
