0.000000 0.0000000000 0.0000000000 0.0000000000 0.0000000000 0.0000000000 0.0000000000 1.0000000000
0.103391 -0.0003995550 -0.0000581280 0.0883874148 0.0023361486 0.0007122266 -0.0003441079 0.9999969602
0.413621 -0.0012772148 -0.0001955188 0.3510460556 -0.0022640494 0.0010820917 0.0024110307 0.9999939203
1.034070 -0.0025231249 0.0001266103 0.8678615689 -0.0012646437 -0.0017892191 0.0055790870 0.9999820590
1.551083 -0.0048164097 0.0015317817 1.2878334522 -0.0007293630 -0.0043170215 0.0065259179 0.9999691248
1.964724 -0.0107007492 0.0007174922 1.6189000607 0.0003298566 -0.0075160759 0.0056199431 0.9999558926
2.585514 -0.0231350828 0.0020157991 2.1049611568 -0.0007826842 -0.0116408998 0.0063943551 0.9999114871
2.793694 -0.0310413521 0.0043783383 2.2503914833 -0.0028287282 -0.0120525202 0.0062907632 0.9999035597
3.103545 -0.0371921435 0.0047452594 2.4778320789 -0.0017465065 -0.0132911252 0.0051105255 0.9998970628
3.620721 -0.0502575040 0.0045788465 2.8345887661 -0.0001841192 -0.0165710282 0.0047312411 0.9998514652
4.142151 -0.0688598752 0.0051388061 3.1734678745 -0.0023368464 -0.0210819636 0.0025094217 0.9997718930
4.656235 -0.0848315954 0.0060067913 3.4846518040 -0.0027323947 -0.0228487011 -0.0022985912 0.9997325540
5.381142 -0.1028371602 0.0061522871 3.8838844299 -0.0044125211 -0.0109656779 -0.0126414597 0.9998502135
6.727294 -0.0969390273 0.0068902504 4.4038796425 -0.0052413992 0.0398617126 -0.0326367430 0.9986582994
8.283921 -0.0108438730 0.0034949034 4.7419395447 0.0020237952 0.1789996326 -0.0373747535 0.9831368923
9.630085 0.2373015881 -0.0106872022 5.0077266693 0.0110535072 0.4444854856 -0.0399581045 0.8948261142
10.043900 0.3827493191 -0.0191262811 5.0757493973 0.0106769297 0.5422654748 -0.0383481234 0.8392637372
10.353670 0.5131521225 -0.0260492191 5.1104164124 0.0125195766 0.6061791182 -0.0362800732 0.7944015861
10.767050 0.7101072669 -0.0371810943 5.1311235428 0.0225465167 0.6684615016 -0.0255876295 0.7429644465
11.284150 0.9885523319 -0.0531621650 5.1355776787 0.0282647926 0.7064158916 -0.0180803239 0.7070012689
12.211190 1.5731779337 -0.0860805064 5.1145167351 0.0284501016 0.7203024626 -0.0100587672 0.6930034161
13.141650 2.2250838280 -0.1229171753 5.1009325981 0.0351610593 0.7128119469 -0.0141739724 0.7003298998
13.864670 2.7435750961 -0.1557797045 5.1029543877 0.0351203568 0.7041132450 -0.0114014400 0.7091270089
14.899490 3.4899239540 -0.2011725903 5.1246929169 0.0381561518 0.6930658817 -0.0100300470 0.7197938561
15.520220 3.9482183456 -0.2318443954 5.1537470818 0.0361784138 0.6864012480 -0.0182485729 0.7260932326
16.039410 4.3405661583 -0.2599022388 5.1831164360 0.0356398933 0.6790676117 -0.0195116680 0.7329504490
16.554450 4.7339735031 -0.2921911776 5.2257413864 0.0372895636 0.6665797830 -0.0305360686 0.7438739538
17.073430 5.1341004372 -0.3265773654 5.2816991806 0.0278364066 0.6527919769 -0.0249380022 0.7566147447
17.795780 5.6691007614 -0.3694325686 5.3776755333 0.0302844029 0.6380283237 -0.0264645573 0.7689618468
18.313370 6.0256543159 -0.3967471123 5.4521923065 0.0238210484 0.6327977180 -0.0300858002 0.7733656764
19.038030 6.4884772301 -0.4338981807 5.5533885956 0.0247917566 0.6295694113 -0.0326277092 0.7758628726
19.557750 6.7901048660 -0.4591373503 5.6170468330 0.0280125253 0.6331796646 -0.0347212553 0.7727181315
19.969850 7.0169434547 -0.4789875746 5.6630845070 0.0254538003 0.6368948817 -0.0307783131 0.7699154019
20.694250 7.3948788643 -0.5082211494 5.7303276062 0.0340414047 0.6391927600 -0.0257089175 0.7678624988
21.213570 7.6732387543 -0.5302160382 5.7883353233 0.0337616168 0.6294510365 -0.0252938475 0.7758941650
22.038410 8.1433296204 -0.5668194294 5.9193181992 0.0299926382 0.5979606509 -0.0339680575 0.8002434969
22.452170 8.4014663696 -0.5863434076 6.0097317696 0.0258378219 0.5807225704 -0.0308835842 0.8131051064
23.590650 9.1814460754 -0.6394264102 6.3343529701 0.0333274491 0.5436399579 -0.0171620175 0.8384810090
24.625310 9.8371028900 -0.6946750283 6.6530451775 0.0306063723 0.5261448622 -0.0236947481 0.8495136499
25.245970 10.1850814819 -0.7244406939 6.8305711746 0.0331539623 0.5197648406 -0.0209208839 0.8534094095
26.280040 10.7021818161 -0.7709343433 7.1177845001 0.0398892239 0.5013948083 -0.0207445510 0.8640496135
27.417420 11.2595062256 -0.8293908238 7.4938921928 0.0267119966 0.4668461680 -0.0402435921 0.8830184340
28.037820 11.6051292419 -0.8595041037 7.7517943382 0.0219615884 0.4437342584 -0.0434476435 0.8948351145
28.660870 11.9746294022 -0.8898750544 8.0596303940 0.0208609533 0.4237220585 -0.0434901677 0.9045071006
29.176740 12.3039979935 -0.9169170260 8.3409242630 0.0223657880 0.4142452478 -0.0305685140 0.9093768001
29.486390 12.5022134781 -0.9324259758 8.5201015472 0.0210654475 0.4081765115 -0.0364272706 0.9119327068
30.003170 12.8393154144 -0.9551897049 8.8322601318 0.0131882029 0.3966497183 -0.0295476690 0.9173995852
30.416690 13.1086425781 -0.9736333489 9.0951213837 0.0242463797 0.3830422461 -0.0224563349 0.9231394529
31.037350 13.5051136017 -1.0065859556 9.5109033585 0.0270062294 0.3666305244 -0.0143786818 0.9298633933
31.661730 13.8989982605 -1.0350989103 9.9385843277 0.0249922294 0.3663457930 -0.0131871924 0.9300495982
32.176640 14.2240018845 -1.0610933304 10.2897844315 0.0204862040 0.3739834428 -0.0178925544 0.9270364642
32.902290 14.6860361099 -1.0964708328 10.7611837387 0.0205166601 0.3889825046 -0.0244855694 0.9206911325
33.623980 15.1524343491 -1.1349598169 11.2051868439 0.0251601525 0.4053235352 -0.0224743728 0.9135506153
33.934650 15.3584794998 -1.1529712677 11.3903274536 0.0261881985 0.4155404568 -0.0276944060 0.9087757468
34.348070 15.6405134201 -1.1767482758 11.6280145645 0.0189664736 0.4308380187 -0.0300602205 0.9017290473
34.866170 16.0105819702 -1.2003576756 11.9142646790 0.0238898378 0.4513197243 -0.0311779510 0.8914974332
35.589680 16.5473728180 -1.2420761585 12.2794599533 0.0242969077 0.4769045115 -0.0211229958 0.8783652782
36.210300 16.9949283600 -1.2747373581 12.5631656647 0.0270105265 0.4893977046 -0.0248416122 0.8712882400
36.727360 17.3527736664 -1.2997500896 12.7772731781 0.0258386675 0.4960702062 -0.0153596839 0.8677619100
37.347880 17.7582778931 -1.3298345804 13.0147533417 0.0175336841 0.5034206510 -0.0197092388 0.8636386991
37.761670 18.0152511597 -1.3457443714 13.1596260071 0.0212093424 0.5080234408 -0.0207581520 0.8608317971
38.382320 18.3860549927 -1.3690658808 13.3609714508 0.0236896873 0.5181986094 -0.0222578514 0.8546423912
39.210380 18.8730525970 -1.4048280716 13.5976581573 0.0273096524 0.5412947536 -0.0301692709 0.8398476243
39.727990 19.1996784210 -1.4313883781 13.7395544052 0.0298471879 0.5581000447 -0.0382994153 0.8283517361
40.245190 19.5553150177 -1.4623707533 13.8746795654 0.0276226755 0.5741145611 -0.0337120332 0.8176141977
40.660160 19.8602771759 -1.4839048386 13.9784202576 0.0244699959 0.5839166045 -0.0266991053 0.8110054135
41.486770 20.5217857361 -1.5361020565 14.1804409027 0.0428891145 0.5990604758 -0.0280633774 0.7990615964
42.520590 21.4235858917 -1.6205625534 14.4193954468 0.0405958593 0.6178981662 -0.0275580324 0.7847256660
43.450910 22.2546310425 -1.6951458454 14.6181755066 0.0361298248 0.6252510548 -0.0265784692 0.7791337371
43.971430 22.7135868073 -1.7366211414 14.7189140320 0.0372012444 0.6294474602 -0.0307341255 0.7755432725
44.796760 23.4604167938 -1.8013181686 14.8657722473 0.0327624753 0.6418719888 -0.0281826910 0.7655930519
45.107140 23.7365379333 -1.8248755932 14.9146175385 0.0305767506 0.6466009021 -0.0306441709 0.7615991831
45.623680 24.1936855316 -1.8632202148 14.9896335602 0.0286302678 0.6529371142 -0.0391455963 0.7558578253
46.037440 24.5570068359 -1.8948787451 15.0423202515 0.0267526507 0.6582621336 -0.0356332771 0.7514688969
46.451100 24.9201126099 -1.9247970581 15.0870876312 0.0276738908 0.6652566791 -0.0316732898 0.7454290986
46.761380 25.1836280823 -1.9484019279 15.1148271561 0.0387194268 0.6704165339 -0.0388427749 0.7399552464
47.071770 25.4508266449 -1.9753595591 15.1409158707 0.0326961987 0.6764827967 -0.0392295830 0.7346856594
47.485460 25.8043956757 -2.0084064007 15.1687908173 0.0231626444 0.6859970093 -0.0406039171 0.7261011600
48.105950 26.3275661469 -2.0533213615 15.1863002777 0.0253431164 0.7000936866 -0.0387591086 0.7125477791
49.036150 27.1005001068 -2.1199800968 15.1844596863 0.0328457430 0.7103275061 -0.0325753018 0.7023494840
49.863540 27.7591152191 -2.1825628281 15.1799383163 0.0364264809 0.7061412930 -0.0273480173 0.7066043615
50.793430 28.4225006104 -2.2369801998 15.1981315613 0.0282567050 0.6943695545 -0.0287221931 0.7184897661
52.240390 29.2509593964 -2.3094048500 15.2540779114 0.0260283966 0.6779410243 -0.0384211130 0.7336500287
53.585110 29.9004249573 -2.3692378998 15.3131141663 0.0332473628 0.6766768694 -0.0420503244 0.7343260646
54.723200 30.5492477417 -2.4295988083 15.3539428711 0.0418255329 0.6844214797 -0.0349466652 0.7270464897
55.550620 31.1052951813 -2.4848320484 15.3841447830 0.0428040475 0.6893970966 -0.0430374928 0.7218360305
56.481050 31.7991218567 -2.5613670349 15.4136028290 0.0494857579 0.6924974918 -0.0376233310 0.7187370062
56.894350 32.1294288635 -2.5969250202 15.4284019470 0.0483881794 0.6909983754 -0.0348508880 0.7203924656
57.617510 32.7316017151 -2.6601860523 15.4596767426 0.0494557172 0.6850769520 -0.0296761338 0.7261838913
57.927360 32.9982566833 -2.6868181229 15.4765625000 0.0513189770 0.6816564202 -0.0295728967 0.7292711139
58.547070 33.5506591797 -2.7459666729 15.5243377686 0.0466891043 0.6774553061 -0.0314991511 0.7334045172
59.167110 34.0998268127 -2.8049983978 15.5685157776 0.0448420085 0.6760775447 -0.0319407955 0.7347708344
60.200330 34.9960403442 -2.9022092819 15.6517925262 0.0464455187 0.6750071049 -0.0315940827 0.7356697917
61.129940 35.8123626709 -2.9906854630 15.7343902588 0.0559312813 0.6647744179 -0.0265793558 0.7444730997
61.543140 36.1695632935 -3.0287306309 15.7830600739 0.0505914949 0.6575785875 -0.0268851332 0.7512044311
62.782780 37.2396812439 -3.1451702118 15.9924831390 0.0461294986 0.6209167838 -0.0343277939 0.7817646861
64.332410 38.5601692200 -3.2896955013 16.3602581024 0.0397658944 0.5941625237 -0.0355413817 0.8025748730
65.881970 39.8133850098 -3.4187221527 16.7650070190 0.0360260494 0.5925943851 -0.0393047296 0.8037344813
67.431360 41.1113777161 -3.5576183796 17.1793479919 0.0454175547 0.5908251405 -0.0288043339 0.8050050735
68.981020 42.4106903076 -3.6875958443 17.6090450287 0.0385880657 0.5913832188 -0.0222391803 0.8051598072
70.530930 43.5470924377 -3.8073310852 17.9679203033 0.0454200134 0.5966465473 -0.0250210892 0.8008270264
71.564460 44.2746734619 -3.8726482391 18.1968498230 0.0431382731 0.5914242268 -0.0245752707 0.8048307300
73.114920 45.1810874939 -3.9644308090 18.4974174500 0.0389415324 0.5851460099 -0.0251093302 0.8096031547
74.459100 45.7614555359 -4.0246376991 18.7000064850 0.0405570492 0.5865060091 -0.0264270511 0.8084970117
76.009520 46.2166442871 -4.0677514076 18.8502273560 0.0386099257 0.5890837312 -0.0276645720 0.8066748381
77.557920 46.6294593811 -4.1103539467 19.0407009125 0.0393733233 0.5008624792 -0.0399355218 0.8637080789
79.114220 47.0055122375 -4.1546759605 19.2015705109 0.0446564034 0.5943858624 -0.0349928141 0.8021762967
80.658440 47.3058357239 -4.1893310547 19.3033218384 0.0464086980 0.5483047962 -0.0310646798 0.8344117999
82.208520 47.4156112671 -4.2028250694 19.3854560852 0.0339515731 0.4719414115 -0.0446037874 0.8798460960
