0.000000 0.0000000 0.0000000 0.0000000 0.0000000 0.0000000 0.0000000 1.0000000
0.103736 -0.0000474 -0.0003359 0.0411885 0.0010346 -0.0016571 0.0012956 0.9999973
0.207338 -0.0006531 -0.0008297 0.0834147 0.0017012 -0.0036651 0.0006820 0.9999916
0.311075 -0.0013297 -0.0010162 0.1266183 0.0024274 -0.0056847 0.0007527 0.9999806
0.414692 -0.0025211 -0.0011158 0.1708900 0.0028632 -0.0081152 0.0000078 0.9999630
0.518430 -0.0039004 -0.0017490 0.2160327 0.0028600 -0.0101635 0.0004067 0.9999442
0.622045 -0.0053504 -0.0025750 0.2618169 0.0033876 -0.0124447 -0.0003655 0.9999167
0.725798 -0.0073431 -0.0028273 0.3083932 0.0038323 -0.0148443 -0.0018022 0.9998809
0.933147 -0.0111826 -0.0040390 0.4048685 0.0014753 -0.0193040 -0.0013943 0.9998116
1.140497 -0.0166105 -0.0050131 0.5030712 0.0005775 -0.0220617 -0.0021525 0.9997541
1.347979 -0.0214310 -0.0057632 0.6035321 0.0009024 -0.0241260 -0.0003823 0.9997085
1.555212 -0.0272459 -0.0067100 0.7060955 0.0005315 -0.0257312 0.0006112 0.9996685
1.762569 -0.0333736 -0.0077542 0.8110242 0.0030873 -0.0274369 -0.0006991 0.9996185
1.969923 -0.0401319 -0.0094568 0.9175350 0.0037102 -0.0288615 -0.0033276 0.9995710
2.177281 -0.0469685 -0.0109737 1.0260509 0.0022312 -0.0302777 -0.0030181 0.9995345
2.488250 -0.0573250 -0.0131889 1.1906402 0.0029581 -0.0322297 -0.0021306 0.9994739
2.695832 -0.0649663 -0.0143060 1.3027097 0.0005569 -0.0324760 -0.0025981 0.9994690
2.903084 -0.0724474 -0.0152760 1.4155433 -0.0027031 -0.0312853 -0.0023060 0.9995042
3.110441 -0.0794634 -0.0163466 1.5295547 -0.0019811 -0.0298321 -0.0024033 0.9995500
3.317669 -0.0866543 -0.0171301 1.6443658 0.0020552 -0.0287055 -0.0028883 0.9995816
3.524925 -0.0933225 -0.0183352 1.7610613 -0.0009052 -0.0284320 -0.0012204 0.9995946
3.732256 -0.0994215 -0.0195235 1.8779627 -0.0024604 -0.0292842 0.0044523 0.9995582
3.939488 -0.1067018 -0.0204097 1.9960859 0.0014192 -0.0306582 0.0052115 0.9995154
4.146888 -0.1144841 -0.0216273 2.1156650 0.0011631 -0.0321917 0.0046307 0.9994703
4.354202 -0.1227951 -0.0235944 2.2357762 -0.0010112 -0.0334205 0.0030301 0.9994363
4.561559 -0.1313108 -0.0245697 2.3554957 -0.0037438 -0.0338212 0.0024908 0.9994178
4.768912 -0.1404571 -0.0252518 2.4750197 -0.0045812 -0.0340840 -0.0005236 0.9994084
4.976146 -0.1489726 -0.0254478 2.5940862 -0.0024034 -0.0340272 -0.0017089 0.9994165
5.183503 -0.1573262 -0.0262077 2.7133625 -0.0030782 -0.0351878 -0.0004305 0.9993759
5.494473 -0.1706000 -0.0277423 2.8891673 0.0002849 -0.0362787 -0.0021473 0.9993393
5.701829 -0.1795347 -0.0294470 3.0056694 -0.0009663 -0.0366066 -0.0018178 0.9993277
5.909185 -0.1883450 -0.0306321 3.1213090 -0.0028629 -0.0367282 -0.0000449 0.9993212
6.116541 -0.1969528 -0.0319196 3.2356093 -0.0016607 -0.0369319 0.0025800 0.9993131
6.323895 -0.2050713 -0.0325458 3.3499854 -0.0043619 -0.0381319 0.0051018 0.9992502
6.634992 -0.2187323 -0.0330628 3.5205369 -0.0058797 -0.0394869 0.0041514 0.9991941
6.945963 -0.2331227 -0.0346306 3.6848829 0.0000379 -0.0410737 -0.0001458 0.9991561
7.153323 -0.2424073 -0.0364938 3.7916818 -0.0017937 -0.0422635 -0.0026656 0.9991013
7.360549 -0.2523267 -0.0375758 3.8949308 -0.0020348 -0.0434657 -0.0041196 0.9990444
7.671396 -0.2659276 -0.0395812 4.0433321 -0.0032453 -0.0455810 -0.0039216 0.9989477
7.982493 -0.2808914 -0.0402982 4.1860723 -0.0072749 -0.0476141 -0.0075194 0.9988110
8.293470 -0.2950305 -0.0408502 4.3168516 0.0016705 -0.0495408 -0.0088809 0.9987312
8.604438 -0.3079081 -0.0436024 4.4387364 -0.0008107 -0.0509113 -0.0106026 0.9986466
9.019162 -0.3219680 -0.0458115 4.5837512 0.0058003 -0.0492954 -0.0044934 0.9987573
9.330247 -0.3309587 -0.0477088 4.6838093 0.0007594 -0.0419726 -0.0042820 0.9991093
9.641587 -0.3360643 -0.0498188 4.7763567 -0.0008387 -0.0250090 -0.0063256 0.9996669
9.953059 -0.3346108 -0.0509459 4.8620472 -0.0019618 0.0083374 -0.0062957 0.9999435
10.264660 -0.3240680 -0.0520407 4.9412618 -0.0038586 0.0582757 -0.0058585 0.9982759
10.576630 -0.3044356 -0.0532141 5.0140409 -0.0033353 0.1269964 -0.0072636 0.9918710
10.888750 -0.2726791 -0.0546919 5.0790772 -0.0006372 0.2137110 -0.0078664 0.9768651
11.304310 -0.2127848 -0.0567402 5.1502571 0.0016106 0.3390093 -0.0058156 0.9407637
11.615530 -0.1577005 -0.0580389 5.1912217 0.0014749 0.4264540 -0.0045789 0.9044964
11.926380 -0.0971050 -0.0598053 5.2226529 0.0023060 0.5023639 -0.0056403 0.8646348
12.133610 -0.0542749 -0.0606881 5.2379899 0.0050721 0.5442872 -0.0038093 0.8388749
12.340600 -0.0088953 -0.0614848 5.2495103 0.0080772 0.5776582 0.0054655 0.8162205
12.547670 0.0373228 -0.0628878 5.2621102 0.0070794 0.6049049 -0.0023095 0.7962629
12.754690 0.0859432 -0.0647875 5.2717938 0.0079317 0.6268360 -0.0054107 0.7790921
12.961670 0.1375613 -0.0656305 5.2778792 0.0161598 0.6438909 -0.0032933 0.7649395
13.168770 0.1921828 -0.0663898 5.2847204 0.0188745 0.6582597 -0.0057809 0.7525321
13.375880 0.2511984 -0.0694799 5.2904310 0.0147033 0.6695308 -0.0040894 0.7426275
13.583110 0.3135006 -0.0716760 5.2942028 0.0154086 0.6787421 -0.0009608 0.7342144
13.790340 0.3810873 -0.0734474 5.2973962 0.0176556 0.6853369 0.0003708 0.7280120
13.997670 0.4537917 -0.0755225 5.3008728 0.0191523 0.6894307 0.0009260 0.7240978
14.204920 0.5301761 -0.0777333 5.3035779 0.0203797 0.6931434 0.0016535 0.7205096
14.412270 0.6114171 -0.0803942 5.3053808 0.0210141 0.6951830 0.0027605 0.7185202
14.619680 0.6969101 -0.0830213 5.3073812 0.0229529 0.6963028 0.0053971 0.7173608
14.930480 0.8346810 -0.0875081 5.3116126 0.0254703 0.6936211 0.0082718 0.7198421
15.241450 0.9810557 -0.0913483 5.3180852 0.0250324 0.6891384 0.0100975 0.7241268
15.552550 1.1350657 -0.0954939 5.3287039 0.0220091 0.6848027 0.0084408 0.7283472
15.863640 1.2920878 -0.1015790 5.3402100 0.0225896 0.6832690 0.0006920 0.7298169
16.174740 1.4520004 -0.1077359 5.3516660 0.0197209 0.6832550 0.0001726 0.7299135
16.485710 1.6112039 -0.1147284 5.3636456 0.0173385 0.6830660 -0.0019392 0.7301482
16.796680 1.7692710 -0.1206923 5.3745918 0.0143888 0.6857764 -0.0048001 0.7276543
17.107900 1.9267421 -0.1271369 5.3829060 0.0107150 0.6926379 -0.0050868 0.7211879
17.419150 2.0824413 -0.1328374 5.3865066 0.0118051 0.7029334 -0.0042281 0.7111451
17.730220 2.2364321 -0.1380066 5.3856235 0.0114037 0.7147369 -0.0037017 0.6992906
17.937460 2.3388064 -0.1416972 5.3810997 0.0118096 0.7220737 -0.0044661 0.6917009
18.248550 2.4881442 -0.1470272 5.3725820 0.0130645 0.7324739 -0.0047151 0.6806535
18.455930 2.5848379 -0.1508042 5.3633981 0.0135560 0.7384571 -0.0038680 0.6741531
18.766880 2.7251401 -0.1558942 5.3473897 0.0145279 0.7438436 0.0004639 0.6681957
19.077720 2.8587050 -0.1602049 5.3328285 0.0149380 0.7456797 0.0019256 0.6661344
19.388680 2.9816301 -0.1644178 5.3194976 0.0167696 0.7426018 0.0014634 0.6695217
19.699410 3.0944114 -0.1688630 5.3110480 0.0165799 0.7314153 0.0001581 0.6817307
20.010020 3.1962471 -0.1736760 5.3110957 0.0177607 0.7095755 -0.0038966 0.7043948
20.320610 3.2946815 -0.1779455 5.3195024 0.0166324 0.6734595 -0.0049295 0.7390205
20.630960 3.3889570 -0.1819628 5.3418341 0.0095966 0.6210598 -0.0041712 0.7836934
20.837960 3.4483922 -0.1838593 5.3649273 0.0075521 0.5767298 -0.0049657 0.8168849
21.045020 3.5012696 -0.1861536 5.3940916 0.0112737 0.5235601 -0.0052765 0.8518978
21.251900 3.5496762 -0.1879345 5.4309621 0.0152257 0.4642650 -0.0083338 0.8855262
21.459000 3.5915339 -0.1895778 5.4743710 0.0165655 0.4021198 -0.0111065 0.9153698
21.666360 3.6286936 -0.1922099 5.5232964 0.0135764 0.3386479 -0.0095687 0.9407666
21.873950 3.6586597 -0.1945783 5.5780239 0.0069453 0.2756719 -0.0077275 0.9611956
22.081440 3.6826954 -0.1958554 5.6368618 0.0007839 0.2182826 -0.0078785 0.9758535
22.289170 3.7012837 -0.1971429 5.6987715 -0.0029945 0.1726411 -0.0120892 0.9849061
22.809640 3.7401953 -0.1982228 5.8643918 -0.0021803 0.1124416 -0.0123101 0.9935797
23.121720 3.7598357 -0.1985388 5.9741058 -0.0008395 0.1031825 -0.0218688 0.9944217
23.433600 3.7840447 -0.2004319 6.0901995 0.0055775 0.1063083 -0.0206580 0.9941030
23.641430 3.8020070 -0.2019550 6.1713767 0.0073501 0.1106083 -0.0231396 0.9935675
23.952650 3.8323894 -0.2045757 6.3015718 0.0002693 0.1178088 -0.0217757 0.9927975
24.160010 3.8551879 -0.2059103 6.3914480 -0.0020780 0.1210575 -0.0184534 0.9924718
24.367270 3.8782873 -0.2070468 6.4834399 0.0034952 0.1210829 -0.0157360 0.9925115
24.574560 3.9006333 -0.2085233 6.5786114 0.0084751 0.1193947 -0.0178530 0.9926502
24.781830 3.9243426 -0.2106329 6.6780510 0.0026151 0.1174439 -0.0158523 0.9929495
24.989130 3.9475224 -0.2126135 6.7811408 -0.0002337 0.1153268 -0.0181551 0.9931616
25.196320 3.9706531 -0.2140725 6.8865056 0.0045955 0.1123089 -0.0206997 0.9934471
25.507250 4.0065031 -0.2174322 7.0504527 0.0046318 0.1066791 -0.0172041 0.9941339
25.818220 4.0430489 -0.2204561 7.2193050 0.0019521 0.1048327 -0.0127046 0.9944068
26.129230 4.0784960 -0.2231717 7.3931379 0.0032361 0.1049373 -0.0184680 0.9943021
26.440340 4.1138854 -0.2267344 7.5710196 0.0017380 0.1086253 -0.0274541 0.9937021
26.854880 4.1682000 -0.2319548 7.8074017 0.0044082 0.1115459 -0.0202352 0.9935434
27.269470 4.2212896 -0.2372780 8.0433760 -0.0025101 0.1140230 -0.0246360 0.9931694
27.684070 4.2760363 -0.2428004 8.2739592 0.0086778 0.1137278 -0.0184201 0.9933032
28.098650 4.3279195 -0.2472221 8.5058384 0.0012766 0.1113093 -0.0205402 0.9935727
28.513230 4.3775826 -0.2526860 8.7341137 0.0057911 0.1064291 -0.0178325 0.9941435
28.927940 4.4213943 -0.2590714 8.9604635 0.0051423 0.1006360 -0.0247494 0.9946021
29.342530 4.4649348 -0.2645974 9.1851807 0.0067788 0.0957077 -0.0194733 0.9951959
29.757120 4.5054035 -0.2693373 9.4112244 -0.0037464 0.0840639 -0.0155760 0.9963316
30.275700 4.5460501 -0.2729079 9.6913214 0.0044709 0.0695603 -0.0180693 0.9974041
30.690400 4.5700564 -0.2775361 9.9215698 0.0074981 0.0524458 -0.0248186 0.9982871
31.105010 4.5862303 -0.2820088 10.1550779 -0.0020321 0.0368762 -0.0278339 0.9989301
31.416200 4.5959420 -0.2836924 10.3299894 0.0007240 0.0293629 -0.0302182 0.9991117
31.830690 4.6040316 -0.2870124 10.5655127 -0.0030847 0.0236024 -0.0356138 0.9990821
32.245260 4.6132646 -0.2882122 10.7975903 0.0026689 0.0127806 -0.0269262 0.9995521
32.556240 4.6133952 -0.2908874 10.9748516 -0.0030145 0.0021573 -0.0257051 0.9996627
32.971200 4.6116261 -0.2927052 11.2113771 0.0034110 -0.0107847 -0.0133534 0.9998469
33.282310 4.6043110 -0.2946462 11.3914738 -0.0050132 -0.0197424 -0.0150503 0.9996793
33.489780 4.5972371 -0.2950819 11.5118284 -0.0072095 -0.0238828 -0.0170138 0.9995440
33.697130 4.5889430 -0.2950425 11.6306648 0.0030959 -0.0262791 -0.0234043 0.9993758
33.904610 4.5815535 -0.2965187 11.7512712 0.0023237 -0.0283584 -0.0199271 0.9993964
34.112090 4.5741963 -0.2972414 11.8723860 -0.0047605 -0.0282625 -0.0207582 0.9993736
34.423340 4.5634933 -0.2993985 12.0518713 0.0056906 -0.0313715 -0.0139145 0.9993947
34.630670 4.5561743 -0.3012534 12.1726999 0.0053877 -0.0329590 -0.0101397 0.9993907
34.837900 4.5467987 -0.3034878 12.2933102 -0.0017281 -0.0342289 -0.0132085 0.9993252
35.045260 4.5381317 -0.3046216 12.4118843 0.0033848 -0.0346088 -0.0128675 0.9993123
35.252510 4.5282364 -0.3065995 12.5306034 0.0021093 -0.0348862 -0.0174839 0.9992361
35.459850 4.5185614 -0.3084289 12.6485357 -0.0008234 -0.0351628 -0.0212598 0.9991551
35.667200 4.5094800 -0.3102603 12.7638664 0.0011369 -0.0357897 -0.0217108 0.9991229
35.874680 4.5001726 -0.3116206 12.8771944 0.0038512 -0.0370025 -0.0233945 0.9990339
36.082080 4.4916945 -0.3129554 12.9894199 -0.0056786 -0.0388935 -0.0220344 0.9989843
36.393220 4.4787426 -0.3137257 13.1490402 -0.0006332 -0.0392716 -0.0191067 0.9990457
36.600490 4.4697599 -0.3156648 13.2483244 0.0040748 -0.0384421 -0.0174946 0.9990994
36.911770 4.4603391 -0.3186615 13.3896132 0.0045471 -0.0323939 -0.0157297 0.9993411
37.326430 4.4507065 -0.3218939 13.5747843 0.0027736 -0.0198944 -0.0204567 0.9995889
37.741030 4.4465742 -0.3256751 13.7557726 0.0066235 -0.0059956 -0.0201110 0.9997578
38.052310 4.4472408 -0.3290895 13.8904791 0.0025175 0.0019485 -0.0140684 0.9998960
38.362940 4.4473653 -0.3308254 14.0262871 -0.0004793 0.0019101 -0.0159563 0.9998707
38.673810 4.4451728 -0.3330967 14.1626768 0.0053227 0.0014946 -0.0233658 0.9997117
38.984720 4.4448891 -0.3352594 14.3006334 0.0090532 -0.0034773 -0.0205343 0.9997421
39.192020 4.4425607 -0.3370120 14.3959856 -0.0043366 -0.0074383 -0.0215350 0.9997310
39.399320 4.4410815 -0.3373656 14.4913979 -0.0079383 -0.0109428 -0.0175866 0.9997540
39.710390 4.4363346 -0.3372641 14.6345015 0.0018091 -0.0153096 -0.0147555 0.9997723
39.917810 4.4342523 -0.3379019 14.7323332 -0.0027434 -0.0165213 -0.0073698 0.9998326
40.228960 4.4302888 -0.3393763 14.8767271 -0.0005155 -0.0184468 -0.0015258 0.9998286
40.540000 4.4246736 -0.3403749 15.0223980 -0.0037524 -0.0195372 0.0042488 0.9997931
40.747350 4.4210043 -0.3410138 15.1174717 -0.0039783 -0.0202344 0.0054859 0.9997723
41.058450 4.4156137 -0.3431403 15.2567310 0.0069919 -0.0202476 0.0068000 0.9997474
41.473270 4.4077072 -0.3473036 15.4381218 -0.0032316 -0.0205426 0.0073099 0.9997571
41.991400 4.3976116 -0.3488148 15.6368752 -0.0030806 -0.0342111 0.0146423 0.9993026
42.405330 4.3788261 -0.3507371 15.7746210 -0.0022549 -0.0742669 0.0165236 0.9970990
42.819320 4.3436060 -0.3524372 15.9007607 0.0002574 -0.1435236 0.0144561 0.9895413
43.129650 4.3028321 -0.3535599 15.9824772 0.0047413 -0.2135275 0.0040985 0.9769170
43.440050 4.2484298 -0.3557387 16.0537071 0.0074053 -0.2934593 -0.0149372 0.9558262
43.750710 4.1845655 -0.3556911 16.1142941 -0.0012181 -0.3758597 -0.0269066 0.9262851
43.957960 4.1363750 -0.3537595 16.1471996 -0.0076507 -0.4269705 -0.0356222 0.9035313
44.165420 4.0868750 -0.3520765 16.1738625 -0.0109593 -0.4768499 -0.0382451 0.8780839
44.372740 4.0353518 -0.3495001 16.1957016 -0.0131051 -0.5265967 -0.0327346 0.8493837
44.580030 3.9796512 -0.3458221 16.2131062 -0.0120422 -0.5752835 -0.0261106 0.8174486
44.787490 3.9183831 -0.3427395 16.2241993 -0.0110626 -0.6175137 -0.0262733 0.7860434
44.995090 3.8510516 -0.3395771 16.2312870 -0.0122223 -0.6527469 -0.0259017 0.7570345
45.203360 3.7805972 -0.3363694 16.2339802 -0.0118898 -0.6809967 -0.0250302 0.7317620
45.410680 3.7056541 -0.3322536 16.2337818 -0.0094998 -0.7008498 -0.0241401 0.7128370
45.618560 3.6248755 -0.3291305 16.2291355 -0.0071949 -0.7152708 -0.0248068 0.6983700
46.034570 3.4492660 -0.3220517 16.2171688 -0.0036834 -0.7273346 -0.0251064 0.6858138
46.242420 3.3534141 -0.3184882 16.2104263 -0.0042661 -0.7283134 -0.0251536 0.6847690
46.450210 3.2521129 -0.3144209 16.2045918 -0.0048269 -0.7281523 -0.0250319 0.6849412
46.657810 3.1440911 -0.3103066 16.1975708 -0.0045745 -0.7275710 -0.0219179 0.6856669
46.969180 2.9695289 -0.3035923 16.1871872 -0.0035513 -0.7263052 -0.0211316 0.6870383
47.280390 2.7807789 -0.2975553 16.1774178 -0.0065738 -0.7246833 -0.0188815 0.6887920
47.591510 2.5801170 -0.2901147 16.1669025 -0.0101064 -0.7233926 -0.0202146 0.6900669
47.902330 2.3757291 -0.2836948 16.1565609 -0.0115433 -0.7231065 -0.0207599 0.6903280
48.213880 2.1719074 -0.2765393 16.1464329 -0.0133259 -0.7251778 -0.0185999 0.6881814
48.627780 1.9018432 -0.2667443 16.1291714 -0.0187661 -0.7290890 -0.0192210 0.6838915
48.938730 1.7017657 -0.2591853 16.1146107 -0.0158879 -0.7315201 -0.0185331 0.6813828
49.249830 1.5023578 -0.2524520 16.0978775 -0.0092903 -0.7324934 -0.0195565 0.6804298
49.457610 1.3699496 -0.2485952 16.0869179 -0.0083078 -0.7316641 -0.0200227 0.6813206
49.768340 1.1743280 -0.2434439 16.0732155 -0.0103499 -0.7296105 -0.0192813 0.6835127
49.975760 1.0443313 -0.2394665 16.0649395 -0.0147970 -0.7282786 -0.0161684 0.6849306
50.286730 0.8535653 -0.2330217 16.0553989 -0.0151058 -0.7270098 -0.0142672 0.6863126
50.597700 0.6634380 -0.2274532 16.0425739 -0.0179730 -0.7274709 -0.0186199 0.6856503
51.012410 0.4153285 -0.2190335 16.0238628 -0.0134070 -0.7320607 -0.0163845 0.6809103
51.323380 0.2316221 -0.2143808 16.0066776 -0.0113874 -0.7367958 -0.0194486 0.6757396
51.634350 0.0504967 -0.2083909 15.9870567 -0.0089390 -0.7405798 -0.0247539 0.6714528
51.945450 -0.1248047 -0.2022489 15.9671831 -0.0037124 -0.7420225 -0.0285398 0.6697568
52.256550 -0.2909006 -0.1973917 15.9479094 -0.0009345 -0.7419492 -0.0317139 0.6697050
52.567650 -0.4472805 -0.1921870 15.9310293 -0.0000945 -0.7403757 -0.0339778 0.6713340
52.878630 -0.5935071 -0.1873877 15.9168777 0.0015252 -0.7374266 -0.0340485 0.6745669
53.293220 -0.7731206 -0.1817034 15.9012594 0.0003960 -0.7329553 -0.0330218 0.6794748
53.604330 -0.8948843 -0.1783548 15.8930960 0.0002703 -0.7284395 -0.0328913 0.6843202
54.018910 -1.0387230 -0.1737019 15.8863316 -0.0018799 -0.7222053 -0.0334579 0.6908665
54.744460 -1.2396851 -0.1667644 15.8840275 -0.0037676 -0.7084702 -0.0301036 0.7050884
55.573750 -1.3672917 -0.1638605 15.8869877 -0.0027632 -0.6988776 -0.0250733 0.7147964
58.579590 -1.4570367 -0.1623490 15.8915472 0.0053232 -0.6903324 -0.0158754 0.7232986
59.201790 -1.5545568 -0.1614347 15.9061775 0.0035280 -0.6551093 -0.0192072 0.7552816
59.824230 -1.6742845 -0.1610857 15.9496078 -0.0032361 -0.5781695 -0.0151043 0.8157705
60.343300 -1.7811952 -0.1599537 16.0205021 -0.0063060 -0.4689843 -0.0206361 0.8829429
60.758610 -1.8581777 -0.1582771 16.1087627 0.0014163 -0.3561607 -0.0166912 0.9342746
61.173270 -1.9202528 -0.1587926 16.2314262 0.0001849 -0.2340419 -0.0120268 0.9721521
61.483950 -1.9540300 -0.1595950 16.3432407 0.0034148 -0.1534265 -0.0088855 0.9881142
61.691060 -1.9707892 -0.1604286 16.4288158 0.0045510 -0.1084950 -0.0084944 0.9940503
61.897900 -1.9837649 -0.1609251 16.5215034 0.0040067 -0.0733571 -0.0079774 0.9972658
62.104790 -1.9917107 -0.1625879 16.6210518 0.0035519 -0.0494939 -0.0052190 0.9987545
62.311500 -1.9983730 -0.1639789 16.7265472 0.0031685 -0.0349223 -0.0038841 0.9993774
62.518230 -2.0041051 -0.1656209 16.8366585 0.0039869 -0.0260022 -0.0038486 0.9996465
62.725220 -2.0085945 -0.1670464 16.9523544 0.0049983 -0.0207739 -0.0030213 0.9997671
63.035810 -2.0156178 -0.1705402 17.1369514 0.0030865 -0.0178289 -0.0031685 0.9998313
63.346530 -2.0229602 -0.1717328 17.3342037 0.0025366 -0.0186815 -0.0021420 0.9998200
63.657500 -2.0318050 -0.1756086 17.5372906 0.0090074 -0.0205360 -0.0036697 0.9997418
63.968620 -2.0424390 -0.1786250 17.7546844 0.0009240 -0.0201966 -0.0046262 0.9997849
64.279620 -2.0518801 -0.1813548 17.9794464 0.0028298 -0.0211654 -0.0002260 0.9997720
64.590710 -2.0626059 -0.1853873 18.2126389 0.0091756 -0.0229777 0.0007218 0.9996936
64.901640 -2.0744474 -0.1907305 18.4571552 0.0014596 -0.0234221 -0.0017876 0.9997230
65.212830 -2.0849118 -0.1925804 18.7075481 0.0027721 -0.0235421 0.0002165 0.9997190
65.419850 -2.0930562 -0.1940335 18.8782444 0.0056287 -0.0241829 0.0013266 0.9996908
65.627110 -2.1024749 -0.1969902 19.0502949 0.0040817 -0.0251460 0.0020460 0.9996734
65.834430 -2.1120954 -0.2001319 19.2245846 0.0032789 -0.0271305 0.0029100 0.9996223
66.041660 -2.1216080 -0.2037559 19.3995438 0.0082857 -0.0291731 0.0034242 0.9995342
66.352630 -2.1399219 -0.2101464 19.6629658 0.0064489 -0.0311306 0.0014096 0.9994935
66.559860 -2.1518006 -0.2145274 19.8373795 0.0020689 -0.0325361 -0.0004464 0.9994683
66.767240 -2.1643538 -0.2176604 20.0116959 0.0023330 -0.0331014 -0.0017658 0.9994477
66.974570 -2.1754913 -0.2209488 20.1837978 0.0050366 -0.0332295 -0.0015861 0.9994338
67.181930 -2.1873598 -0.2251503 20.3555527 0.0076304 -0.0335115 -0.0008860 0.9994088
67.389280 -2.1993804 -0.2298187 20.5256424 0.0052900 -0.0331106 -0.0024147 0.9994348
67.596630 -2.2121801 -0.2338468 20.6946964 0.0041234 -0.0327047 -0.0040883 0.9994482
67.803900 -2.2246575 -0.2370223 20.8635426 -0.0002595 -0.0320359 -0.0057941 0.9994699
68.011290 -2.2368879 -0.2396082 21.0317917 0.0023914 -0.0316811 -0.0086860 0.9994574
68.322220 -2.2552381 -0.2448603 21.2811432 0.0064692 -0.0309806 -0.0128276 0.9994167
68.529590 -2.2666919 -0.2482572 21.4479809 0.0066535 -0.0308849 -0.0140328 0.9994023
68.736910 -2.2775850 -0.2516303 21.6161518 0.0047059 -0.0310268 -0.0138138 0.9994120
68.944270 -2.2884336 -0.2550963 21.7850113 0.0045436 -0.0310730 -0.0142573 0.9994051
69.151620 -2.2998843 -0.2578762 21.9552155 0.0045215 -0.0301795 -0.0142147 0.9994332
69.462640 -2.3162911 -0.2627326 22.2139301 0.0039077 -0.0292140 -0.0140068 0.9994674
69.669950 -2.3276708 -0.2663895 22.3877163 0.0068790 -0.0289195 -0.0143501 0.9994551
69.980930 -2.3440046 -0.2718115 22.6515198 0.0045784 -0.0288548 -0.0133224 0.9994844
70.188400 -2.3541250 -0.2743937 22.8282490 0.0023666 -0.0286450 -0.0133231 0.9994981
70.395630 -2.3651567 -0.2774886 23.0035572 0.0012292 -0.0283562 -0.0125242 0.9995187
70.602990 -2.3750222 -0.2803680 23.1781044 0.0036594 -0.0287973 -0.0106537 0.9995218
70.810370 -2.3851724 -0.2837905 23.3513317 0.0036324 -0.0292158 -0.0086028 0.9995295
71.017600 -2.3954480 -0.2871557 23.5259972 0.0002325 -0.0295355 -0.0058967 0.9995463
71.224820 -2.4057200 -0.2894177 23.6974010 0.0010739 -0.0300025 -0.0028809 0.9995451
71.432160 -2.4159026 -0.2930236 23.8656101 0.0036828 -0.0303600 -0.0006015 0.9995320
71.639400 -2.4257705 -0.2970927 24.0304775 0.0018341 -0.0311184 0.0011825 0.9995133
71.846650 -2.4357958 -0.2996057 24.1949406 -0.0008559 -0.0321314 0.0028931 0.9994791
72.157490 -2.4522672 -0.3029326 24.4347477 -0.0002207 -0.0337622 0.0055681 0.9994143
72.468450 -2.4696484 -0.3069925 24.6658897 0.0008399 -0.0350865 0.0049598 0.9993716
72.779440 -2.4860101 -0.3113678 24.8901730 0.0004431 -0.0359060 0.0024982 0.9993520
73.194190 -2.5057333 -0.3174215 25.1728172 0.0014159 -0.0343591 0.0020314 0.9994065
73.505110 -2.5181432 -0.3219948 25.3676758 -0.0001679 -0.0318289 0.0039706 0.9994854
73.816140 -2.5281949 -0.3244583 25.5495033 -0.0026102 -0.0293453 0.0048684 0.9995540
74.230880 -2.5403523 -0.3288181 25.7619877 0.0029186 -0.0266164 0.0048410 0.9996297
74.645260 -2.5503848 -0.3332210 25.9472103 -0.0012134 -0.0270355 0.0048294 0.9996220
75.266650 -2.5726938 -0.3377023 26.1751842 0.0044822 -0.0594290 0.0018971 0.9982207
75.680410 -2.6050920 -0.3403807 26.3095226 0.0002374 -0.1151664 -0.0002374 0.9933462
76.094110 -2.6593099 -0.3412541 26.4296474 -0.0041445 -0.2017275 -0.0053347 0.9794184
76.404460 -2.7120838 -0.3409501 26.5091515 -0.0091392 -0.2771916 -0.0097335 0.9607219
76.714820 -2.7846556 -0.3389149 26.5847893 -0.0158016 -0.3602672 -0.0135284 0.9326172
77.025530 -2.8757248 -0.3353931 26.6534843 -0.0233593 -0.4460782 -0.0077699 0.8946553
77.336250 -2.9862423 -0.3288586 26.7058887 -0.0226590 -0.5334131 -0.0002407 0.8455513
77.647090 -3.1117015 -0.3255969 26.7376442 -0.0231777 -0.6179145 0.0080894 0.7858620
77.958590 -3.2516022 -0.3222342 26.7432537 -0.0237524 -0.6863673 -0.0043803 0.7268539
78.166570 -3.3518560 -0.3183738 26.7354717 -0.0194867 -0.7174141 -0.0115386 0.6962788
78.479010 -3.5104959 -0.3116716 26.7167110 -0.0215511 -0.7402045 -0.0192017 0.6717619
78.687370 -3.6180453 -0.3074573 26.7021866 -0.0130980 -0.7453430 -0.0160597 0.6663591
78.895610 -3.7300420 -0.3027531 26.6891346 -0.0083667 -0.7462900 -0.0089751 0.6655078
79.103610 -3.8477345 -0.3003007 26.6762981 -0.0134412 -0.7454069 -0.0101383 0.6663972
79.311380 -3.9692273 -0.2973886 26.6622562 -0.0125629 -0.7448448 -0.0122207 0.6670075
79.518970 -4.0945086 -0.2939144 26.6474171 -0.0086806 -0.7431931 -0.0142975 0.6688679
79.726400 -4.2261815 -0.2903482 26.6342773 -0.0061616 -0.7401987 -0.0160670 0.6721679
79.933870 -4.3628702 -0.2873270 26.6209106 -0.0067804 -0.7370980 -0.0205003 0.6754408
80.141270 -4.5060196 -0.2828624 26.6082726 -0.0062387 -0.7348720 -0.0210745 0.6778496
80.452210 -4.7318420 -0.2747514 26.5919495 -0.0085381 -0.7315664 -0.0206654 0.6814035
80.659450 -4.8890533 -0.2688628 26.5810356 -0.0129343 -0.7293622 -0.0236067 0.6835980
80.970420 -5.1280169 -0.2590415 26.5656376 -0.0100802 -0.7268022 -0.0236100 0.6863670
81.281390 -5.3723898 -0.2499181 26.5513515 -0.0097542 -0.7263960 -0.0217419 0.6868632
81.488620 -5.5379510 -0.2445590 26.5419350 -0.0112137 -0.7271832 -0.0218998 0.6860023
81.695850 -5.7035327 -0.2380619 26.5309029 -0.0100623 -0.7280003 -0.0238110 0.6850893
81.903080 -5.8667097 -0.2315641 26.5202389 -0.0095967 -0.7286443 -0.0246737 0.6843805
82.214070 -6.1080160 -0.2230101 26.5026588 -0.0080500 -0.7307390 -0.0233274 0.6822107
82.421410 -6.2679749 -0.2170638 26.4894753 -0.0099557 -0.7332988 -0.0261415 0.6793308
82.628780 -6.4269161 -0.2112675 26.4737167 -0.0077258 -0.7355198 -0.0288478 0.6768447
82.836140 -6.5841846 -0.2050144 26.4589882 -0.0047490 -0.7373994 -0.0272845 0.6748890
83.043500 -6.7425432 -0.1991359 26.4435329 -0.0052734 -0.7381105 -0.0265252 0.6741376
83.250970 -6.9006853 -0.1942262 26.4292469 -0.0065575 -0.7381643 -0.0280954 0.6740038
83.458190 -7.0580034 -0.1883661 26.4144230 -0.0036896 -0.7366809 -0.0267594 0.6757008
83.665550 -7.2151728 -0.1832385 26.4002380 -0.0033180 -0.7340227 -0.0290157 0.6784967
83.872920 -7.3714709 -0.1782415 26.3882847 -0.0035751 -0.7305723 -0.0309031 0.6821263
84.183750 -7.6038961 -0.1693671 26.3749943 -0.0043051 -0.7253586 -0.0300072 0.6877034
84.494760 -7.8330712 -0.1620429 26.3634529 -0.0020400 -0.7200713 -0.0291480 0.6932846
84.805710 -8.0637159 -0.1544206 26.3566608 -0.0030768 -0.7149234 -0.0305304 0.6985291
85.116700 -8.2901306 -0.1461120 26.3541050 -0.0063519 -0.7112973 -0.0297023 0.7022347
85.427750 -8.5044374 -0.1384410 26.3534832 -0.0078283 -0.7098463 -0.0253919 0.7038552
85.842510 -8.7636366 -0.1309326 26.3510990 -0.0097214 -0.7109345 -0.0209931 0.7028776
86.153190 -8.9376469 -0.1260237 26.3475246 -0.0136517 -0.7154320 -0.0207875 0.6982396
86.567780 -9.1483307 -0.1202559 26.3357277 -0.0131167 -0.7248200 -0.0183085 0.6885701
86.982510 -9.3546848 -0.1138647 26.3188972 -0.0108210 -0.7345855 -0.0171639 0.6782126
87.293640 -9.5067425 -0.1096541 26.3033180 -0.0081685 -0.7407940 -0.0140126 0.6715364
87.604560 -9.6621017 -0.1066964 26.2843609 -0.0063821 -0.7457704 -0.0143601 0.6660177
87.915650 -9.8231030 -0.1032384 26.2628460 -0.0034790 -0.7495578 -0.0150305 0.6617591
88.226620 -9.9888401 -0.0999911 26.2409115 -0.0021198 -0.7510273 -0.0147424 0.6601031
88.537780 -10.1644621 -0.0956324 26.2160282 -0.0042906 -0.7506702 -0.0204474 0.6603467
88.848890 -10.3513441 -0.0882648 26.1910381 -0.0104687 -0.7484634 -0.0321992 0.6623113
89.159790 -10.5450392 -0.0787664 26.1669369 0.0021490 -0.7449363 -0.0242837 0.6666901
89.470880 -10.7559338 -0.0706040 26.1456966 -0.0099733 -0.7403664 -0.0357602 0.6711776
89.885590 -11.0486965 -0.0575695 26.1198044 0.0045864 -0.7358387 -0.0266978 0.6766149
90.196710 -11.2836914 -0.0495982 26.1006660 0.0073282 -0.7292423 -0.0323179 0.6834526
90.611400 -11.6134434 -0.0420327 26.0850582 0.0031961 -0.7193393 -0.0241090 0.6942331
90.922380 -11.8709126 -0.0340534 26.0779934 -0.0009700 -0.7137415 -0.0243567 0.6999850
91.336840 -12.2217913 -0.0252754 26.0732517 -0.0029724 -0.7132729 -0.0220206 0.7005341
91.544070 -12.3985100 -0.0200446 26.0682640 -0.0049924 -0.7148241 -0.0251444 0.6988342
91.855040 -12.6598673 -0.0136180 26.0601196 -0.0026516 -0.7185370 -0.0168647 0.6952792
92.062270 -12.8332233 -0.0107091 26.0543098 -0.0072691 -0.7211332 -0.0156501 0.6925815
92.269500 -13.0066233 -0.0065528 26.0459881 -0.0090806 -0.7229698 -0.0189146 0.6905611
92.476860 -13.1774616 -0.0017020 26.0353699 -0.0035267 -0.7246149 -0.0192117 0.6888772
92.684080 -13.3490334 0.0016053 26.0254211 -0.0023212 -0.7261674 -0.0180765 0.6872764
92.891470 -13.5196810 0.0056560 26.0159149 -0.0068161 -0.7277452 -0.0186845 0.6855592
93.098570 -13.6908579 0.0109121 26.0053692 -0.0114593 -0.7299328 -0.0217878 0.6830754
93.305780 -13.8566980 0.0154540 25.9920063 -0.0070062 -0.7323533 -0.0199288 0.6805971
93.409390 -13.9401188 0.0181199 25.9851170 -0.0043995 -0.7333717 -0.0182948 0.6795675
93.616750 -14.1078806 0.0218717 25.9721775 -0.0081183 -0.7345518 -0.0190298 0.6782371
93.720480 -14.1919489 0.0241411 25.9652081 -0.0103066 -0.7350621 -0.0202257 0.6776196
93.927850 -14.3577023 0.0294041 25.9510136 -0.0127479 -0.7357099 -0.0206251 0.6768627
94.135100 -14.5204735 0.0348631 25.9366684 -0.0116125 -0.7356124 -0.0221609 0.6769405
94.238820 -14.6016006 0.0376998 25.9297218 -0.0097738 -0.7354101 -0.0225778 0.6771755
94.446200 -14.7638664 0.0425166 25.9146500 -0.0071858 -0.7343208 -0.0215123 0.6784236
94.653650 -14.9236355 0.0473678 25.9025383 -0.0066213 -0.7334949 -0.0195007 0.6793829
94.861030 -15.0826416 0.0518398 25.8898888 -0.0114055 -0.7325935 -0.0225088 0.6801985
95.068250 -15.2385530 0.0573032 25.8789062 -0.0125298 -0.7318598 -0.0231700 0.6809459
95.275590 -15.3899040 0.0619738 25.8681030 -0.0112018 -0.7311739 -0.0215141 0.6817598
95.482850 -15.5381355 0.0672827 25.8569756 -0.0117450 -0.7306140 -0.0240624 0.6822655
95.690200 -15.6797667 0.0713627 25.8474140 -0.0135492 -0.7302466 -0.0210670 0.6827243
95.897420 -15.8138056 0.0760605 25.8386269 -0.0111498 -0.7302499 -0.0156845 0.6829090
96.104780 -15.9436445 0.0793993 25.8308887 -0.0191045 -0.7307092 -0.0168962 0.6822123
96.312000 -16.0645142 0.0826120 25.8217430 -0.0184218 -0.7318237 -0.0170757 0.6810310
96.622990 -16.2301083 0.0868950 25.8068466 -0.0101395 -0.7347333 -0.0143238 0.6781290
96.830260 -16.3358841 0.0894361 25.7968960 -0.0111859 -0.7379474 -0.0181782 0.6745206
97.037530 -16.4367237 0.0920746 25.7853432 -0.0125915 -0.7427798 -0.0189158 0.6691501
97.348160 -16.5787716 0.0958057 25.7638435 -0.0135916 -0.7592181 -0.0157042 0.6505048
97.555020 -16.6699181 0.0988445 25.7422466 -0.0137774 -0.7773936 -0.0144500 0.6286975
97.865260 -16.7982235 0.1018028 25.6979542 -0.0155572 -0.8144158 -0.0140021 0.5799041
98.175320 -16.9143562 0.1051834 25.6361847 -0.0182458 -0.8583683 -0.0129760 0.5125452
98.485690 -17.0177917 0.1096223 25.5521355 0.0181389 0.9012840 0.0153185 -0.4325778
98.796150 -17.1024513 0.1143409 25.4456921 0.0179910 0.9401016 0.0162641 -0.3400306
99.003280 -17.1476212 0.1177238 25.3630867 0.0161999 0.9612898 0.0182760 -0.2744550
99.210630 -17.1833725 0.1212965 25.2717075 0.0157521 0.9778825 0.0196995 -0.2076286
99.418370 -17.2117996 0.1247086 25.1722565 0.0205297 0.9894174 0.0208975 -0.1421092
99.625590 -17.2279797 0.1293441 25.0658455 0.0203356 0.9958766 0.0199995 -0.0861176
99.833450 -17.2345619 0.1327865 24.9531269 0.0162702 0.9986929 0.0191028 -0.0445292
100.042000 -17.2366333 0.1375954 24.8341026 0.0148034 0.9994931 0.0208088 -0.0190105
100.249900 -17.2356548 0.1407015 24.7100105 0.0162507 0.9997086 0.0176332 -0.0027702
100.458000 -17.2332573 0.1445975 24.5835228 0.0205929 0.9996755 0.0094440 0.0116513
100.665600 -17.2243595 0.1464194 24.4522171 0.0186274 0.9994589 0.0079803 0.0259077
100.873400 -17.2140446 0.1480559 24.3146420 0.0187486 0.9991376 0.0079998 0.0361724
101.081000 -17.2005959 0.1492103 24.1723766 0.0160136 0.9989998 0.0078640 0.0410020
101.288400 -17.1862698 0.1505744 24.0250320 0.0149517 0.9988472 0.0080885 0.0448924
101.495800 -17.1708851 0.1520273 23.8739014 0.0148244 0.9985817 0.0105297 0.0500392
101.703300 -17.1519356 0.1538453 23.7167397 0.0122598 0.9983380 0.0117184 0.0550782
101.910600 -17.1308365 0.1559751 23.5551281 0.0103014 0.9982209 0.0088760 0.0580533
102.118100 -17.1100502 0.1581534 23.3889961 0.0085500 0.9982494 0.0056305 0.0582520
102.325600 -17.0906601 0.1584391 23.2195244 0.0084909 0.9983218 0.0078362 0.0567464
102.532900 -17.0703468 0.1606188 23.0454960 0.0056862 0.9984663 0.0082573 0.0544469
102.740300 -17.0501728 0.1625222 22.8702431 0.0035177 0.9986200 0.0093487 0.0515595
102.947600 -17.0316982 0.1647061 22.6928387 0.0033293 0.9986956 0.0133002 0.0491854
103.258700 -17.0049362 0.1697618 22.4259796 0.0016456 0.9987889 0.0178194 0.0458309
103.466500 -16.9877224 0.1736441 22.2476444 0.0007050 0.9989334 0.0150932 0.0436327
103.673300 -16.9725037 0.1771340 22.0697098 0.0015677 0.9990032 0.0154892 0.0418364
103.880500 -16.9572754 0.1811522 21.8920956 0.0021729 0.9990976 0.0138622 0.0400891
104.191300 -16.9340820 0.1859063 21.6226196 -0.0038349 0.9992299 0.0123041 0.0370608
104.502300 -16.9131393 0.1906890 21.3493214 -0.0079281 0.9992900 0.0149972 0.0336410
104.916800 -16.8905354 0.1988704 20.9820595 -0.0018193 0.9994427 0.0140272 0.0302357
105.227800 -16.8727093 0.2046318 20.7063255 -0.0037254 0.9993919 0.0167507 0.0303564
105.435200 -16.8601246 0.2078066 20.5269451 -0.0043281 0.9994262 0.0106269 0.0318668
105.642600 -16.8475971 0.2096931 20.3453293 -0.0037889 0.9994011 0.0105570 0.0327360
105.849900 -16.8348255 0.2109883 20.1651096 -0.0032429 0.9994072 0.0114283 0.0323112
106.057600 -16.8223457 0.2133862 19.9859638 -0.0040587 0.9994985 0.0103478 0.0296504
106.264500 -16.8109035 0.2146720 19.8073559 -0.0036407 0.9995711 0.0114699 0.0266976
106.472000 -16.8010120 0.2168737 19.6299477 -0.0024384 0.9996676 0.0080566 0.0243673
106.679300 -16.7922020 0.2186575 19.4514160 -0.0023575 0.9996398 0.0122034 0.0237851
106.886500 -16.7835960 0.2203314 19.2746811 -0.0010444 0.9996581 0.0105274 0.0239125
107.197500 -16.7692261 0.2235233 19.0109615 0.0048179 0.9995482 0.0094883 0.0281090
107.404900 -16.7571545 0.2246325 18.8342743 0.0044987 0.9994255 0.0083266 0.0325449
107.716000 -16.7358971 0.2262275 18.5655575 0.0015033 0.9992955 0.0118246 0.0355881
107.819600 -16.7286301 0.2277698 18.4745407 0.0009898 0.9992759 0.0136463 0.0355018
108.027100 -16.7161388 0.2296752 18.2949886 0.0053157 0.9992865 0.0067368 0.0367819
108.234600 -16.7022152 0.2303832 18.1126308 0.0057822 0.9992750 0.0078011 0.0368131
108.441900 -16.6873035 0.2326160 17.9283791 0.0042631 0.9992434 0.0129091 0.0364387
108.649300 -16.6743679 0.2354331 17.7443390 0.0059399 0.9993411 0.0107883 0.0341435
108.857100 -16.6616173 0.2378861 17.5583267 0.0071527 0.9994267 0.0107171 0.0313080
108.960400 -16.6559086 0.2395355 17.4651699 0.0091537 0.9994149 0.0136415 0.0300001
109.167800 -16.6434498 0.2432846 17.2781239 0.0088872 0.9994760 0.0141638 0.0277165
109.375000 -16.6313362 0.2463694 17.0897636 0.0089678 0.9994744 0.0128204 0.0283917
109.582100 -16.6209774 0.2504633 16.9032822 0.0083502 0.9993850 0.0127009 0.0316008
109.789400 -16.6061935 0.2534127 16.7117023 0.0073307 0.9992322 0.0161958 0.0349129
109.996800 -16.5928249 0.2532950 16.5249634 0.0078553 0.9992384 0.0121010 0.0362572
110.204300 -16.5764065 0.2556563 16.3364315 0.0069024 0.9992171 0.0094146 0.0378007
110.307900 -16.5680408 0.2566202 16.2405987 0.0066874 0.9991643 0.0118892 0.0385308
110.515400 -16.5506706 0.2590945 16.0508080 0.0025133 0.9990751 0.0140056 0.0405760
110.723200 -16.5330906 0.2610561 15.8618078 0.0047746 0.9990835 0.0040465 0.0423430
110.827000 -16.5248108 0.2609066 15.7667580 0.0067133 0.9990339 -0.0007713 0.0434239
110.930400 -16.5168056 0.2599978 15.6709633 0.0083186 0.9989689 -0.0002127 0.0446301
111.034300 -16.5073776 0.2598042 15.5746717 0.0087460 0.9989255 0.0053226 0.0451991
111.138000 -16.4972019 0.2601000 15.4782648 0.0076363 0.9988858 0.0111624 0.0452148
111.345300 -16.4787903 0.2612730 15.2879534 0.0060849 0.9988687 0.0149824 0.0447192
111.552700 -16.4610062 0.2650684 15.0987368 0.0090660 0.9989867 0.0095180 0.0430428
111.760100 -16.4445648 0.2647409 14.9129610 0.0109195 0.9990922 0.0067972 0.0406134
111.967300 -16.4296379 0.2647484 14.7260408 0.0129222 0.9991140 0.0084104 0.0391601
112.174700 -16.4140644 0.2650697 14.5412788 0.0131980 0.9991537 0.0109264 0.0373941
112.382000 -16.3986053 0.2662484 14.3592110 0.0113018 0.9992543 0.0096001 0.0356507
112.589100 -16.3861790 0.2669260 14.1784420 0.0125233 0.9992555 0.0113393 0.0346858
112.900000 -16.3686867 0.2691912 13.9145870 0.0178804 0.9991381 0.0156092 0.0340546
113.003600 -16.3624058 0.2696541 13.8287868 0.0169711 0.9991694 0.0147253 0.0339946
113.211000 -16.3520298 0.2720884 13.6626749 0.0237943 0.9990625 0.0126223 0.0338927
113.418300 -16.3372841 0.2721440 13.5022373 0.0127608 0.9993607 0.0080116 0.0324218
113.729300 -16.3218689 0.2724134 13.2678728 0.0095964 0.9995548 0.0102762 0.0263173
113.936500 -16.3134117 0.2729307 13.1177721 0.0081136 0.9996296 0.0124607 0.0227930
114.247300 -16.3043861 0.2738202 12.9027319 0.0092287 0.9997161 0.0132525 0.0175174
114.661600 -16.2958927 0.2756259 12.6431389 0.0113252 0.9997591 0.0137211 0.0128506
115.283300 -16.2837563 0.2785918 12.3136673 0.0165600 0.9994785 0.0120868 0.0249484
116.008100 -16.2375526 0.2785005 12.0154648 0.0194269 0.9943226 0.0091036 0.1042223
116.524700 -16.1549397 0.2773818 11.8374338 0.0108836 0.9757459 0.0062806 0.2185452
117.042600 -16.0241985 0.2770222 11.6725397 0.0108073 0.9387366 0.0076107 0.3443820
117.352900 -15.9139147 0.2765051 11.5816765 0.0128385 0.9048862 0.0082748 0.4253794
117.560200 -15.8242960 0.2766545 11.5284557 0.0118915 0.8776559 0.0047851 0.4791198
117.767400 -15.7261724 0.2751979 11.4827919 0.0156855 0.8486577 0.0011909 0.5287085
117.974800 -15.6178436 0.2727884 11.4465666 0.0141697 0.8177833 0.0013011 0.5753503
118.182100 -15.4993181 0.2707379 11.4226580 0.0082676 0.7853830 -0.0011814 0.6189538
118.389600 -15.3739357 0.2689738 11.4074917 0.0032960 0.7563054 -0.0001415 0.6542104
118.597500 -15.2405643 0.2663209 11.3990564 0.0040025 0.7344241 -0.0032912 0.6786711
118.909400 -15.0301132 0.2628083 11.3964033 0.0056986 0.7141673 -0.0107252 0.6998697
119.117300 -14.8827152 0.2589014 11.3961172 0.0022710 0.7084969 -0.0053877 0.7056898
119.325100 -14.7321129 0.2549220 11.3978252 0.0044960 0.7053405 -0.0045025 0.7088401
119.636600 -14.5013504 0.2485201 11.4008589 0.0122335 0.7018998 -0.0098430 0.7121027
119.844100 -14.3399649 0.2434240 11.4036083 0.0081924 0.7003517 -0.0037033 0.7137414
120.155200 -14.0927820 0.2363280 11.4084320 0.0106834 0.6976650 -0.0011116 0.7163436
120.362400 -13.9227734 0.2327013 11.4138327 0.0122183 0.6962402 -0.0010555 0.7177041
120.673400 -13.6615505 0.2248397 11.4245310 0.0114954 0.6946965 -0.0031191 0.7192043
120.880700 -13.4798717 0.2204681 11.4304781 0.0098966 0.6938443 0.0016655 0.7200552
121.191600 -13.2045765 0.2145945 11.4413643 0.0142476 0.6903107 0.0036436 0.7233636
121.502400 -12.9255257 0.2078938 11.4576178 0.0117900 0.6853574 0.0056760 0.7280893
121.813500 -12.6431150 0.2027587 11.4781780 0.0092135 0.6794388 0.0087449 0.7336222
122.124500 -12.3642578 0.1975199 11.5046501 0.0114300 0.6738055 0.0004382 0.7388203
122.435600 -12.0860434 0.1901354 11.5337210 0.0045740 0.6698344 0.0014591 0.7424949
122.850400 -11.7197561 0.1818408 11.5747700 0.0015290 0.6700858 -0.0039400 0.7422717
123.161600 -11.4486723 0.1771052 11.6060123 0.0007251 0.6717672 -0.0110835 0.7406790
123.576200 -11.1027422 0.1651138 11.6410780 -0.0014532 0.6749729 -0.0120934 0.7377420
123.887000 -10.8613586 0.1596132 11.6628313 -0.0049813 0.6783133 -0.0152296 0.7345980
124.509200 -10.4329290 0.1459099 11.6918831 0.0006629 0.6913917 -0.0142045 0.7223401
125.234900 -9.9897623 0.1285096 11.7048359 0.0034823 0.7050607 -0.0149254 0.7089813
126.063800 -9.4917393 0.1162005 11.7118359 0.0038122 0.6945377 -0.0020144 0.7194434
126.788600 -9.0824156 0.1026572 11.7697983 0.0125774 0.6289847 -0.0014080 0.7773147
127.513100 -8.7214041 0.0922645 11.9358778 0.0050673 0.4960493 -0.0021391 0.8682770
127.927500 -8.5544243 0.0864012 12.0840073 0.0134721 0.3976377 -0.0047088 0.9174315
128.342200 -8.4190044 0.0781443 12.2665997 0.0095620 0.2991616 0.0023553 0.9541516
128.860800 -8.3043480 0.0710031 12.5238209 0.0088325 0.1823635 -0.0026595 0.9831879
129.172100 -8.2636480 0.0665892 12.6950626 0.0034935 0.1308887 -0.0118873 0.9913197
129.796000 -8.1981239 0.0590046 13.0377522 0.0022306 0.1009376 -0.0252770 0.9945691
130.108000 -8.1631508 0.0550832 13.2025795 0.0052624 0.1096959 -0.0220815 0.9937059
130.524300 -8.1000843 0.0506205 13.4063282 -0.0007766 0.1599820 -0.0207452 0.9869016
131.044700 -7.9829965 0.0420652 13.6026573 0.0080400 0.2743468 -0.0061581 0.9615775
131.356800 -7.8954582 0.0400219 13.6970453 0.0043222 0.3594809 -0.0122564 0.9330620
131.564700 -7.8257089 0.0370931 13.7455282 0.0039639 0.4147635 -0.0032956 0.9099147
131.772200 -7.7537804 0.0343994 13.7854338 0.0076558 0.4675650 -0.0021907 0.8839228
131.979400 -7.6791730 0.0319229 13.8201513 0.0092724 0.5135760 -0.0029993 0.8579887
132.290000 -7.5575814 0.0299540 13.8626070 0.0055752 0.5695851 -0.0057754 0.8218932
132.497100 -7.4673085 0.0269283 13.8828726 0.0048111 0.6017686 -0.0013187 0.7986550
132.704200 -7.3716974 0.0247921 13.8994513 0.0076315 0.6272551 0.0000345 0.7787765
132.911000 -7.2694707 0.0225070 13.9155149 0.0106830 0.6436760 -0.0023975 0.7652198
133.117900 -7.1601810 0.0196878 13.9306459 0.0126103 0.6556244 -0.0060448 0.7549577
133.325000 -7.0425301 0.0162088 13.9427071 0.0147310 0.6668011 -0.0067879 0.7450592
133.532000 -6.9163713 0.0122094 13.9524279 0.0163825 0.6738009 -0.0034646 0.7387232
133.842500 -6.7145185 0.0056577 13.9704666 0.0138899 0.6755432 0.0000478 0.7371895
134.049700 -6.5705242 0.0018181 13.9836912 0.0130809 0.6768798 -0.0002418 0.7359773
134.360800 -6.3392525 -0.0042993 14.0022812 0.0143823 0.6791864 -0.0022962 0.7338213
134.671600 -6.0901585 -0.0112579 14.0208702 0.0145760 0.6817228 -0.0042664 0.7314529
134.982600 -5.8280749 -0.0200104 14.0384245 0.0135465 0.6841355 -0.0027976 0.7292237
135.293600 -5.5546722 -0.0282278 14.0543423 0.0137733 0.6871049 -0.0017182 0.7264256
135.604400 -5.2723360 -0.0365634 14.0697203 0.0156024 0.6891080 -0.0004442 0.7244906
135.915400 -4.9822712 -0.0459292 14.0825768 0.0170082 0.6907107 -0.0044653 0.7229173
136.226500 -4.6830482 -0.0570171 14.0955238 0.0166313 0.6919194 -0.0040589 0.7217717
136.537400 -4.3784165 -0.0688825 14.1088257 0.0168599 0.6895351 0.0008822 0.7240554
136.744900 -4.1749649 -0.0761750 14.1199684 0.0178029 0.6871341 0.0010775 0.7263116
136.952000 -3.9724030 -0.0844618 14.1333714 0.0187729 0.6849359 -0.0010244 0.7283608
137.159500 -3.7716365 -0.0936576 14.1471367 0.0182332 0.6837507 -0.0023114 0.7294841
137.366900 -3.5700841 -0.1025067 14.1614580 0.0156195 0.6827821 -0.0018349 0.7304528
137.678000 -3.2675834 -0.1132608 14.1841583 0.0132568 0.6808908 0.0026886 0.7322600
137.885300 -3.0717173 -0.1202744 14.2006445 0.0189718 0.6800798 -0.0048305 0.7328767
138.196300 -2.7754400 -0.1320079 14.2231092 0.0147968 0.6801823 0.0017693 0.7328915
138.507100 -2.4862912 -0.1424422 14.2449017 0.0186752 0.6802313 0.0015722 0.7327579
138.921600 -2.1038384 -0.1581463 14.2757034 0.0165453 0.6785908 0.0027346 0.7343251
139.439900 -1.6350133 -0.1742568 14.3158655 0.0179597 0.6764012 0.0032232 0.7363073
139.854600 -1.2747465 -0.1881071 14.3491488 0.0165318 0.6746122 0.0029861 0.7379811
140.165400 -1.0232954 -0.1974453 14.3757219 0.0140222 0.6737056 -0.0009139 0.7388662
140.476300 -0.7785866 -0.2064822 14.4006424 0.0126563 0.6741930 -0.0043784 0.7384338
140.787500 -0.5383066 -0.2148545 14.4234781 0.0102593 0.6751438 -0.0041368 0.7376031
141.098300 -0.3041348 -0.2236796 14.4439993 0.0112608 0.6773506 -0.0029764 0.7355681
141.720100 0.1054652 -0.2406765 14.4743509 0.0104341 0.6853025 -0.0043985 0.7281705
142.238400 0.3873642 -0.2510731 14.4836168 0.0102132 0.6992158 -0.0035660 0.7148288
142.756900 0.6210250 -0.2603919 14.4789267 0.0094909 0.7163847 -0.0020129 0.6976380
143.171700 0.7711986 -0.2658499 14.4646502 0.0157712 0.7323411 0.0038419 0.6807445
143.793700 0.9269040 -0.2696001 14.4402323 0.0131825 0.7582769 0.0047934 0.6517817
144.208200 1.0014443 -0.2728572 14.4189100 0.0183026 0.7759864 0.0066600 0.6304488
144.726700 1.0926936 -0.2750840 14.3882256 0.0187454 0.7996558 0.0044753 0.6001493
145.245300 1.2025404 -0.2782063 14.3391562 0.0216005 0.8342381 -0.0013605 0.5509796
145.764300 1.3480625 -0.2831782 14.2379885 0.0208865 0.8864406 -0.0017635 0.4623675
146.075700 1.4431734 -0.2860086 14.1443081 0.0170222 0.9192505 -0.0037484 0.3932870
146.387000 1.5290174 -0.2875596 14.0207405 0.0208101 0.9493591 -0.0044019 0.3134722
146.698100 1.6045833 -0.2912716 13.8682585 0.0197841 0.9738939 -0.0054026 0.2260755
146.905400 1.6415606 -0.2925392 13.7495279 0.0246079 0.9847708 -0.0035742 0.1720702
147.216000 1.6861126 -0.2948596 13.5460358 0.0242380 0.9943708 0.0011586 0.1031407
147.422800 1.7065109 -0.2958440 13.3919468 0.0246999 0.9971246 0.0039463 0.0715328
147.629700 1.7215356 -0.2948362 13.2275686 0.0256492 0.9983841 0.0037619 0.0505678
147.836500 1.7346554 -0.2940126 13.0496941 0.0244193 0.9991374 0.0043581 0.0333046
148.043400 1.7415693 -0.2930977 12.8611956 0.0262437 0.9994128 0.0062737 0.0211179
148.250200 1.7469552 -0.2913083 12.6622858 0.0286129 0.9994602 0.0072384 0.0144341
148.457200 1.7521245 -0.2887059 12.4536448 0.0290829 0.9994820 0.0076183 0.0114869
148.767800 1.7600617 -0.2848269 12.1237049 0.0306855 0.9994401 0.0077726 0.0108410
148.974900 1.7655454 -0.2820578 11.8917665 0.0316231 0.9994013 0.0067974 0.0122814
149.182200 1.7730076 -0.2796828 11.6503582 0.0332100 0.9993482 0.0050304 0.0132308
149.389300 1.7785972 -0.2780141 11.3996716 0.0358582 0.9992247 0.0039793 0.0157631
149.596500 1.7894242 -0.2776515 11.1462860 0.0355208 0.9991761 0.0036217 0.0192944
149.803700 1.8026928 -0.2774505 10.8843670 0.0335508 0.9991603 0.0037477 0.0232164
150.011100 1.8185211 -0.2784737 10.6165800 0.0322651 0.9991303 0.0036960 0.0261525
150.218300 1.8337226 -0.2790317 10.3433981 0.0326335 0.9990380 0.0045840 0.0289315
150.425700 1.8498688 -0.2792781 10.0679073 0.0338022 0.9989160 0.0052379 0.0315737
150.632900 1.8694289 -0.2794188 9.7868805 0.0330735 0.9988717 0.0049358 0.0337198
150.943700 1.9004203 -0.2799648 9.3628645 0.0318506 0.9988539 0.0052810 0.0353337
151.151100 1.9207705 -0.2807574 9.0765228 0.0325046 0.9988030 0.0051785 0.0361815
151.358300 1.9420592 -0.2814407 8.7895803 0.0325213 0.9987949 0.0060163 0.0362609
151.565600 1.9641166 -0.2810918 8.4989529 0.0311391 0.9988540 0.0065132 0.0357591
151.772900 1.9852247 -0.2812738 8.2027779 0.0296440 0.9989381 0.0059193 0.0347674
151.980300 2.0066149 -0.2821311 7.9069448 0.0291039 0.9990104 0.0060843 0.0330763
152.187500 2.0244706 -0.2809106 7.6058393 0.0295214 0.9990100 0.0092919 0.0319549
152.394700 2.0435894 -0.2776862 7.2997317 0.0301808 0.9990305 0.0102892 0.0303544
152.602100 2.0608637 -0.2742543 6.9911160 0.0305746 0.9990752 0.0086477 0.0289684
152.809400 2.0779929 -0.2723068 6.6803608 0.0328453 0.9990522 0.0077178 0.0275033
152.913100 2.0875413 -0.2721786 6.5249400 0.0341270 0.9990377 0.0071201 0.0266141
153.120400 2.1038437 -0.2712395 6.2107582 0.0349681 0.9990379 0.0053294 0.0259237
153.327600 2.1213176 -0.2712082 5.8927298 0.0334170 0.9991033 0.0071744 0.0249891
153.534900 2.1377747 -0.2704105 5.5708656 0.0323230 0.9991488 0.0072858 0.0245721
153.742200 2.1539512 -0.2693441 5.2479520 0.0327609 0.9991500 0.0046344 0.0245853
153.949500 2.1690786 -0.2696878 4.9221411 0.0337358 0.9990972 0.0056413 0.0251950
154.156700 2.1844645 -0.2689185 4.5995541 0.0343974 0.9990484 0.0068889 0.0259151
154.363800 2.2022634 -0.2695034 4.2728443 0.0348140 0.9990211 0.0063851 0.0265358
154.571000 2.2199929 -0.2682390 3.9470520 0.0352333 0.9989936 0.0058197 0.0271385
154.778100 2.2397013 -0.2693742 3.6206656 0.0344354 0.9990022 0.0066403 0.0276539
154.985400 2.2603047 -0.2686179 3.2952843 0.0338185 0.9990001 0.0072117 0.0283370
155.192500 2.2797747 -0.2685784 2.9704080 0.0337098 0.9989775 0.0075194 0.0291706
155.399700 2.2975659 -0.2677919 2.6484470 0.0341985 0.9989356 0.0065422 0.0302555
