0.000000 -0.6042883 0.0039969 -0.7278876 -0.0037344 -0.0050741 -0.0007262 0.9999799
0.208477 -0.6049224 0.0033759 -0.6774915 -0.0025593 -0.0065084 0.0004726 0.9999754
0.416979 -0.6052744 0.0027205 -0.6269409 -0.0010554 -0.0087748 0.0017810 0.9999593
0.625476 -0.6062936 0.0021327 -0.5759004 0.0003715 -0.0102910 0.0034766 0.9999409
0.729727 -0.6072370 0.0017347 -0.5498946 0.0000658 -0.0109556 0.0034413 0.9999341
0.938359 -0.6086851 0.0006135 -0.4971370 0.0015167 -0.0121005 0.0034128 0.9999198
1.146853 -0.6105877 -0.0004359 -0.4429500 0.0051849 -0.0134111 0.0020453 0.9998946
1.355354 -0.6127112 -0.0008537 -0.3857557 0.0019666 -0.0145901 -0.0001159 0.9998916
1.563854 -0.6148301 -0.0014510 -0.3254177 -0.0066118 -0.0154322 -0.0008212 0.9998587
1.772352 -0.6177612 -0.0020765 -0.2638703 -0.0025851 -0.0162935 -0.0031935 0.9998588
2.085105 -0.6214182 -0.0018464 -0.1648928 -0.0049320 -0.0177189 -0.0014751 0.9998298
2.397855 -0.6252941 -0.0016807 -0.0587486 -0.0095100 -0.0183070 -0.0000488 0.9997872
2.710606 -0.6299862 -0.0009597 0.0553671 -0.0036863 -0.0173334 0.0004355 0.9998429
3.023358 -0.6346396 -0.0018234 0.1758423 0.0025464 -0.0162306 0.0004315 0.9998649
3.335979 -0.6394203 -0.0038841 0.3026158 0.0040821 -0.0163309 -0.0019024 0.9998565
3.648605 -0.6445760 -0.0067046 0.4333600 0.0045163 -0.0164189 -0.0051158 0.9998419
3.961233 -0.6490430 -0.0096374 0.5677996 0.0029135 -0.0170071 -0.0059143 0.9998336
4.273854 -0.6545541 -0.0120084 0.7041517 0.0034532 -0.0171923 -0.0071022 0.9998210
4.586357 -0.6595780 -0.0143990 0.8438323 -0.0001999 -0.0181330 -0.0064241 0.9998149
5.003109 -0.6675968 -0.0169606 1.0341636 -0.0005584 -0.0191741 -0.0066202 0.9997941
5.315611 -0.6738042 -0.0187383 1.1775545 -0.0033600 -0.0203073 -0.0065230 0.9997669
5.732480 -0.6828706 -0.0216774 1.3679552 0.0007132 -0.0206444 -0.0087582 0.9997482
6.045107 -0.6894538 -0.0236053 1.5126505 -0.0022102 -0.0204745 -0.0084041 0.9997526
6.357731 -0.6957348 -0.0258659 1.6562532 0.0002164 -0.0199334 -0.0083927 0.9997661
6.670359 -0.7022693 -0.0292776 1.8013512 0.0037431 -0.0195978 -0.0062259 0.9997815
6.878731 -0.7058467 -0.0310672 1.8978385 -0.0002553 -0.0195625 -0.0046326 0.9997979
7.086981 -0.7095265 -0.0320660 1.9937195 -0.0034156 -0.0193588 -0.0033368 0.9998012
7.295357 -0.7130901 -0.0334383 2.0888779 -0.0005186 -0.0193600 -0.0008161 0.9998121
7.503734 -0.7176409 -0.0354519 2.1844590 0.0035511 -0.0192000 -0.0020655 0.9998072
7.712108 -0.7218039 -0.0374239 2.2807472 0.0021976 -0.0185726 -0.0054141 0.9998105
8.024607 -0.7269810 -0.0401270 2.4245567 0.0003653 -0.0187724 -0.0047932 0.9998122
8.232862 -0.7308572 -0.0416202 2.5215216 -0.0013161 -0.0191228 -0.0035380 0.9998100
8.545359 -0.7368117 -0.0442655 2.6650252 0.0002773 -0.0200472 -0.0028050 0.9997951
8.753612 -0.7407066 -0.0460206 2.7599566 0.0004562 -0.0209165 -0.0039255 0.9997734
8.961860 -0.7453038 -0.0475820 2.8545318 -0.0036634 -0.0214988 -0.0049957 0.9997497
9.170238 -0.7500887 -0.0487868 2.9484565 -0.0029140 -0.0219351 -0.0055202 0.9997399
9.482610 -0.7562034 -0.0504827 3.0873640 -0.0024693 -0.0231922 -0.0046339 0.9997172
9.690863 -0.7606516 -0.0519266 3.1763213 -0.0046437 -0.0237948 -0.0039472 0.9996983
9.899109 -0.7652694 -0.0529464 3.2611194 -0.0051440 -0.0251976 -0.0029891 0.9996648
10.107490 -0.7700113 -0.0541896 3.3424931 -0.0042141 -0.0285693 -0.0027502 0.9995791
10.315740 -0.7755452 -0.0553953 3.4195769 -0.0050734 -0.0316320 -0.0034094 0.9994809
10.524110 -0.7815000 -0.0562693 3.4922526 -0.0062796 -0.0344014 -0.0042058 0.9993795
10.732490 -0.7869256 -0.0569343 3.5605783 -0.0067595 -0.0371141 -0.0061779 0.9992691
11.045010 -0.7953565 -0.0584411 3.6527977 -0.0023910 -0.0410725 -0.0088809 0.9991139
11.357760 -0.8029848 -0.0600539 3.7335212 -0.0007912 -0.0422509 -0.0119674 0.9990351
11.670740 -0.8091807 -0.0614499 3.8049326 -0.0031374 -0.0342681 -0.0154791 0.9992878
11.983860 -0.8113020 -0.0625790 3.8680468 -0.0052928 -0.0169550 -0.0148198 0.9997324
12.297110 -0.8097118 -0.0636156 3.9241934 -0.0012701 0.0102602 -0.0139100 0.9998498
12.610740 -0.8026733 -0.0647937 3.9770868 0.0029224 0.0510209 -0.0102228 0.9986410
12.924370 -0.7906080 -0.0663673 4.0257559 0.0050637 0.1050654 -0.0055673 0.9944369
13.237880 -0.7736763 -0.0682622 4.0706029 0.0061184 0.1706127 -0.0056170 0.9853032
13.551240 -0.7499648 -0.0699632 4.1115375 0.0052986 0.2427310 -0.0043814 0.9700693
13.968740 -0.7096589 -0.0724770 4.1589565 0.0112175 0.3412682 -0.0090012 0.9398559
14.281780 -0.6709781 -0.0743694 4.1893039 0.0124945 0.4175786 -0.0091909 0.9085084
14.490490 -0.6414381 -0.0753567 4.2066817 0.0105796 0.4681178 -0.0076566 0.8835695
14.699110 -0.6092045 -0.0767893 4.2210417 0.0082529 0.5178332 -0.0051039 0.8554265
14.907610 -0.5745705 -0.0781529 4.2328835 0.0071733 0.5651327 -0.0086816 0.8249232
15.116140 -0.5372740 -0.0792827 4.2411327 0.0101840 0.6063461 -0.0108070 0.7950622
15.324240 -0.4963935 -0.0807687 4.2463965 0.0155034 0.6370242 -0.0060149 0.7706644
15.532120 -0.4524338 -0.0824960 4.2509432 0.0156145 0.6595424 -0.0054017 0.7514858
15.739890 -0.4045820 -0.0840726 4.2551308 0.0083265 0.6780072 -0.0069303 0.7349754
15.947760 -0.3532940 -0.0859795 4.2556915 0.0119621 0.6935517 -0.0020419 0.7203047
16.155710 -0.2982480 -0.0876363 4.2556453 0.0162766 0.7050178 -0.0031271 0.7089959
16.467120 -0.2080289 -0.0906304 4.2540731 0.0183977 0.7119723 -0.0015960 0.7019647
16.674850 -0.1431819 -0.0928802 4.2533956 0.0179192 0.7111361 -0.0006594 0.7028257
16.986490 -0.0401053 -0.0965170 4.2533622 0.0171088 0.7098581 -0.0031783 0.7041298
17.298620 0.0708634 -0.1009534 4.2532563 0.0156663 0.7092236 -0.0024166 0.7048054
17.610870 0.1858912 -0.1049720 4.2529702 0.0129470 0.7102356 -0.0015929 0.7038432
17.923370 0.3049111 -0.1087804 4.2520275 0.0115113 0.7117158 0.0005140 0.7023731
18.235760 0.4259869 -0.1127666 4.2512355 0.0150281 0.7127513 -0.0039251 0.7012448
18.548250 0.5500518 -0.1172070 4.2501993 0.0080792 0.7138526 -0.0028460 0.7002436
18.860740 0.6739148 -0.1210680 4.2489004 0.0069152 0.7136500 -0.0041319 0.7004561
19.173270 0.7958961 -0.1253274 4.2473888 0.0127737 0.7126638 -0.0061209 0.7013627
19.485910 0.9174027 -0.1299678 4.2464137 0.0104915 0.7124367 -0.0013070 0.7016567
19.694390 0.9962490 -0.1328795 4.2460589 0.0086990 0.7135432 -0.0037871 0.7005470
20.007130 1.1130217 -0.1371127 4.2443972 0.0078589 0.7158201 -0.0052602 0.6982207
20.319990 1.2273058 -0.1409065 4.2418904 0.0065753 0.7180594 -0.0053870 0.6959299
20.528590 1.3014598 -0.1435821 4.2397032 0.0068625 0.7190475 -0.0059359 0.6949016
20.841310 1.4114226 -0.1475917 4.2361083 0.0066056 0.7203973 -0.0046473 0.6935146
21.153990 1.5164163 -0.1513419 4.2327094 0.0049039 0.7214805 -0.0046407 0.6924018
21.362520 1.5833358 -0.1536643 4.2304225 0.0070958 0.7216157 -0.0063536 0.6922283
21.571010 1.6494938 -0.1563291 4.2283630 0.0070567 0.7217088 -0.0080255 0.6921143
21.779630 1.7143989 -0.1589575 4.2258077 0.0071960 0.7218159 -0.0073148 0.6920091
21.988560 1.7788866 -0.1616636 4.2239556 0.0054035 0.7218801 -0.0093751 0.6919336
22.196780 1.8428146 -0.1641653 4.2214704 0.0052594 0.7222949 -0.0081225 0.6915175
22.509770 1.9375600 -0.1674551 4.2168064 0.0054287 0.7271110 -0.0103892 0.6864198
22.718920 2.0007367 -0.1699216 4.2124977 0.0073456 0.7318763 -0.0115316 0.6813003
22.926910 2.0649009 -0.1726138 4.2075453 0.0052779 0.7357802 -0.0122644 0.6770888
23.135720 2.1298008 -0.1748270 4.2021532 0.0037760 0.7387009 -0.0141186 0.6738749
23.343940 2.1964347 -0.1773914 4.1959524 0.0025464 0.7402341 -0.0107631 0.6722583
23.552380 2.2646127 -0.1796075 4.1898484 0.0013263 0.7412300 -0.0099835 0.6711755
23.760760 2.3335016 -0.1819833 4.1829319 0.0064424 0.7414447 -0.0100010 0.6709085
23.969260 2.4032772 -0.1846872 4.1754313 0.0111658 0.7418260 -0.0092373 0.6704358
24.177660 2.4737535 -0.1874261 4.1686640 0.0083070 0.7418837 -0.0072041 0.6704384
24.386170 2.5442820 -0.1903744 4.1615701 0.0081221 0.7422749 -0.0055287 0.6700234
24.594630 2.6140566 -0.1930638 4.1549850 0.0080193 0.7436132 -0.0068232 0.6685272
24.803130 2.6837699 -0.1954842 4.1473141 0.0086066 0.7449461 -0.0063983 0.6670384
25.012020 2.7544465 -0.1984379 4.1397123 0.0074094 0.7462643 -0.0075746 0.6655654
25.220150 2.8247375 -0.2006866 4.1313157 0.0077466 0.7467464 -0.0088434 0.6650050
25.532890 2.9318891 -0.2043849 4.1198668 0.0061414 0.7479432 -0.0081704 0.6636840
25.741410 3.0047665 -0.2068875 4.1117806 0.0049430 0.7494128 -0.0075782 0.6620412
26.054250 3.1160049 -0.2107312 4.0977464 0.0071725 0.7511737 -0.0090557 0.6600036
26.367040 3.2288511 -0.2153910 4.0829511 0.0118910 0.7515139 -0.0103569 0.6595288
26.679760 3.3449562 -0.2204260 4.0676441 0.0114963 0.7509670 -0.0075784 0.6601962
26.992430 3.4639630 -0.2250124 4.0534401 0.0083529 0.7492815 -0.0042804 0.6621852
27.305190 3.5815661 -0.2295805 4.0397339 0.0121253 0.7475180 -0.0078232 0.6640848
27.617880 3.6996815 -0.2344516 4.0267725 0.0105521 0.7461330 -0.0085029 0.6656590
27.930640 3.8180046 -0.2394489 4.0142403 0.0098222 0.7455590 -0.0078625 0.6663209
28.243410 3.9365816 -0.2445769 4.0009475 0.0115792 0.7447186 -0.0047229 0.6672614
28.764800 4.1306310 -0.2525157 3.9818742 0.0056419 0.7444674 -0.0097271 0.6675640
29.181800 4.2823887 -0.2594404 3.9660509 0.0075034 0.7454384 -0.0128866 0.6664077
29.494560 4.3937082 -0.2647019 3.9543657 0.0102393 0.7460649 -0.0139507 0.6656483
29.807270 4.5026083 -0.2709210 3.9422681 0.0088299 0.7482146 -0.0153858 0.6632196
30.120140 4.6086202 -0.2765140 3.9290562 0.0098641 0.7513395 -0.0176313 0.6596065
30.328670 4.6788206 -0.2804270 3.9197001 0.0106128 0.7531841 -0.0165026 0.6575171
30.537140 4.7477927 -0.2849144 3.9108596 0.0121700 0.7541447 -0.0232635 0.6561832
30.745760 4.8169065 -0.2890182 3.9009023 0.0147726 0.7560185 -0.0213297 0.6540359
31.058390 4.9194303 -0.2957282 3.8860173 0.0113445 0.7583569 -0.0198989 0.6514370
31.266890 4.9867158 -0.2999867 3.8763380 0.0123228 0.7600821 -0.0232361 0.6492946
31.475390 5.0531540 -0.3046739 3.8659093 0.0164695 0.7613890 -0.0252661 0.6475933
31.683900 5.1190701 -0.3094974 3.8553007 0.0163601 0.7630852 -0.0251850 0.6455998
31.892590 5.1844974 -0.3143815 3.8437674 0.0169543 0.7663456 -0.0206787 0.6418718
32.101220 5.2491198 -0.3191489 3.8320158 0.0158132 0.7711424 -0.0211261 0.6361156
32.414310 5.3445802 -0.3261018 3.8115699 0.0164127 0.7825158 -0.0220419 0.6220239
32.622920 5.4073610 -0.3308032 3.7960052 0.0181572 0.7900566 -0.0196305 0.6124505
32.831540 5.4690137 -0.3351417 3.7784414 0.0212034 0.7960019 -0.0161260 0.6047077
33.040040 5.5300727 -0.3397349 3.7604251 0.0228601 0.8003806 -0.0137684 0.5988979
33.248440 5.5905170 -0.3432930 3.7417250 0.0246309 0.8025954 -0.0078125 0.5959639
33.456640 5.6497545 -0.3474512 3.7231612 0.0264984 0.8031392 -0.0024397 0.5951968
33.665120 5.7076106 -0.3509744 3.7058802 0.0298390 0.8027887 -0.0050946 0.5954947
33.873500 5.7650423 -0.3543277 3.6886182 0.0304276 0.8020859 -0.0031847 0.5964246
34.081820 5.8216743 -0.3578810 3.6718469 0.0307713 0.8011187 -0.0011347 0.5977129
34.289910 5.8770409 -0.3612808 3.6560411 0.0329179 0.7991492 -0.0016284 0.6002285
34.498170 5.9318361 -0.3648204 3.6409330 0.0330578 0.7957692 0.0008814 0.6046965
34.706380 5.9859872 -0.3677363 3.6265044 0.0327112 0.7929583 0.0021684 0.6083933
34.914790 6.0389900 -0.3706215 3.6125865 0.0333408 0.7904914 0.0051356 0.6115434
35.123490 6.0911927 -0.3735212 3.5991619 0.0323984 0.7881682 0.0064453 0.6145728
35.331690 6.1413856 -0.3761425 3.5872407 0.0333924 0.7855260 0.0038572 0.6179150
35.539930 6.1913400 -0.3787652 3.5758114 0.0350082 0.7816607 0.0023475 0.6227162
35.852390 6.2649574 -0.3829660 3.5617228 0.0327282 0.7716651 0.0026691 0.6351808
36.060640 6.3137660 -0.3857273 3.5539317 0.0324000 0.7621248 0.0030970 0.6466116
36.476890 6.4104147 -0.3914077 3.5458970 0.0289140 0.7341973 -0.0011990 0.6783192
36.685150 6.4581757 -0.3943838 3.5456197 0.0254857 0.7204437 -0.0066113 0.6930135
36.893640 6.5060830 -0.3972387 3.5466571 0.0194153 0.7118614 -0.0113742 0.7019594
37.102920 6.5531998 -0.4000594 3.5473287 0.0123829 0.7133080 -0.0145424 0.7005904
37.311660 6.5995750 -0.4026105 3.5455325 0.0095188 0.7223620 -0.0138684 0.6913105
37.520670 6.6452417 -0.4051130 3.5420172 0.0101540 0.7308293 -0.0116971 0.6823845
37.729650 6.6904082 -0.4072080 3.5381420 0.0072804 0.7412501 -0.0135118 0.6710535
37.938540 6.7345691 -0.4092720 3.5320849 0.0075241 0.7521501 -0.0122386 0.6588353
38.147940 6.7771182 -0.4110747 3.5246964 0.0077952 0.7614314 -0.0099772 0.6481218
38.355860 6.8192368 -0.4129242 3.5168550 0.0066359 0.7699824 -0.0101709 0.6379495
38.564400 6.8597217 -0.4148741 3.5073905 0.0107760 0.7765987 -0.0084607 0.6298466
38.772660 6.8994303 -0.4166263 3.4981561 0.0117322 0.7803428 -0.0079223 0.6251917
39.189420 6.9771929 -0.4201264 3.4802051 0.0119749 0.7825332 -0.0056977 0.6224677
39.502140 7.0345860 -0.4222403 3.4667614 0.0130010 0.7856088 -0.0083355 0.6185309
39.710790 7.0747261 -0.4241768 3.4568694 0.0116179 0.7890841 -0.0081392 0.6141213
40.023700 7.1359868 -0.4267496 3.4400120 0.0140872 0.7943206 -0.0074364 0.6072899
40.336550 7.2010007 -0.4292092 3.4213524 0.0169784 0.7993726 -0.0070210 0.6005547
40.649320 7.2670889 -0.4322526 3.4016814 0.0169298 0.8033566 -0.0050692 0.5952359
40.962050 7.3353710 -0.4351655 3.3802137 0.0167677 0.8056402 0.0003505 0.5921677
41.378780 7.4251528 -0.4385192 3.3527825 0.0181708 0.8056078 0.0000242 0.5921705
41.691270 7.4916496 -0.4412402 3.3333201 0.0181720 0.8035327 -0.0000232 0.5949832
42.107930 7.5762405 -0.4449700 3.3089044 0.0205484 0.7992316 -0.0010956 0.6006708
42.420400 7.6343455 -0.4474519 3.2933288 0.0183720 0.7947606 0.0028277 0.6066383
42.836790 7.7030454 -0.4505333 3.2777598 0.0166890 0.7820619 0.0046361 0.6229600
43.148930 7.7510004 -0.4522819 3.2701108 0.0198685 0.7634125 0.0009270 0.6456050
43.565080 7.8140211 -0.4548641 3.2679567 0.0138415 0.7241478 -0.0020433 0.6895029
43.877060 7.8598018 -0.4568008 3.2720139 0.0057371 0.6911288 -0.0029529 0.7227028
44.085170 7.8898973 -0.4578090 3.2766969 0.0038186 0.6673119 -0.0016249 0.7447668
44.397150 7.9345422 -0.4588822 3.2880805 0.0045109 0.6258302 -0.0036178 0.7799379
44.709450 7.9786825 -0.4602081 3.3060756 0.0050719 0.5752352 -0.0076220 0.8179368
45.021230 8.0233440 -0.4620342 3.3318167 0.0076093 0.5153944 -0.0121784 0.8568327
45.333290 8.0693102 -0.4636092 3.3657680 0.0111564 0.4504983 -0.0099739 0.8926519
45.645680 8.1134109 -0.4657884 3.4126108 0.0063621 0.3839522 -0.0138200 0.9232276
45.853900 8.1425657 -0.4672730 3.4494846 0.0064703 0.3400785 -0.0126031 0.9402903
46.062500 8.1712723 -0.4687107 3.4911547 0.0059902 0.2996652 -0.0116237 0.9539548
46.271110 8.1987276 -0.4700096 3.5388360 0.0042269 0.2650784 -0.0119888 0.9641430
46.479940 8.2256699 -0.4708746 3.5914967 0.0010759 0.2373550 -0.0116124 0.9713529
46.688930 8.2524004 -0.4718732 3.6484256 -0.0008991 0.2169252 -0.0093797 0.9761428
47.002150 8.2911129 -0.4728733 3.7412541 -0.0002343 0.1903848 -0.0039649 0.9817015
47.210900 8.3152237 -0.4739401 3.8081036 0.0001188 0.1732429 -0.0035283 0.9848728
47.524300 8.3494844 -0.4751458 3.9141433 -0.0017182 0.1597195 -0.0071248 0.9871352
47.733280 8.3738155 -0.4761340 3.9877834 -0.0024613 0.1585451 -0.0067186 0.9873258
47.942180 8.3979435 -0.4772040 4.0626812 -0.0011806 0.1586723 -0.0046451 0.9873196
48.150840 8.4238873 -0.4782378 4.1415443 -0.0007663 0.1589008 -0.0042657 0.9872850
48.359390 8.4504032 -0.4793719 4.2225685 -0.0029804 0.1598081 -0.0034954 0.9871374
48.567920 8.4773464 -0.4802548 4.3049107 -0.0033726 0.1605489 -0.0023525 0.9870193
48.776450 8.5050907 -0.4812841 4.3876686 -0.0033057 0.1606955 -0.0006174 0.9869983
49.089180 8.5462399 -0.4819557 4.5116954 -0.0049836 0.1611001 0.0018001 0.9869239
49.407810 8.5885906 -0.4833338 4.6366739 -0.0028216 0.1602847 0.0028936 0.9870626
49.714270 8.6288099 -0.4844954 4.7596283 -0.0031376 0.1584707 0.0028732 0.9873545
50.026950 8.6682854 -0.4861726 4.8832622 -0.0033678 0.1565256 0.0024158 0.9876652
50.339430 8.7074480 -0.4876889 5.0074263 -0.0044329 0.1543223 0.0034476 0.9880046
50.652030 8.7456322 -0.4892494 5.1297235 -0.0047422 0.1515523 0.0050360 0.9884250
50.964550 8.7822819 -0.4900911 5.2494793 -0.0048337 0.1485190 0.0057500 0.9888811
51.277040 8.8163662 -0.4906534 5.3649654 -0.0069251 0.1450624 0.0062753 0.9893784
51.589660 8.8478765 -0.4917586 5.4741011 -0.0025720 0.1413096 0.0041479 0.9899534
51.902300 8.8759480 -0.4933407 5.5756845 -0.0062695 0.1360616 0.0054175 0.9906657
52.215240 8.9000254 -0.4947391 5.6674242 -0.0069953 0.1299939 0.0040285 0.9914820
52.527830 8.9209995 -0.4957091 5.7497878 -0.0045841 0.1274428 0.0015343 0.9918342
52.840660 8.9393110 -0.4967267 5.8224282 -0.0013107 0.1256161 0.0010501 0.9920775
53.257570 8.9606895 -0.4983607 5.9095726 -0.0019598 0.1206742 0.0012104 0.9926895
53.465960 8.9701385 -0.4991559 5.9517245 -0.0018924 0.1119383 0.0036061 0.9937068
53.674060 8.9773369 -0.4998500 5.9930582 -0.0010127 0.0956995 0.0041080 0.9954013
53.985990 8.9826813 -0.5006115 6.0528679 -0.0017420 0.0564433 0.0024860 0.9984012
54.297670 8.9807653 -0.5015263 6.1110249 -0.0050080 0.0020945 0.0003836 0.9999852
54.609440 8.9706602 -0.5021785 6.1658659 -0.0070793 -0.0637123 -0.0075758 0.9979144
54.921310 8.9533844 -0.5024402 6.2181573 -0.0130810 -0.1392976 -0.0097298 0.9901164
55.233280 8.9279509 -0.5021520 6.2658205 -0.0186017 -0.2210913 -0.0122587 0.9749987
55.441330 8.9070015 -0.5011947 6.2942286 -0.0192528 -0.2782103 -0.0148333 0.9602126
55.649410 8.8827238 -0.4999902 6.3196473 -0.0207082 -0.3344513 -0.0144369 0.9420749
55.857760 8.8559494 -0.4986517 6.3424029 -0.0243887 -0.3898799 -0.0125779 0.9204568
56.066000 8.8266783 -0.4974319 6.3610935 -0.0278037 -0.4431000 -0.0120293 0.8959602
56.274310 8.7948551 -0.4958652 6.3755369 -0.0266783 -0.4930097 -0.0150486 0.8694845
56.482840 8.7619715 -0.4945515 6.3866844 -0.0237825 -0.5407915 -0.0171360 0.8406458
56.691300 8.7273960 -0.4928277 6.3949900 -0.0209905 -0.5826209 -0.0175831 0.8122827
56.795690 8.7096004 -0.4922049 6.3981066 -0.0194000 -0.6005763 -0.0184419 0.7991193
56.900200 8.6917000 -0.4915006 6.4007297 -0.0179644 -0.6163782 -0.0190167 0.7870156
57.004560 8.6736183 -0.4906707 6.4032507 -0.0183402 -0.6299336 -0.0171567 0.7762429
57.213710 8.6352081 -0.4885755 6.4084759 -0.0232542 -0.6511229 -0.0128799 0.7585067
57.422830 8.5937195 -0.4868241 6.4111738 -0.0219137 -0.6671103 -0.0175527 0.7444297
57.631790 8.5491276 -0.4853414 6.4134541 -0.0218382 -0.6775550 -0.0189407 0.7349038
57.840730 8.5014868 -0.4830016 6.4161301 -0.0211413 -0.6896883 -0.0122991 0.7236931
58.153820 8.4215479 -0.4796609 6.4157462 -0.0225911 -0.7071920 -0.0123247 0.7065530
58.362580 8.3625860 -0.4773505 6.4125562 -0.0205485 -0.7161365 -0.0167847 0.6974558
58.676060 8.2673922 -0.4728297 6.4076710 -0.0194017 -0.7219101 -0.0186209 0.6914642
58.989420 8.1633387 -0.4682662 6.4014421 -0.0142729 -0.7224236 -0.0232275 0.6909131
59.198420 8.0891829 -0.4648927 6.3984895 -0.0107471 -0.7174357 -0.0265199 0.6960368
59.512300 7.9716563 -0.4596564 6.3974729 -0.0083496 -0.7074667 -0.0290499 0.7061000
59.824920 7.8483028 -0.4543013 6.3987975 -0.0057472 -0.6963281 -0.0316761 0.7170012
60.137820 7.7189837 -0.4487105 6.4050159 -0.0063424 -0.6851380 -0.0345126 0.7275676
60.346310 7.6318865 -0.4453757 6.4115901 -0.0072397 -0.6789082 -0.0357963 0.7333143
60.554790 7.5455718 -0.4418921 6.4190722 -0.0080374 -0.6739367 -0.0354950 0.7378922
60.867330 7.4154711 -0.4361153 6.4316812 -0.0084648 -0.6709523 -0.0339258 0.7406757
61.075690 7.3290315 -0.4322692 6.4395180 -0.0074280 -0.6700185 -0.0337762 0.7415384
61.388180 7.1981926 -0.4273097 6.4524097 -0.0069783 -0.6690861 -0.0346296 0.7423449
61.596570 7.1108880 -0.4239585 6.4610052 -0.0065713 -0.6691315 -0.0352326 0.7422793
61.805110 7.0230422 -0.4206189 6.4697094 -0.0062208 -0.6695486 -0.0338576 0.7419701
62.117440 6.8926635 -0.4155196 6.4815693 -0.0065900 -0.6703303 -0.0361411 0.7411529
62.325700 6.8056774 -0.4120092 6.4894934 -0.0070159 -0.6705744 -0.0371006 0.7408808
62.534220 6.7189622 -0.4081625 6.4976182 -0.0060641 -0.6706674 -0.0369889 0.7408106
62.742660 6.6332736 -0.4044659 6.5061536 -0.0063066 -0.6697882 -0.0375932 0.7415731
63.055520 6.5065551 -0.3994076 6.5186968 -0.0058796 -0.6679686 -0.0374176 0.7432249
63.263940 6.4233818 -0.3958540 6.5273337 -0.0052226 -0.6675169 -0.0367103 0.7436708
63.472300 6.3405895 -0.3926845 6.5356450 -0.0050639 -0.6669608 -0.0372810 0.7441424
63.785050 6.2163196 -0.3880036 6.5494156 -0.0060527 -0.6662764 -0.0375483 0.7447343
64.097830 6.0938129 -0.3829927 6.5626206 -0.0049114 -0.6659082 -0.0355190 0.7451715
64.306310 6.0116382 -0.3795204 6.5712457 -0.0038950 -0.6653665 -0.0354209 0.7456658
64.619620 5.8872252 -0.3750329 6.5864825 -0.0048795 -0.6645908 -0.0354839 0.7463486
64.931710 5.7624011 -0.3696357 6.6008964 -0.0087470 -0.6631261 -0.0341351 0.7476777
65.244430 5.6365495 -0.3646632 6.6157250 -0.0057243 -0.6625975 -0.0320876 0.7482660
65.557260 5.5078597 -0.3600167 6.6306448 -0.0053763 -0.6634870 -0.0328675 0.7474462
65.973960 5.3345528 -0.3533740 6.6486855 -0.0066209 -0.6696124 -0.0321532 0.7419849
66.286540 5.2026768 -0.3481729 6.6597137 -0.0064293 -0.6751919 -0.0341431 0.7368234
66.599380 5.0698886 -0.3431225 6.6692867 -0.0025982 -0.6771392 -0.0317966 0.7351630
66.911930 4.9353838 -0.3388167 6.6797376 -0.0064451 -0.6780483 -0.0297255 0.7343877
67.120480 4.8453641 -0.3353038 6.6865840 -0.0093342 -0.6786059 -0.0314230 0.7337707
67.433190 4.7127295 -0.3294087 6.6959991 -0.0093609 -0.6791226 -0.0330133 0.7332224
67.641720 4.6246600 -0.3262898 6.7023840 -0.0086698 -0.6795370 -0.0329946 0.7328476
67.850040 4.5370116 -0.3230029 6.7082944 -0.0072374 -0.6798975 -0.0327902 0.7325379
68.058600 4.4498758 -0.3196383 6.7141123 -0.0067823 -0.6801641 -0.0324614 0.7323094
68.266970 4.3621359 -0.3164625 6.7198191 -0.0064158 -0.6801634 -0.0327704 0.7322995
68.579550 4.2314677 -0.3117006 6.7291183 -0.0057943 -0.6799751 -0.0327319 0.7324813
68.787950 4.1439681 -0.3084382 6.7349195 -0.0061746 -0.6799291 -0.0336236 0.7324805
69.100450 4.0137296 -0.3039143 6.7439213 -0.0055308 -0.6797181 -0.0338077 0.7326730
69.308840 3.9265339 -0.3006607 6.7500057 -0.0072239 -0.6797819 -0.0349537 0.7325454
69.621360 3.7957335 -0.2949128 6.7584577 -0.0058219 -0.6801998 -0.0353479 0.7321509
69.933920 3.6660047 -0.2901232 6.7668319 -0.0030048 -0.6807025 -0.0368547 0.7316262
70.246450 3.5370498 -0.2853469 6.7750058 0.0017626 -0.6788057 -0.0380030 0.7333317
70.663330 3.3655348 -0.2793661 6.7890835 -0.0025669 -0.6755326 -0.0390817 0.7362891
70.976260 3.2374792 -0.2743394 6.8003983 -0.0023293 -0.6731930 -0.0397545 0.7383938
71.496920 3.0237286 -0.2678627 6.8193188 -0.0003813 -0.6713410 -0.0369183 0.7402284
71.913580 2.8515425 -0.2609964 6.8345723 -0.0032546 -0.6718339 -0.0352972 0.7398532
72.226050 2.7219601 -0.2557437 6.8466573 -0.0067566 -0.6722862 -0.0382737 0.7392704
72.642980 2.5494893 -0.2494958 6.8623319 -0.0039276 -0.6715184 -0.0323316 0.7402717
73.059560 2.3756762 -0.2429047 6.8781629 -0.0067278 -0.6730472 -0.0338828 0.7387924
73.476280 2.2017517 -0.2361134 6.8924026 -0.0091459 -0.6775433 -0.0316286 0.7347456
73.788870 2.0716567 -0.2310242 6.9013338 -0.0082939 -0.6800956 -0.0312878 0.7324086
74.101330 1.9397333 -0.2256520 6.9098768 -0.0084995 -0.6818863 -0.0331619 0.7306566
74.414060 1.8081408 -0.2202467 6.9183531 -0.0070053 -0.6825196 -0.0333826 0.7300709
74.622500 1.7210853 -0.2168271 6.9239187 -0.0070103 -0.6829339 -0.0327593 0.7297116
74.830870 1.6340950 -0.2138695 6.9294200 -0.0080197 -0.6838505 -0.0334099 0.7288128
75.039180 1.5481746 -0.2106948 6.9344349 -0.0087797 -0.6848940 -0.0322704 0.7278749
75.247560 1.4620330 -0.2074348 6.9389997 -0.0085967 -0.6860244 -0.0321839 0.7268155
75.456060 1.3768008 -0.2044992 6.9431272 -0.0078652 -0.6875913 -0.0298543 0.7254413
75.664210 1.2923657 -0.2016496 6.9471264 -0.0060331 -0.6895378 -0.0264799 0.7237403
75.872440 1.2083160 -0.1991382 6.9508510 -0.0084233 -0.6911001 -0.0271035 0.7222016
76.185000 1.0824037 -0.1949903 6.9549470 -0.0090916 -0.6920905 -0.0288899 0.7211751
76.393300 0.9996713 -0.1920788 6.9579639 -0.0088003 -0.6919765 -0.0300622 0.7212401
76.601900 0.9170001 -0.1889493 6.9604406 -0.0092231 -0.6917812 -0.0322100 0.7213295
76.810120 0.8352013 -0.1858581 6.9631324 -0.0083743 -0.6918980 -0.0320266 0.7212360
77.018320 0.7546736 -0.1824928 6.9657326 -0.0079637 -0.6930035 -0.0331346 0.7201284
77.226680 0.6761216 -0.1794511 6.9680853 -0.0082069 -0.6942664 -0.0341036 0.7188628
77.539210 0.5603580 -0.1748884 6.9706550 -0.0070395 -0.6966234 -0.0340184 0.7165954
77.747630 0.4851653 -0.1723218 6.9720898 -0.0070331 -0.6979367 -0.0339935 0.7153177
77.955810 0.4114294 -0.1695868 6.9732208 -0.0069667 -0.6989368 -0.0342734 0.7143278
78.164320 0.3398682 -0.1668009 6.9741039 -0.0069783 -0.6997332 -0.0354820 0.7134885
78.372790 0.2706630 -0.1641700 6.9752808 -0.0058860 -0.6992252 -0.0362360 0.7139582
78.581420 0.2045219 -0.1617087 6.9764304 -0.0046012 -0.6972796 -0.0358983 0.7158850
78.789980 0.1394615 -0.1595712 6.9781184 -0.0042109 -0.6953506 -0.0354172 0.7177851
78.998610 0.0764894 -0.1571006 6.9807291 -0.0040795 -0.6936508 -0.0344771 0.7194743
79.311290 -0.0166480 -0.1538580 6.9842749 -0.0045872 -0.6911606 -0.0340736 0.7218829
79.521320 -0.0773600 -0.1517569 6.9867735 -0.0055493 -0.6901547 -0.0340940 0.7228370
79.728360 -0.1373354 -0.1495017 6.9899454 -0.0055184 -0.6894734 -0.0336067 0.7235099
79.936810 -0.1940700 -0.1473826 6.9923897 -0.0058479 -0.6883055 -0.0339916 0.7246006
80.145310 -0.2495223 -0.1453871 6.9951277 -0.0073544 -0.6868036 -0.0343996 0.7259914
80.353800 -0.3014446 -0.1435894 6.9979839 -0.0074565 -0.6847381 -0.0342601 0.7279453
80.562510 -0.3518981 -0.1416692 7.0012879 -0.0082465 -0.6821986 -0.0335597 0.7303498
80.770930 -0.3989778 -0.1399577 7.0049915 -0.0095422 -0.6795290 -0.0335527 0.7328190
81.083960 -0.4645186 -0.1372998 7.0109758 -0.0099953 -0.6730987 -0.0332675 0.7387363
81.292550 -0.5053171 -0.1361983 7.0159173 -0.0100857 -0.6666523 -0.0317094 0.7446257
81.605650 -0.5631045 -0.1343169 7.0244613 -0.0081176 -0.6534650 -0.0295091 0.7563378
81.918580 -0.6153508 -0.1327822 7.0349512 -0.0083700 -0.6371192 -0.0264683 0.7702652
82.231550 -0.6626602 -0.1316996 7.0472865 -0.0096407 -0.6152504 -0.0253948 0.7878636
82.544740 -0.7042177 -0.1310645 7.0625987 -0.0088210 -0.5878047 -0.0187573 0.8087373
83.275720 -0.7898755 -0.1297791 7.1092219 -0.0134861 -0.4971085 -0.0178267 0.8674004
83.588800 -0.8221214 -0.1292707 7.1350694 -0.0063457 -0.4457450 -0.0146628 0.8950174
83.901950 -0.8528981 -0.1283227 7.1677275 -0.0007759 -0.3889385 -0.0121296 0.9211835
84.215120 -0.8811948 -0.1283941 7.2072983 -0.0032567 -0.3271484 -0.0100271 0.9449142
84.527960 -0.9068806 -0.1286178 7.2543683 -0.0019614 -0.2633429 -0.0084266 0.9646635
84.840760 -0.9301397 -0.1289970 7.3095450 0.0031631 -0.2012464 -0.0109209 0.9794747
85.051210 -0.9436585 -0.1292065 7.3519993 0.0036274 -0.1592056 -0.0134677 0.9871469
85.257700 -0.9538007 -0.1304578 7.3987637 0.0027941 -0.1167340 -0.0140104 0.9930605
85.570070 -0.9640581 -0.1312903 7.4763155 0.0077984 -0.0621424 -0.0132869 0.9979484
85.778090 -0.9671577 -0.1327731 7.5321350 0.0082362 -0.0358455 -0.0109340 0.9992636
85.985830 -0.9688486 -0.1344093 7.5915184 0.0085651 -0.0204891 -0.0070832 0.9997283
86.297530 -0.9703578 -0.1364478 7.6862345 0.0074035 -0.0072197 -0.0033629 0.9999409
86.505090 -0.9706858 -0.1382980 7.7530651 0.0075103 -0.0054249 -0.0005809 0.9999569
86.712810 -0.9715641 -0.1400657 7.8215928 0.0066842 -0.0071974 -0.0000351 0.9999518
87.024550 -0.9741827 -0.1427732 7.9299636 0.0082167 -0.0119015 0.0018111 0.9998938
87.336860 -0.9780689 -0.1461262 8.0405035 0.0078914 -0.0150121 0.0005819 0.9998560
87.544840 -0.9809369 -0.1486476 8.1147861 0.0037476 -0.0158200 -0.0006299 0.9998676
87.857180 -0.9852427 -0.1511458 8.2263012 0.0060364 -0.0172333 -0.0037711 0.9998261
88.169700 -0.9897273 -0.1540898 8.3397999 0.0041451 -0.0183447 -0.0036695 0.9998164
88.482060 -0.9946402 -0.1565782 8.4529486 0.0028262 -0.0210314 -0.0027473 0.9997711
88.794690 -1.0001659 -0.1588966 8.5654602 0.0004906 -0.0239878 -0.0027439 0.9997084
89.107430 -1.0065458 -0.1607936 8.6771240 0.0004930 -0.0266784 -0.0025947 0.9996406
89.419930 -1.0129125 -0.1633819 8.7864685 0.0040419 -0.0284303 -0.0024027 0.9995847
89.732690 -1.0193045 -0.1659184 8.8925123 0.0003926 -0.0278799 -0.0033271 0.9996057
90.253860 -1.0286367 -0.1695494 9.0530243 0.0020869 -0.0296864 -0.0047226 0.9995459
90.566320 -1.0345664 -0.1713271 9.1389904 0.0004350 -0.0336471 -0.0048297 0.9994220
90.983300 -1.0424759 -0.1724627 9.2406654 0.0023187 -0.0396384 -0.0049309 0.9991992
91.296000 -1.0475309 -0.1749534 9.3072119 0.0019059 -0.0376237 -0.0057691 0.9992735
91.713820 -1.0511229 -0.1770000 9.3882837 0.0029250 -0.0158049 -0.0083224 0.9998362
92.026880 -1.0486699 -0.1788813 9.4471054 0.0050866 0.0145102 -0.0072135 0.9998558
92.340330 -1.0411990 -0.1809644 9.5032921 0.0100607 0.0585632 -0.0084319 0.9981974
92.654030 -1.0267162 -0.1832650 9.5561790 0.0100036 0.1137388 -0.0007368 0.9934601
92.862950 -1.0137880 -0.1849042 9.5891933 0.0093772 0.1532748 0.0063461 0.9881187
93.176360 -0.9907119 -0.1872944 9.6359749 0.0099488 0.2175245 0.0064200 0.9759830
93.594110 -0.9494042 -0.1894246 9.6918030 0.0204328 0.3079998 0.0084753 0.9511292
93.907230 -0.9113507 -0.1916322 9.7315121 0.0176096 0.3790076 -0.0047482 0.9252138
94.115820 -0.8817401 -0.1941424 9.7548084 0.0161809 0.4246139 -0.0056217 0.9052125
94.324500 -0.8479648 -0.1954739 9.7739840 0.0229946 0.4709458 -0.0013703 0.8818613
94.533080 -0.8113849 -0.1972156 9.7928314 0.0200299 0.5172145 -0.0099098 0.8555640
94.741610 -0.7701206 -0.1999285 9.8095026 0.0130472 0.5601085 -0.0125640 0.8282212
94.949970 -0.7257347 -0.2025940 9.8212748 0.0154002 0.5962151 -0.0101443 0.8026130
95.262120 -0.6525327 -0.2054131 9.8351898 0.0187039 0.6364257 -0.0093442 0.7710546
95.469850 -0.5992689 -0.2080233 9.8422241 0.0146562 0.6569036 -0.0073501 0.7537963
95.677890 -0.5424150 -0.2101684 9.8475590 0.0135142 0.6754967 -0.0092871 0.7371807
95.885910 -0.4825137 -0.2125270 9.8494654 0.0181534 0.6903676 -0.0070051 0.7231970
96.093730 -0.4192785 -0.2149443 9.8504810 0.0152775 0.7026435 -0.0049061 0.7113612
96.301480 -0.3526874 -0.2178157 9.8501177 0.0138157 0.7113857 -0.0036527 0.7026565
96.509210 -0.2844089 -0.2198788 9.8473625 0.0190055 0.7151875 -0.0012001 0.6986731
96.820940 -0.1746316 -0.2236492 9.8452644 0.0163477 0.7178851 0.0000010 0.6959696
97.132730 -0.0607067 -0.2275995 9.8415956 0.0159589 0.7188606 0.0023011 0.6949672
97.444500 0.0533372 -0.2312823 9.8387461 0.0164644 0.7158097 0.0039800 0.6980900
97.756480 0.1669512 -0.2350455 9.8371878 0.0163783 0.7123072 0.0045146 0.7016622
98.068570 0.2825523 -0.2390218 9.8370247 0.0175641 0.7092432 0.0018208 0.7047427
98.380720 0.3999200 -0.2429321 9.8382950 0.0121800 0.7073327 0.0005188 0.7067756
98.693070 0.5180800 -0.2471040 9.8395672 0.0119324 0.7061388 -0.0024543 0.7079687
99.005460 0.6358067 -0.2514405 9.8404160 0.0106028 0.7061338 -0.0015936 0.7079973
99.213720 0.7134640 -0.2543784 9.8407230 0.0110513 0.7064688 -0.0010770 0.7076571
99.526340 0.8307116 -0.2585338 9.8414593 0.0083684 0.7076937 -0.0028591 0.7064641
99.734760 0.9084033 -0.2612435 9.8419895 0.0069501 0.7096058 -0.0040854 0.7045528
99.943090 0.9855267 -0.2636741 9.8419590 0.0033436 0.7110368 -0.0034433 0.7031384
100.151300 1.0618911 -0.2661325 9.8412943 0.0011902 0.7119459 -0.0021164 0.7022302
100.359800 1.1372836 -0.2679637 9.8404436 0.0049723 0.7121407 -0.0037362 0.7020093
100.568000 1.2122478 -0.2703505 9.8395538 0.0067208 0.7120528 -0.0045089 0.7020794
100.776300 1.2866271 -0.2729898 9.8387384 0.0058550 0.7127407 -0.0052890 0.7013832
100.985100 1.3608692 -0.2752239 9.8380756 0.0039704 0.7137908 -0.0046552 0.7003322
101.193100 1.4341265 -0.2777278 9.8369236 0.0021706 0.7149284 -0.0043472 0.6991807
101.401500 1.5062819 -0.2798060 9.8357115 0.0037637 0.7152733 -0.0051676 0.6988156
101.714000 1.6143028 -0.2830318 9.8339872 0.0026676 0.7147837 -0.0041363 0.6993283
102.026500 1.7212143 -0.2859131 9.8330059 0.0011932 0.7143363 -0.0039692 0.6997902
102.339000 1.8257409 -0.2886568 9.8314705 0.0021993 0.7146060 -0.0064706 0.6994937
102.547400 1.8952284 -0.2908822 9.8298807 0.0028165 0.7144820 -0.0042510 0.6996352
102.859900 1.9967771 -0.2946718 9.8279648 0.0139692 0.7138913 -0.0116134 0.7000209
103.068200 2.0647564 -0.2979065 9.8272848 0.0092008 0.7131802 -0.0081087 0.7008734
103.380700 2.1645701 -0.3016994 9.8260899 0.0071993 0.7109620 -0.0052357 0.7031741
103.693400 2.2629545 -0.3055224 9.8268061 0.0026943 0.7111114 -0.0097920 0.7030060
104.006000 2.3596814 -0.3091702 9.8263292 0.0013068 0.7127483 -0.0108182 0.7013352
104.214400 2.4229596 -0.3112019 9.8250542 0.0020360 0.7135717 -0.0089254 0.7005224
104.526700 2.5148685 -0.3144558 9.8237724 0.0010320 0.7131389 -0.0096398 0.7009557
104.735000 2.5750709 -0.3164119 9.8235617 0.0019484 0.7125991 -0.0123535 0.7014600
105.047500 2.6646693 -0.3199178 9.8227406 0.0026817 0.7122047 -0.0123741 0.7018576
105.256000 2.7235832 -0.3223618 9.8223953 0.0007129 0.7121248 -0.0121808 0.7019469
105.464400 2.7821639 -0.3243645 9.8213606 0.0022874 0.7132021 -0.0100715 0.7008824
105.672800 2.8402917 -0.3265435 9.8207188 0.0004084 0.7153322 -0.0110453 0.6986971
105.881400 2.8978121 -0.3287094 9.8190317 0.0021271 0.7171771 -0.0102423 0.6968125
106.194200 2.9860346 -0.3320492 9.8154211 0.0037871 0.7232992 -0.0141143 0.6903802
106.507000 3.0775809 -0.3359527 9.8103247 0.0043579 0.7291142 -0.0127289 0.6842598
106.819700 3.1732917 -0.3392858 9.8035898 0.0019619 0.7353486 -0.0126091 0.6775689
107.132400 3.2728679 -0.3425365 9.7940865 0.0042073 0.7407287 -0.0116459 0.6716901
107.340700 3.3421288 -0.3450017 9.7870951 0.0072615 0.7439480 -0.0116783 0.6680960
107.549200 3.4125524 -0.3471156 9.7782650 0.0074724 0.7466706 -0.0086388 0.6650959
107.861600 3.5234604 -0.3506665 9.7647352 0.0077272 0.7487320 -0.0032524 0.6628198
108.071200 3.6002970 -0.3529510 9.7556400 0.0093480 0.7488443 -0.0033069 0.6626718
108.486300 3.7615867 -0.3578129 9.7359352 0.0164371 0.7464923 0.0015251 0.6651893
108.694500 3.8457000 -0.3603157 9.7266226 0.0178148 0.7434990 0.0046895 0.6684833
109.006700 3.9758658 -0.3639118 9.7149429 0.0179567 0.7386272 0.0040444 0.6738628
109.318900 4.1098733 -0.3682496 9.7050543 0.0170159 0.7336400 0.0051774 0.6793055
109.631400 4.2450628 -0.3731753 9.6961212 0.0221202 0.7312409 -0.0010070 0.6817598
109.839600 4.3365731 -0.3771136 9.6901417 0.0198177 0.7304332 0.0034110 0.6826881
110.152000 4.4735522 -0.3820436 9.6817541 0.0180416 0.7295182 0.0078006 0.6836789
110.361100 4.5646787 -0.3851400 9.6761999 0.0196269 0.7288593 0.0061364 0.6843546
110.672600 4.7009907 -0.3900607 9.6685677 0.0194998 0.7277483 0.0061260 0.6855397
110.881000 4.7919188 -0.3935904 9.6638994 0.0204830 0.7264412 0.0033352 0.6869152
111.193300 4.9271946 -0.3988484 9.6583185 0.0175635 0.7239487 0.0052349 0.6896103
111.505700 5.0617123 -0.4033208 9.6535110 0.0163525 0.7215029 0.0042338 0.6922054
111.714100 5.1503930 -0.4064428 9.6508398 0.0116367 0.7202792 0.0025554 0.6935820
112.026400 5.2812953 -0.4113227 9.6472168 0.0107604 0.7204224 -0.0011757 0.6934510
112.234700 5.3683119 -0.4147867 9.6444740 0.0129679 0.7204202 -0.0041168 0.6934044
112.547100 5.4973993 -0.4199085 9.6398783 0.0104238 0.7212156 -0.0020488 0.6926292
112.859700 5.6250467 -0.4242451 9.6352863 0.0076418 0.7238612 -0.0040154 0.6898917
113.068100 5.7096610 -0.4274814 9.6308622 0.0067267 0.7264910 -0.0038112 0.6871325
113.380300 5.8354707 -0.4317465 9.6245718 0.0059500 0.7308269 -0.0068145 0.6825029
113.588800 5.9183130 -0.4347093 9.6187544 0.0069620 0.7346170 -0.0064158 0.6784160
113.901400 6.0440712 -0.4391620 9.6071453 0.0051277 0.7428645 -0.0045669 0.6694065
114.213900 6.1685939 -0.4428078 9.5924301 0.0037097 0.7521667 -0.0037268 0.6589518
114.526500 6.2927780 -0.4461442 9.5742855 0.0058251 0.7615422 -0.0028930 0.6480827
114.943300 6.4581676 -0.4510202 9.5423470 0.0100077 0.7750057 0.0002343 0.6318750
115.255800 6.5823069 -0.4545434 9.5142279 0.0153661 0.7809984 0.0054224 0.6243204
115.672000 6.7474771 -0.4598118 9.4764214 0.0244635 0.7798865 0.0082056 0.6253889
115.879800 6.8307815 -0.4625094 9.4586010 0.0259715 0.7758698 0.0141236 0.6302000
116.191900 6.9551210 -0.4656882 9.4343843 0.0279596 0.7705704 0.0176533 0.6364966
116.400000 7.0375023 -0.4684104 9.4189377 0.0319710 0.7666665 0.0149453 0.6410749
116.608000 7.1208038 -0.4714261 9.4055910 0.0294413 0.7626398 0.0148797 0.6459817
116.816100 7.2026944 -0.4741420 9.3931112 0.0289122 0.7581798 0.0170926 0.6511800
117.024500 7.2844563 -0.4768193 9.3821049 0.0288499 0.7552432 0.0149145 0.6546395
117.232900 7.3639274 -0.4798146 9.3710785 0.0310041 0.7544296 0.0141461 0.6554957
117.441200 7.4423103 -0.4823162 9.3601055 0.0285423 0.7539185 0.0185148 0.6560865
117.649600 7.5165272 -0.4850460 9.3500624 0.0263372 0.7535161 0.0211971 0.6565595
117.962300 7.6248217 -0.4880419 9.3349199 0.0311658 0.7530546 0.0165501 0.6570112
118.170700 7.6971788 -0.4904349 9.3252640 0.0307245 0.7533085 0.0163948 0.6567446
118.379200 7.7692680 -0.4925877 9.3155909 0.0291057 0.7543231 0.0196681 0.6555629
118.692000 7.8769941 -0.4952800 9.2998829 0.0307798 0.7554901 0.0246185 0.6539735
119.005100 7.9802399 -0.4980258 9.2852631 0.0369261 0.7545269 0.0200201 0.6549236
119.212900 8.0492706 -0.5006945 9.2764273 0.0332548 0.7522472 0.0217643 0.6576812
119.525400 8.1525049 -0.5032696 9.2641459 0.0320813 0.7479683 0.0220020 0.6625935
119.837900 8.2536268 -0.5065815 9.2526102 0.0332599 0.7446253 0.0203007 0.6663445
120.150300 8.3516245 -0.5097931 9.2424707 0.0298999 0.7427137 0.0235095 0.6685280
120.567200 8.4763165 -0.5137262 9.2309799 0.0287657 0.7427477 0.0160192 0.6687614
120.775700 8.5356464 -0.5158728 9.2248678 0.0254011 0.7428319 0.0185941 0.6687374
121.296800 8.6636467 -0.5199021 9.2119694 0.0267151 0.7426298 0.0153996 0.6689919
121.713700 8.7481012 -0.5230470 9.2046719 0.0259042 0.7422248 0.0123709 0.6695359
122.130800 8.8255243 -0.5259884 9.1961575 0.0279558 0.7472121 0.0092203 0.6639334
122.757700 8.9248533 -0.5302863 9.1818438 0.0285392 0.7566554 0.0126089 0.6530690
123.382300 9.0050297 -0.5334827 9.1681232 0.0305919 0.7656006 0.0131653 0.6424535
124.008300 9.0807152 -0.5362557 9.1517639 0.0312103 0.7801984 0.0097893 0.6246763
124.425200 9.1334276 -0.5380113 9.1362963 0.0301519 0.7983692 0.0068089 0.6013744
124.842600 9.1877556 -0.5403964 9.1164837 0.0291961 0.8207753 0.0047817 0.5704845
125.155700 9.2317791 -0.5420892 9.0968990 0.0262194 0.8417167 0.0011145 0.5392812
125.468700 9.2783966 -0.5436205 9.0704060 0.0238519 0.8651397 0.0003734 0.5009633
125.781800 9.3264055 -0.5457165 9.0363817 0.0217957 0.8896347 0.0030355 0.4561423
125.990400 9.3574162 -0.5461701 9.0094490 0.0221610 0.9054576 0.0035156 0.4238432
126.198900 9.3875475 -0.5471738 8.9791021 0.0208187 0.9207394 0.0054421 0.3895842
126.408300 9.4172316 -0.5475513 8.9447527 0.0188709 0.9348896 0.0054744 0.3543945
126.616000 9.4449911 -0.5480698 8.9072914 0.0185395 0.9478068 0.0057342 0.3182542
126.824500 9.4706306 -0.5486127 8.8662386 0.0195180 0.9588360 0.0054964 0.2832355
127.032900 9.4948044 -0.5491202 8.8209286 0.0200551 0.9681625 0.0059946 0.2494458
127.345600 9.5274544 -0.5494773 8.7460709 0.0172683 0.9804803 0.0093957 0.1956324
127.658400 9.5529785 -0.5489064 8.6634464 0.0168158 0.9901637 0.0157314 0.1380056
127.867100 9.5646629 -0.5477376 8.6050549 0.0190725 0.9948400 0.0154487 0.0984427
128.179700 9.5735464 -0.5463680 8.5140257 0.0227783 0.9989191 0.0118101 0.0387609
128.387800 9.5737162 -0.5456344 8.4510784 0.0253877 0.9996404 0.0071935 0.0047746
128.596100 9.5701265 -0.5451955 8.3856497 0.0274597 0.9992775 0.0086455 -0.0248111
128.908300 9.5594139 -0.5441906 8.2849579 0.0267615 0.9977338 0.0113957 -0.0606739
129.116400 9.5489273 -0.5430095 8.2168465 0.0251439 0.9963498 0.0142060 -0.0803310
129.428500 9.5270624 -0.5399923 8.1119776 0.0219894 0.9934459 0.0216138 -0.1100666
129.740800 9.4993811 -0.5365351 8.0060062 0.0186717 0.9904414 0.0194600 -0.1352720
130.156900 9.4547396 -0.5322355 7.8606968 0.0191439 0.9874632 0.0156549 -0.1558999
130.469000 9.4167385 -0.5294378 7.7497015 0.0229942 0.9861794 0.0147094 -0.1634167
130.677700 9.3910913 -0.5281593 7.6749601 0.0243825 0.9856555 0.0136893 -0.1664371
130.989400 9.3518295 -0.5257350 7.5621595 0.0278177 0.9857860 0.0131373 -0.1651656
131.302500 9.3142557 -0.5232644 7.4492450 0.0315169 0.9868451 0.0138756 -0.1579583
131.613500 9.2790527 -0.5211025 7.3359041 0.0321144 0.9883494 0.0146554 -0.1480520
131.925800 9.2471743 -0.5189433 7.2242193 0.0330483 0.9896845 0.0148471 -0.1386076
132.238000 9.2181377 -0.5168932 7.1167359 0.0324508 0.9906564 0.0167327 -0.1314038
132.550700 9.1923885 -0.5152047 7.0174861 0.0306446 0.9909624 0.0166236 -0.1295302
132.865500 9.1677227 -0.5127090 6.9261069 0.0304672 0.9908701 0.0163949 -0.1303050
133.178000 9.1442842 -0.5115386 6.8411202 0.0306941 0.9902220 0.0163762 -0.1350926
133.593500 9.1133680 -0.5090426 6.7376456 0.0287687 0.9880344 0.0157773 -0.1507029
134.011100 9.0771427 -0.5074312 6.6402774 0.0285921 0.9817306 0.0165525 -0.1873858
134.429100 9.0322514 -0.5056953 6.5542312 0.0248377 0.9670144 0.0155208 -0.2530321
134.847300 8.9740181 -0.5028896 6.4812160 0.0252372 0.9395808 0.0115979 -0.3411987
135.160700 8.9221735 -0.5009414 6.4364805 0.0219532 0.9098719 0.0154618 -0.4140194
135.473900 8.8651228 -0.4987987 6.4020710 0.0221494 0.8743871 0.0164569 -0.4844437
135.682600 8.8228502 -0.4970050 6.3829165 -0.0188762 -0.8476759 -0.0196319 0.5298150
135.891300 8.7785053 -0.4952880 6.3681617 -0.0175439 -0.8192767 -0.0221435 0.5727021
136.204000 8.7071953 -0.4921826 6.3532896 -0.0159296 -0.7769122 -0.0236188 0.6289641
136.412100 8.6559277 -0.4902841 6.3469710 -0.0184434 -0.7525558 -0.0259483 0.6577586
136.726800 8.5748653 -0.4863251 6.3428245 -0.0166771 -0.7245108 -0.0276996 0.6885046
137.243700 8.4246626 -0.4789305 6.3448372 -0.0107769 -0.6962853 -0.0283412 0.7171244
137.971500 8.1808710 -0.4680929 6.3613768 -0.0098405 -0.6772863 -0.0284129 0.7351049
140.679100 7.0549068 -0.4216728 6.4653497 -0.0058322 -0.6690819 -0.0354674 0.7423190
150.991800 2.4461877 -0.2461932 6.8859882 -0.0098716 -0.6753579 -0.0283928 0.7368772
153.699000 1.1434802 -0.1974016 6.9582677 -0.0116341 -0.6923416 -0.0264923 0.7209895
157.658800 -0.2888002 -0.1451290 7.0322499 -0.0167928 -0.6504164 -0.0239368 0.7590148
158.283500 -0.4379671 -0.1394885 7.0531893 -0.0231043 -0.6598704 -0.0207726 0.7507368
159.534000 -0.6308986 -0.1328803 7.0711646 -0.0177753 -0.6763214 -0.0184595 0.7361608
160.263700 -0.6945964 -0.1314043 7.0752344 -0.0147957 -0.6814743 -0.0148801 0.7315412
160.889200 -0.7453327 -0.1298116 7.0779467 -0.0165363 -0.6859834 -0.0138270 0.7272978
161.618700 -0.8115855 -0.1283643 7.0795040 -0.0085395 -0.6937466 -0.0150873 0.7200105
162.348200 -0.9151446 -0.1258717 7.0802875 -0.0004327 -0.6985915 -0.0158755 0.7153444
162.973500 -1.0431986 -0.1222036 7.0837965 -0.0114636 -0.6962311 -0.0233084 0.7173476
163.494700 -1.1708506 -0.1170590 7.0878286 -0.0160493 -0.6976247 -0.0158655 0.7161078
164.015600 -1.3184212 -0.1115240 7.0903993 -0.0114010 -0.7027689 -0.0078931 0.7112830
164.536900 -1.4849519 -0.1070400 7.0906038 -0.0131402 -0.7044188 -0.0118973 0.7095632
164.849700 -1.5942380 -0.1041581 7.0904903 -0.0101016 -0.7055374 -0.0109901 0.7085155
165.266500 -1.7430718 -0.1012594 7.0896726 -0.0140620 -0.7061968 -0.0155714 0.7077047
165.475000 -1.8207070 -0.0990634 7.0894418 -0.0125172 -0.7056269 -0.0159909 0.7082925
165.787800 -1.9413691 -0.0953614 7.0894723 -0.0119743 -0.7038236 -0.0158758 0.7100964
165.996300 -2.0243092 -0.0931033 7.0899472 -0.0127825 -0.7025325 -0.0164233 0.7113473
166.308900 -2.1495759 -0.0892644 7.0907574 -0.0134107 -0.7013095 -0.0149084 0.7125748
166.621500 -2.2772863 -0.0858916 7.0921431 -0.0142137 -0.7017429 -0.0146879 0.7121370
166.829900 -2.3640387 -0.0838355 7.0926871 -0.0121082 -0.7025980 -0.0158701 0.7113069
167.038400 -2.4511287 -0.0815870 7.0931211 -0.0116249 -0.7030405 -0.0160730 0.7108731
167.246600 -2.5384283 -0.0793664 7.0933690 -0.0124945 -0.7033084 -0.0179556 0.7105482
167.455000 -2.6267455 -0.0766626 7.0941229 -0.0140570 -0.7031218 -0.0175074 0.7107149
167.663200 -2.7152762 -0.0742976 7.0944753 -0.0151276 -0.7030551 -0.0176522 0.7107553
167.871500 -2.8035064 -0.0722072 7.0944476 -0.0130471 -0.7029873 -0.0187499 0.7108355
168.079800 -2.8910649 -0.0698863 7.0944209 -0.0097314 -0.7029524 -0.0190742 0.7109145
168.288000 -2.9800334 -0.0671701 7.0941305 -0.0127638 -0.7028185 -0.0243181 0.7108389
168.496400 -3.0687137 -0.0635883 7.0944862 -0.0139646 -0.7029482 -0.0271686 0.7105848
168.704700 -3.1568661 -0.0606178 7.0947189 -0.0082683 -0.7030381 -0.0232456 0.7107241
168.913000 -3.2448549 -0.0585244 7.0949273 -0.0075932 -0.7024671 -0.0213018 0.7113569
169.121700 -3.3332233 -0.0560408 7.0955806 -0.0100828 -0.7021706 -0.0206787 0.7116370
169.225900 -3.3766518 -0.0547882 7.0960536 -0.0105395 -0.7023079 -0.0199534 0.7115155
169.434000 -3.4634674 -0.0525705 7.0964293 -0.0104877 -0.7026471 -0.0177002 0.7112409
169.538100 -3.5069456 -0.0514712 7.0967216 -0.0102765 -0.7029513 -0.0174578 0.7109495
169.746400 -3.5952587 -0.0491877 7.0972967 -0.0138963 -0.7036507 -0.0183437 0.7101733
169.954800 -3.6834402 -0.0464292 7.0970783 -0.0135914 -0.7039349 -0.0186534 0.7098894
170.059000 -3.7253501 -0.0451428 7.0978770 -0.0108624 -0.7044063 -0.0180004 0.7094856
170.267400 -3.8130028 -0.0431913 7.0974073 -0.0096671 -0.7046869 -0.0182488 0.7092178
170.580000 -3.9446840 -0.0389849 7.0971818 -0.0121538 -0.7051834 -0.0207918 0.7086158
170.788300 -4.0321641 -0.0359926 7.0967755 -0.0089544 -0.7061207 -0.0210133 0.7077230
170.996500 -4.1204686 -0.0338406 7.0962510 -0.0074349 -0.7073614 -0.0224570 0.7064561
171.308900 -4.2526083 -0.0307795 7.0951171 -0.0082783 -0.7107288 -0.0187809 0.7031666
171.517300 -4.3404088 -0.0288648 7.0933781 -0.0058217 -0.7122183 -0.0156571 0.7017592
171.829800 -4.4730816 -0.0265788 7.0894632 -0.0074882 -0.7143176 -0.0187548 0.6995302
172.038000 -4.5622149 -0.0245281 7.0868516 -0.0090912 -0.7158647 -0.0209985 0.6978640
172.247200 -4.6501570 -0.0223663 7.0835795 -0.0071246 -0.7175301 -0.0170173 0.6962831
172.454600 -4.7385297 -0.0206725 7.0802708 -0.0064449 -0.7195145 -0.0155380 0.6942737
172.662800 -4.8271370 -0.0195530 7.0760851 -0.0080460 -0.7213188 -0.0178699 0.6923258
172.871000 -4.9161797 -0.0177020 7.0713696 -0.0075385 -0.7229789 -0.0181629 0.6905901
173.079300 -5.0053077 -0.0159769 7.0658693 -0.0079237 -0.7246382 -0.0172036 0.6888692
173.287500 -5.0967927 -0.0140724 7.0605483 -0.0076573 -0.7264004 -0.0153913 0.6870567
173.599900 -5.2293892 -0.0123075 7.0521288 -0.0091772 -0.7282714 -0.0130888 0.6851023
173.912300 -5.3628478 -0.0098727 7.0430827 -0.0120034 -0.7301670 -0.0140539 0.6830188
174.329000 -5.5414643 -0.0064269 7.0292668 -0.0111174 -0.7318702 -0.0120645 0.6812465
174.641400 -5.6762071 -0.0039016 7.0187950 -0.0128878 -0.7326767 -0.0108373 0.6803685
174.953800 -5.8105669 -0.0017363 7.0081277 -0.0135419 -0.7326764 -0.0093205 0.6803786
175.266300 -5.9448752 0.0003545 6.9969816 -0.0102330 -0.7322894 -0.0104367 0.6808366
175.474500 -6.0350127 0.0016840 6.9895806 -0.0123879 -0.7324690 -0.0120441 0.6805811
175.787300 -6.1702433 0.0043678 6.9794383 -0.0115509 -0.7333793 -0.0127353 0.6796022
176.099300 -6.3046885 0.0067043 6.9671311 -0.0088582 -0.7334278 -0.0136804 0.6795720
176.411600 -6.4406571 0.0091316 6.9564042 -0.0094413 -0.7335876 -0.0142767 0.6793793
176.723900 -6.5769453 0.0116146 6.9450874 -0.0102128 -0.7333014 -0.0129091 0.6797044
177.036200 -6.7132344 0.0137362 6.9340305 -0.0089371 -0.7333257 -0.0131275 0.6796920
177.244500 -6.8033900 0.0151339 6.9268470 -0.0105471 -0.7334800 -0.0126659 0.6795111
177.452500 -6.8940954 0.0166060 6.9199295 -0.0129033 -0.7339743 -0.0108038 0.6789686
177.764900 -7.0283308 0.0188702 6.9080992 -0.0120821 -0.7342579 -0.0098250 0.6786920
177.973600 -7.1179934 0.0202383 6.9002986 -0.0145627 -0.7342437 -0.0126084 0.6786127
178.181400 -7.2072835 0.0222923 6.8927479 -0.0157980 -0.7340719 -0.0109644 0.6787995
178.389700 -7.2945881 0.0233298 6.8848457 -0.0084384 -0.7336136 -0.0062846 0.6794853
178.702100 -7.4258466 0.0251138 6.8733783 -0.0161392 -0.7329102 -0.0113506 0.6800392
178.910400 -7.5128312 0.0267190 6.8663874 -0.0159113 -0.7329952 -0.0126546 0.6799299
179.222700 -7.6405244 0.0281438 6.8565068 -0.0135566 -0.7335944 -0.0022807 0.6794485
179.430800 -7.7262359 0.0295947 6.8502231 -0.0268575 -0.7337745 -0.0100250 0.6787881
179.744400 -7.8499999 0.0330133 6.8389845 -0.0180521 -0.7338012 -0.0089710 0.6790652
179.951300 -7.9312134 0.0341618 6.8316917 -0.0118453 -0.7340531 -0.0048976 0.6789712
180.159600 -8.0124674 0.0353077 6.8248067 -0.0170799 -0.7341205 -0.0120949 0.6786966
180.367800 -8.0925484 0.0372658 6.8178320 -0.0188860 -0.7343864 -0.0154888 0.6782920
180.576000 -8.1706638 0.0391559 6.8110957 -0.0187693 -0.7348599 -0.0135406 0.6778238
180.784300 -8.2478256 0.0408680 6.8039169 -0.0162747 -0.7347409 -0.0099424 0.6780797
180.992700 -8.3242073 0.0422523 6.7975044 -0.0171472 -0.7340231 -0.0101249 0.6788325
181.201300 -8.3997383 0.0436605 6.7914495 -0.0137255 -0.7332078 -0.0091329 0.6798048
181.409200 -8.4742985 0.0448100 6.7848988 -0.0125628 -0.7326157 -0.0099738 0.6804535
181.617500 -8.5473213 0.0456200 6.7788177 -0.0141826 -0.7330177 -0.0112839 0.6799680
181.825600 -8.6209831 0.0464055 6.7725315 -0.0125060 -0.7345386 -0.0111595 0.6783599
182.033900 -8.6937809 0.0479715 6.7660780 -0.0117371 -0.7370211 -0.0120032 0.6756611
182.241800 -8.7658234 0.0495692 6.7588711 -0.0137905 -0.7398196 -0.0130498 0.6725374
182.554000 -8.8706656 0.0511941 6.7468829 -0.0134180 -0.7450814 -0.0089517 0.6667786
182.866400 -8.9748735 0.0530265 6.7333021 -0.0164077 -0.7515904 -0.0102558 0.6593463
183.283100 -9.1106739 0.0557624 6.7111349 -0.0132039 -0.7592745 -0.0092803 0.6505703
183.491500 -9.1778641 0.0568187 6.6991267 -0.0100261 -0.7604693 -0.0143770 0.6491374
183.804500 -9.2769670 0.0582677 6.6821909 -0.0077279 -0.7599394 -0.0196700 0.6496503
184.117400 -9.3741550 0.0602193 6.6662951 -0.0047179 -0.7580062 -0.0234358 0.6518090
184.430300 -9.4660816 0.0624184 6.6519933 0.0006371 -0.7493301 -0.0275164 0.6616244
184.639000 -9.5252275 0.0635103 6.6450310 0.0014547 -0.7405570 -0.0287080 0.6713785
184.847900 -9.5827074 0.0642996 6.6403389 0.0003149 -0.7322605 -0.0281828 0.6804411
185.056200 -9.6382904 0.0656826 6.6365318 0.0008591 -0.7234048 -0.0297011 0.6897844
185.369100 -9.7182150 0.0673673 6.6345978 0.0006763 -0.7079443 -0.0300109 0.7056300
185.786200 -9.8192196 0.0697260 6.6378536 -0.0005576 -0.6864895 -0.0273417 0.7266253
186.203000 -9.9124870 0.0712429 6.6472478 0.0001732 -0.6651145 -0.0234808 0.7463721
186.515700 -9.9772930 0.0718137 6.6565795 -0.0027069 -0.6502792 -0.0228827 0.7593458
186.828000 -10.0381346 0.0726109 6.6670852 -0.0042305 -0.6406021 -0.0207679 0.7675805
187.140300 -10.0947838 0.0733732 6.6775942 -0.0074222 -0.6398412 -0.0188982 0.7682389
187.452300 -10.1478119 0.0743621 6.6856441 -0.0088766 -0.6464697 -0.0178298 0.7626797
187.972000 -10.2255239 0.0754047 6.6923747 -0.0116698 -0.6787561 -0.0161092 0.7340944
188.387800 -10.2790298 0.0766633 6.6893044 -0.0139545 -0.7203754 -0.0163168 0.6932520
188.803700 -10.3263426 0.0775051 6.6779194 -0.0076470 -0.7692887 -0.0157083 0.6386625
189.219900 -10.3698387 0.0786000 6.6604567 -0.0044631 -0.8136057 -0.0180633 0.5811192
189.636500 -10.4091034 0.0795380 6.6372132 0.0027404 -0.8513035 -0.0245887 0.5240899
190.157500 -10.4546394 0.0811410 6.6028271 -0.0053666 0.8876403 0.0287753 -0.4596062
190.574800 -10.4896154 0.0820543 6.5712729 -0.0068639 0.9055290 0.0262589 -0.4234155
191.096200 -10.5327377 0.0839145 6.5284739 -0.0033758 0.9234455 0.0147139 -0.3834326
191.408800 -10.5580158 0.0845644 6.4980750 0.0000544 0.9354200 0.0176710 -0.3530965
191.723100 -10.5823660 0.0852038 6.4637618 0.0039920 0.9489415 0.0188569 -0.3148626
192.034000 -10.6044407 0.0862168 6.4245567 0.0050221 0.9621021 0.0197621 -0.2719260
192.345600 -10.6248398 0.0881318 6.3796592 0.0054256 0.9744920 0.0151620 -0.2238437
192.657900 -10.6432896 0.0894745 6.3264017 0.0073263 0.9843999 0.0159988 -0.1750634
192.970700 -10.6599703 0.0910520 6.2644820 0.0054998 0.9900091 0.0171106 -0.1398531
193.283700 -10.6785488 0.0935751 6.1925669 0.0087132 0.9923125 0.0175992 -0.1221896
193.492200 -10.6905222 0.0952414 6.1390982 0.0133017 0.9940356 0.0151290 -0.1071794
193.804800 -10.7061653 0.0983122 6.0487466 0.0168277 0.9962772 0.0149148 -0.0832228
194.117500 -10.7187443 0.1011246 5.9475389 0.0185357 0.9977695 0.0160952 -0.0620761
194.430500 -10.7293501 0.1042635 5.8357697 0.0182825 0.9985005 0.0146277 -0.0494832
194.743500 -10.7396412 0.1072941 5.7136383 0.0186581 0.9987381 0.0150643 -0.0441269
194.952100 -10.7466316 0.1093522 5.6273742 0.0199481 0.9987878 0.0152725 -0.0423287
195.160600 -10.7542295 0.1118474 5.5363631 0.0224433 0.9987801 0.0167392 -0.0406750
195.369000 -10.7613859 0.1151220 5.4408956 0.0235131 0.9988284 0.0163516 -0.0390091
195.681900 -10.7717619 0.1188274 5.2893033 0.0222441 0.9989840 0.0136289 -0.0367476
195.994400 -10.7826834 0.1232952 5.1282358 0.0225466 0.9989468 0.0199861 -0.0346029
196.202800 -10.7893486 0.1265022 5.0226355 0.0259976 0.9988762 0.0225164 -0.0326116
196.515400 -10.7979975 0.1308656 4.8635359 0.0240711 0.9990849 0.0195216 -0.0294740
196.723700 -10.8038263 0.1332930 4.7580976 0.0214907 0.9991919 0.0204469 -0.0271203
197.036300 -10.8109741 0.1376078 4.5984502 0.0225925 0.9992561 0.0208314 -0.0232998
197.348800 -10.8173599 0.1418348 4.4398112 0.0225561 0.9993104 0.0216159 -0.0200657
197.661500 -10.8222189 0.1460693 4.2813621 0.0197638 0.9994019 0.0219360 -0.0180006
198.078100 -10.8279314 0.1509349 4.0747180 0.0201356 0.9994363 0.0210014 -0.0167518
198.494500 -10.8344269 0.1560912 3.8732390 0.0207046 0.9994577 0.0217223 -0.0135563
199.015000 -10.8378363 0.1620859 3.6256435 0.0183454 0.9995996 0.0192763 -0.0096143
199.431800 -10.8407841 0.1658983 3.4257269 0.0176337 0.9995705 0.0218753 -0.0083246
199.952500 -10.8443708 0.1720116 3.1797495 0.0154440 0.9995922 0.0192148 -0.0144131
200.473300 -10.8529158 0.1769064 2.9395847 0.0197046 0.9992838 0.0236854 -0.0219681
200.889800 -10.8605671 0.1826201 2.7473512 0.0121911 0.9993687 0.0220132 -0.0250788
201.306400 -10.8706627 0.1881086 2.5555389 0.0161036 0.9993160 0.0227452 -0.0243080
201.723300 -10.8786001 0.1953374 2.3644776 0.0137843 0.9992869 0.0241847 -0.0255099
202.139600 -10.8870983 0.2003430 2.1789222 0.0162504 0.9993144 0.0239808 -0.0230558
202.556200 -10.8924084 0.2055765 1.9941010 0.0151184 0.9993953 0.0244805 -0.0195235
202.972900 -10.8962803 0.2102690 1.8119302 0.0125836 0.9994928 0.0241128 -0.0165654
203.285500 -10.8994627 0.2136986 1.6768787 0.0113536 0.9995152 0.0247839 -0.0150404
203.702200 -10.9029007 0.2192151 1.4992547 0.0089931 0.9995415 0.0240269 -0.0160860
204.015000 -10.9064178 0.2231230 1.3675394 0.0067446 0.9994904 0.0243883 -0.0194584
204.327700 -10.9111605 0.2266972 1.2377086 0.0070460 0.9993868 0.0245241 -0.0239795
204.640500 -10.9164934 0.2302262 1.1104034 0.0073072 0.9993050 0.0242771 -0.0273271
205.057100 -10.9253693 0.2346667 0.9424142 0.0077480 0.9992229 0.0244361 -0.0299392
205.265300 -10.9301434 0.2375262 0.8580557 0.0082106 0.9992079 0.0235332 -0.0310216
205.577700 -10.9362736 0.2408589 0.7342390 0.0095886 0.9992034 0.0251240 -0.0294843
205.785700 -10.9395800 0.2433394 0.6517766 0.0105066 0.9993509 0.0247038 -0.0240235
206.097700 -10.9423552 0.2472566 0.5279953 0.0109470 0.9995732 0.0250277 -0.0103528
206.305800 -10.9420748 0.2502113 0.4462031 0.0108652 0.9996094 0.0257488 0.0002014
206.513700 -10.9401455 0.2528862 0.3650063 0.0118692 0.9995649 0.0244132 0.0115350
206.722100 -10.9360237 0.2551583 0.2850711 0.0131437 0.9993598 0.0226955 0.0243326
206.929800 -10.9293547 0.2576824 0.2049638 0.0149778 0.9987653 0.0240217 0.0408223
207.137600 -10.9199991 0.2597225 0.1256776 0.0162396 0.9978120 0.0220603 0.0601734
207.345600 -10.9073601 0.2615502 0.0468216 0.0154892 0.9963770 0.0222859 0.0805995
207.553700 -10.8912449 0.2635695 -0.0321710 0.0156067 0.9944447 0.0222766 0.1016856
207.761600 -10.8720198 0.2651485 -0.1102586 0.0161065 0.9918959 0.0214264 0.1241935
207.969500 -10.8484030 0.2668494 -0.1881344 0.0161129 0.9887790 0.0191456 0.1472748
208.281600 -10.8065090 0.2693744 -0.3042974 0.0154967 0.9829057 0.0194413 0.1824234
208.489700 -10.7730284 0.2703655 -0.3819008 0.0178079 0.9781532 0.0209016 0.2060641
208.802200 -10.7155495 0.2723091 -0.4950495 0.0174851 0.9701541 0.0200833 0.2410226
209.114100 -10.6488571 0.2741899 -0.6057315 0.0163567 0.9620883 0.0172543 0.2716997
209.426600 -10.5739918 0.2747030 -0.7165723 0.0152651 0.9546058 0.0152349 0.2970904
209.739400 -10.4918404 0.2758769 -0.8277855 0.0109113 0.9501876 0.0140065 0.3111724
210.052200 -10.4071789 0.2764028 -0.9387584 0.0111422 0.9482763 0.0119700 0.3170248
210.364800 -10.3223886 0.2764864 -1.0492826 0.0100736 0.9473812 0.0112176 0.3197524
210.574900 -10.2637072 0.2764940 -1.1257691 0.0097369 0.9473143 0.0118798 0.3199369
210.886000 -10.1756697 0.2761241 -1.2399492 0.0074608 0.9487163 0.0113178 0.3158380
211.198700 -10.0902472 0.2761560 -1.3549058 0.0060402 0.9515791 0.0120942 0.3071065
211.719600 -9.9534779 0.2762143 -1.5492165 0.0063786 0.9577366 0.0132313 0.2872715
212.031900 -9.8773069 0.2770071 -1.6685779 0.0121489 0.9600077 0.0147337 0.2793214
212.344200 -9.8022137 0.2774023 -1.7871044 0.0149438 0.9607597 0.0162694 0.2765011
212.656400 -9.7299376 0.2772730 -1.9018960 0.0189434 0.9612631 0.0176253 0.2744152
212.968600 -9.6597443 0.2774931 -2.0147977 0.0225102 0.9614187 0.0181404 0.2735659
213.280800 -9.5908785 0.2782859 -2.1260314 0.0249935 0.9615169 0.0200996 0.2728674
213.593100 -9.5226603 0.2792232 -2.2369242 0.0258838 0.9616310 0.0207893 0.2723301
213.905100 -9.4582930 0.2795884 -2.3382382 0.0265470 0.9605820 0.0223529 0.2758223
214.217100 -9.3985977 0.2806198 -2.4295652 0.0279432 0.9578793 0.0226645 0.2849083
214.633200 -9.3254776 0.2815902 -2.5360405 0.0262231 0.9537933 0.0228810 0.2984412
214.841300 -9.2919979 0.2820594 -2.5820141 0.0249934 0.9519863 0.0212401 0.3043786
215.052500 -9.2607355 0.2825812 -2.6246364 0.0245157 0.9500869 0.0208952 0.3103180
215.257800 -9.2316351 0.2828051 -2.6632998 0.0246715 0.9479266 0.0213536 0.3168132
215.466200 -9.2036753 0.2826445 -2.6979380 0.0253818 0.9449725 0.0214992 0.3254545
215.674000 -9.1762094 0.2824495 -2.7305882 0.0260882 0.9407888 0.0204563 0.3373683
215.882200 -9.1491003 0.2822208 -2.7607269 0.0263050 0.9360797 0.0188098 0.3502985
216.090300 -9.1221771 0.2822006 -2.7887926 0.0273441 0.9305484 0.0182029 0.3646926
216.402400 -9.0837193 0.2814258 -2.8251128 0.0289585 0.9195454 0.0182495 0.3914902
216.610300 -9.0585585 0.2809719 -2.8456180 0.0285998 0.9095903 0.0180756 0.4141265
216.923100 -9.0249338 0.2800712 -2.8682246 0.0235132 0.8925696 0.0137630 0.4500858
217.234800 -8.9952517 0.2790447 -2.8848779 0.0217397 0.8763655 0.0073453 0.4810996
217.547200 -8.9654245 0.2780592 -2.8986835 0.0196008 0.8569068 0.0064334 0.5150583
217.859600 -8.9353294 0.2770256 -2.9085100 0.0143470 0.8338434 0.0048352 0.5517935
218.172000 -8.9047232 0.2762152 -2.9165752 0.0116514 0.8092871 0.0017466 0.5872951
218.380200 -8.8829651 0.2756470 -2.9204392 0.0114955 0.7912991 0.0002260 0.6113212
218.692600 -8.8464527 0.2744956 -2.9250019 0.0140170 0.7623852 -0.0002515 0.6469716
219.004900 -8.8042421 0.2733392 -2.9268074 0.0160565 0.7309802 -0.0025684 0.6822050
219.317300 -8.7558861 0.2717303 -2.9247942 0.0166535 0.6981269 -0.0050694 0.7157624
219.629700 -8.7020216 0.2698852 -2.9180641 0.0137699 0.6664801 -0.0034914 0.7453874
219.838100 -8.6610899 0.2685145 -2.9113076 0.0140406 0.6483465 -0.0012598 0.7612149
220.046600 -8.6172266 0.2673160 -2.9015174 0.0133786 0.6313587 -0.0010016 0.7753749
220.255100 -8.5701408 0.2662766 -2.8889124 0.0134307 0.6125733 -0.0010092 0.7902991
220.463500 -8.5191193 0.2646010 -2.8732681 0.0131521 0.5914665 0.0047866 0.8062080
220.775800 -8.4382734 0.2626280 -2.8420360 0.0152367 0.5569413 0.0133648 0.8303045
220.984200 -8.3828812 0.2612737 -2.8159742 0.0232460 0.5324065 0.0160545 0.8460172
221.296900 -8.2956934 0.2584243 -2.7675486 0.0229007 0.5005192 0.0170241 0.8652551
221.505700 -8.2348948 0.2562115 -2.7294631 0.0202409 0.4845807 0.0165197 0.8743563
221.818800 -8.1406412 0.2530423 -2.6660919 0.0189647 0.4712414 0.0109555 0.8817323
222.027700 -8.0746460 0.2508823 -2.6209607 0.0162029 0.4693151 0.0087522 0.8828387
222.341000 -7.9728918 0.2461784 -2.5513783 0.0176952 0.4707617 0.0065115 0.8820589
222.653900 -7.8661580 0.2417681 -2.4796309 0.0145752 0.4722675 0.0068486 0.8813081
222.966600 -7.7559404 0.2381722 -2.4059231 0.0139047 0.4751351 0.0047124 0.8797904
223.279400 -7.6414132 0.2339554 -2.3311505 0.0135593 0.4792598 0.0009701 0.8775678
223.488000 -7.5619273 0.2312008 -2.2804294 0.0089094 0.4834389 0.0015114 0.8753315
223.800700 -7.4394011 0.2271470 -2.2042742 0.0092360 0.4916755 0.0019306 0.8707274
224.113300 -7.3132091 0.2233238 -2.1309781 0.0087215 0.4995671 0.0058059 0.8662118
224.425500 -7.1852899 0.2189827 -2.0581703 0.0100880 0.5093637 0.0033146 0.8604859
224.737700 -7.0547833 0.2150039 -1.9880108 0.0085598 0.5194578 0.0046984 0.8544403
224.945800 -6.9675827 0.2127383 -1.9426268 0.0060191 0.5250959 0.0045018 0.8510098
225.257700 -6.8375440 0.2094596 -1.8777385 0.0083731 0.5292922 0.0068576 0.8483706
225.465900 -6.7514024 0.2072505 -1.8358774 0.0132565 0.5295339 0.0062481 0.8481622
225.673700 -6.6652026 0.2045935 -1.7929769 0.0106074 0.5301834 0.0071384 0.8477865
225.881700 -6.5789175 0.2022038 -1.7506058 0.0097751 0.5311136 0.0066792 0.8472179
226.089900 -6.4933968 0.1996614 -1.7095289 0.0144241 0.5309116 0.0063959 0.8472803
226.297800 -6.4076052 0.1964934 -1.6677228 0.0169504 0.5315611 0.0065961 0.8468246
226.610000 -6.2786493 0.1912893 -1.6058208 0.0154149 0.5320714 0.0086090 0.8465154
226.818100 -6.1929440 0.1877384 -1.5637733 0.0163526 0.5327599 0.0081116 0.8460696
227.026100 -6.1072755 0.1846682 -1.5228308 0.0168193 0.5330263 0.0083994 0.8458898
227.234600 -6.0217805 0.1814048 -1.4813730 0.0138408 0.5335768 0.0095373 0.8455846
227.442300 -5.9378562 0.1786882 -1.4412208 0.0151315 0.5325118 0.0098710 0.8462297
227.650500 -5.8542151 0.1752567 -1.4007004 0.0166926 0.5308991 0.0094464 0.8472179
227.858600 -5.7717276 0.1720444 -1.3601491 0.0154020 0.5294631 0.0099244 0.8481351
228.170900 -5.6500363 0.1668712 -1.2995473 0.0147079 0.5293819 0.0058277 0.8482361
228.379100 -5.5684938 0.1641983 -1.2592009 0.0063382 0.5337117 0.0048855 0.8456286
228.691700 -5.4475889 0.1598106 -1.2028258 0.0090221 0.5450403 -0.0038070 0.8383527
229.004600 -5.3239660 0.1556222 -1.1504192 0.0037178 0.5585268 -0.0027706 0.8294735
229.316600 -5.1997814 0.1516066 -1.1017410 0.0088548 0.5680479 -0.0025745 0.8229439
229.524700 -5.1163230 0.1488092 -1.0706893 0.0065911 0.5716745 0.0021494 0.8204513
229.837100 -4.9923706 0.1445461 -1.0248446 0.0101359 0.5777311 -0.0042777 0.8161530
230.149200 -4.8661985 0.1403354 -0.9811543 0.0075326 0.5802600 -0.0021614 0.8143936
230.357400 -4.7822895 0.1375084 -0.9516453 0.0033716 0.5811487 -0.0030404 0.8137847
230.669900 -4.6570582 0.1335299 -0.9081370 0.0043801 0.5869256 -0.0117451 0.8095438
230.878200 -4.5726147 0.1301089 -0.8811916 0.0085841 0.5919792 -0.0113919 0.8058270
231.086700 -4.4866657 0.1264802 -0.8551813 0.0072771 0.5982819 -0.0078547 0.8012142
231.295200 -4.4003186 0.1229865 -0.8300266 0.0066136 0.6052220 -0.0068344 0.7959999
231.503300 -4.3136067 0.1198462 -0.8066000 0.0078333 0.6122180 -0.0063917 0.7906244
231.711800 -4.2264152 0.1166837 -0.7850482 0.0078768 0.6179776 -0.0049912 0.7861404
231.920100 -4.1371794 0.1136976 -0.7639305 0.0076682 0.6232806 -0.0033009 0.7819538
232.128200 -4.0479527 0.1105857 -0.7439920 0.0088915 0.6273436 -0.0011011 0.7786911
232.336500 -3.9585545 0.1075757 -0.7240720 0.0127020 0.6296052 -0.0004307 0.7768113
232.544600 -3.8695409 0.1042910 -0.7059754 0.0110192 0.6314116 0.0020329 0.7753669
232.752900 -3.7815049 0.1009896 -0.6873904 0.0095722 0.6340451 0.0039569 0.7732267
232.960900 -3.6937957 0.0981894 -0.6707469 0.0109574 0.6361955 0.0045728 0.7714365
233.169100 -3.6049402 0.0959563 -0.6538613 0.0107293 0.6377200 0.0060313 0.7701699
233.377100 -3.5164104 0.0933369 -0.6369179 0.0111375 0.6394026 0.0051172 0.7687743
233.585300 -3.4278977 0.0908187 -0.6199901 0.0112606 0.6408522 0.0041075 0.7675707
233.793200 -3.3392527 0.0880812 -0.6040799 0.0107447 0.6422368 0.0070152 0.7663988
234.001200 -3.2504313 0.0857231 -0.5891803 0.0121317 0.6431653 0.0073605 0.7655958
234.313200 -3.1187732 0.0817726 -0.5669997 0.0149474 0.6451969 0.0095958 0.7638099
234.521300 -3.0318193 0.0792746 -0.5525198 0.0122475 0.6465833 0.0103837 0.7626745
234.729300 -2.9452503 0.0770400 -0.5386019 0.0138930 0.6480076 0.0091965 0.7614517
234.937900 -2.8590679 0.0748228 -0.5245665 0.0155047 0.6497380 0.0081910 0.7599560
235.145400 -2.7733848 0.0719087 -0.5110551 0.0165688 0.6522491 0.0063911 0.7577966
235.353500 -2.6882381 0.0694169 -0.4979997 0.0140462 0.6547120 0.0056483 0.7557269
235.561500 -2.6034369 0.0665789 -0.4857354 0.0133314 0.6564812 0.0052913 0.7542060
235.769400 -2.5197318 0.0632453 -0.4739924 0.0160082 0.6580173 0.0044097 0.7528198
235.977600 -2.4363778 0.0603003 -0.4625455 0.0161238 0.6597704 0.0052189 0.7512761
236.185900 -2.3536174 0.0573196 -0.4521551 0.0159623 0.6612044 0.0070527 0.7500028
236.394600 -2.2702065 0.0542991 -0.4414209 0.0154273 0.6627417 0.0078571 0.7486479
236.705900 -2.1474934 0.0500430 -0.4260702 0.0169786 0.6647904 0.0060647 0.7468123
236.914000 -2.0665305 0.0477200 -0.4166321 0.0169413 0.6657436 0.0071293 0.7459542
237.122100 -1.9880236 0.0453646 -0.4074923 0.0165910 0.6667971 0.0073631 0.7450182
237.330200 -1.9117963 0.0424942 -0.3990741 0.0168306 0.6676679 0.0074213 0.7442320
237.538300 -1.8364298 0.0399539 -0.3908615 0.0144734 0.6684875 0.0110176 0.7435009
237.747400 -1.7638023 0.0388893 -0.3832483 0.0121109 0.6694100 0.0136992 0.7426681
237.954600 -1.6945308 0.0372178 -0.3759658 0.0130725 0.6703118 0.0131439 0.7418480
238.162700 -1.6280707 0.0360274 -0.3688939 0.0141375 0.6712894 0.0098105 0.7409956
238.371000 -1.5652941 0.0340993 -0.3627078 0.0159873 0.6717578 0.0090760 0.7405427
238.579300 -1.5052156 0.0320330 -0.3567538 0.0142259 0.6711722 0.0100695 0.7410966
238.891600 -1.4207749 0.0292342 -0.3482427 0.0137340 0.6701880 0.0115926 0.7419738
239.204200 -1.3430972 0.0271459 -0.3403134 0.0153188 0.6713771 0.0091436 0.7409012
239.516800 -1.2709076 0.0249848 -0.3333063 0.0174745 0.6738446 0.0116191 0.7385750
239.829500 -1.2061713 0.0225985 -0.3278826 0.0186116 0.6757182 0.0122196 0.7368237
240.142100 -1.1505020 0.0203356 -0.3230390 0.0213479 0.6772940 0.0086185 0.7353522
240.454600 -1.1035585 0.0182672 -0.3190443 0.0232922 0.6779549 0.0072798 0.7346983
240.767000 -1.0648239 0.0164051 -0.3151912 0.0239657 0.6752132 0.0055359 0.7372124
241.183100 -1.0204276 0.0139901 -0.3092037 0.0216376 0.6626542 0.0045463 0.7485991
248.998900 -0.9405448 0.0104079 -0.2882186 0.0180317 0.6173893 0.0005415 0.7864509
249.519700 -0.9380339 0.0101852 -0.2871358 0.0180488 0.6163236 -0.0000636 0.7872862
249.936500 -0.9329551 0.0100834 -0.2853741 0.0203979 0.6119226 -0.0029190 0.7906491
250.352700 -0.9166384 0.0091053 -0.2790588 0.0207496 0.5948176 -0.0056471 0.8035730
250.872200 -0.8772064 0.0074478 -0.2595544 0.0179869 0.5429130 -0.0026677 0.8395920
251.391500 -0.8229614 0.0043942 -0.2197193 0.0089671 0.4570609 -0.0060134 0.8893699
251.910600 -0.7645291 0.0019448 -0.1543291 0.0069089 0.3445298 -0.0086194 0.9387104
252.326600 -0.7192980 0.0017116 -0.0772251 0.0033283 0.2509910 -0.0077836 0.9679524
252.639000 -0.6901433 0.0001488 -0.0044881 0.0003563 0.1864124 -0.0052455 0.9824575
252.847500 -0.6731195 -0.0001506 0.0512717 0.0017140 0.1495256 -0.0014965 0.9887552
253.264300 -0.6473467 -0.0017186 0.1773273 0.0033711 0.0803625 0.0074517 0.9967322
253.577200 -0.6377470 -0.0033192 0.2851825 0.0067084 0.0367830 0.0073214 0.9992740
254.829700 -0.6451945 -0.0140533 0.8137589 0.0047419 -0.0110517 -0.0041208 0.9999192
256.184500 -0.6687055 -0.0235878 1.4767920 -0.0027991 -0.0204535 -0.0045149 0.9997767
257.850700 -0.7047167 -0.0375996 2.2712874 0.0023174 -0.0203849 -0.0016531 0.9997882
259.204500 -0.7327006 -0.0482944 2.8921018 -0.0039299 -0.0234312 -0.0029456 0.9997134
259.933500 -0.7497551 -0.0527898 3.2180688 -0.0026803 -0.0252854 -0.0017044 0.9996752
260.766700 -0.7681817 -0.0576110 3.5839725 -0.0032512 -0.0207196 -0.0029293 0.9997758
261.495800 -0.7804757 -0.0636966 3.8985901 -0.0032047 -0.0125009 -0.0040538 0.9999085
262.329100 -0.7890833 -0.0728584 4.2510247 0.0050267 -0.0088037 -0.0045630 0.9999382
262.954000 -0.7941125 -0.0742258 4.5266991 -0.0051117 -0.0131838 -0.0020033 0.9998980
263.475000 -0.7984430 -0.0777640 4.7686954 0.0088357 -0.0157983 0.0017339 0.9998347
263.891500 -0.8052314 -0.0827396 4.9697518 0.0043855 -0.0178673 0.0005324 0.9998306
264.308100 -0.8141625 -0.0868170 5.1761923 0.0010890 -0.0214833 -0.0002165 0.9997686
264.620500 -0.8216842 -0.0903423 5.3294802 0.0009305 -0.0239350 0.0000944 0.9997131
265.037100 -0.8321187 -0.0938034 5.5340424 0.0008450 -0.0253805 -0.0017142 0.9996760
265.349500 -0.8410285 -0.0969429 5.6865711 -0.0010239 -0.0259257 -0.0004528 0.9996632
265.557700 -0.8465105 -0.0986894 5.7917027 -0.0034430 -0.0280006 0.0002851 0.9996019
265.870100 -0.8560005 -0.1012385 5.9419751 0.0006823 -0.0290987 -0.0007099 0.9995760
266.182600 -0.8651415 -0.1041252 6.0903683 -0.0008632 -0.0269807 -0.0009367 0.9996352
266.495100 -0.8726190 -0.1068764 6.2369123 -0.0006449 -0.0251010 -0.0014928 0.9996836
266.807600 -0.8802884 -0.1098652 6.3803043 0.0001193 -0.0229866 -0.0034360 0.9997299
267.016000 -0.8851147 -0.1116802 6.4750791 0.0017191 -0.0212830 -0.0036688 0.9997653
267.328500 -0.8911317 -0.1153174 6.6149220 0.0034420 -0.0185411 -0.0018014 0.9998205
267.432700 -0.8932354 -0.1162681 6.6616788 0.0024269 -0.0176104 -0.0008579 0.9998416
267.641100 -0.8971732 -0.1189929 6.7543416 0.0041190 -0.0167939 -0.0035599 0.9998441
267.849300 -0.9015638 -0.1211838 6.8475962 0.0093327 -0.0164655 -0.0093517 0.9997771
268.057600 -0.9056619 -0.1241805 6.9417758 0.0077752 -0.0180970 -0.0113025 0.9997421
268.266000 -0.9092447 -0.1266955 7.0365510 0.0065049 -0.0203962 -0.0070481 0.9997460
268.474200 -0.9133921 -0.1284864 7.1315036 0.0011575 -0.0221245 -0.0045515 0.9997442
268.682600 -0.9174628 -0.1292217 7.2282519 -0.0059869 -0.0240085 -0.0004230 0.9996938
268.890800 -0.9224779 -0.1298353 7.3246102 -0.0019577 -0.0256658 0.0007407 0.9996684
269.203500 -0.9307934 -0.1317881 7.4712949 0.0047875 -0.0258944 -0.0000943 0.9996532
269.411800 -0.9359750 -0.1339863 7.5710607 0.0054341 -0.0250833 0.0004366 0.9996705
270.661700 -0.9678316 -0.1503633 8.1880913 0.0029956 -0.0221448 -0.0030663 0.9997456
271.807200 -0.9930329 -0.1621962 8.7323399 -0.0006567 -0.0202090 -0.0043425 0.9997861
272.640500 -1.0069668 -0.1699508 9.0832911 0.0042842 -0.0186198 -0.0047019 0.9998064
273.161500 -1.0130461 -0.1750246 9.2945957 0.0035352 -0.0165730 0.0008787 0.9998561
273.578400 -1.0176513 -0.1791231 9.4632921 0.0048474 -0.0130064 0.0037491 0.9998966
274.203200 -1.0264976 -0.1889397 9.7163229 0.0134255 -0.0225443 0.0021499 0.9996533
274.828200 -1.0466068 -0.1944987 9.9689722 0.0006871 -0.0414005 -0.0061035 0.9991238
275.349900 -1.0639991 -0.1983727 10.1946516 0.0069469 -0.0358695 0.0010751 0.9993318
275.766900 -1.0770992 -0.2040922 10.3854475 0.0075525 -0.0333990 0.0001080 0.9994135
276.079600 -1.0867325 -0.2075095 10.5319157 0.0055036 -0.0320006 0.0021896 0.9994703
276.392200 -1.0961941 -0.2114480 10.6826878 0.0109949 -0.0316223 0.0047083 0.9994283
276.600600 -1.1036069 -0.2147500 10.7838392 0.0064489 -0.0307941 0.0024627 0.9995019
276.913100 -1.1135113 -0.2188034 10.9354286 0.0032477 -0.0304433 0.0011756 0.9995306
277.017400 -1.1167181 -0.2200236 10.9861040 0.0028608 -0.0305570 0.0006478 0.9995287
277.225700 -1.1234441 -0.2224092 11.0857620 0.0060725 -0.0301896 0.0009542 0.9995253
277.329900 -1.1268979 -0.2241729 11.1345053 0.0073614 -0.0299429 0.0002588 0.9995245
277.538200 -1.1329119 -0.2270200 11.2333908 0.0069346 -0.0295665 0.0025364 0.9995356
277.746600 -1.1392925 -0.2303372 11.3315821 0.0025436 -0.0291764 0.0017063 0.9995696
277.954900 -1.1453439 -0.2323959 11.4283218 0.0058137 -0.0289577 -0.0010331 0.9995632
278.163200 -1.1514053 -0.2350276 11.5246563 0.0058616 -0.0283698 -0.0036836 0.9995735
278.475700 -1.1594584 -0.2391180 11.6641626 0.0021666 -0.0297481 -0.0016256 0.9995537
278.684000 -1.1652958 -0.2417556 11.7542486 0.0034054 -0.0309707 -0.0017412 0.9995130
278.996200 -1.1751828 -0.2453847 11.8847618 0.0034712 -0.0326810 -0.0028611 0.9994557
279.308600 -1.1840756 -0.2481492 12.0102901 -0.0028974 -0.0343609 -0.0027818 0.9994015
279.725100 -1.1961184 -0.2517549 12.1690063 0.0033164 -0.0352900 -0.0024656 0.9993685
280.037700 -1.2044134 -0.2543826 12.2880440 0.0029157 -0.0348378 -0.0033865 0.9993830
280.350400 -1.2126731 -0.2578727 12.4046984 0.0096565 -0.0316786 -0.0077193 0.9994217
280.663000 -1.2202976 -0.2623310 12.5213518 0.0104423 -0.0277274 -0.0111576 0.9994987
280.975600 -1.2260563 -0.2661889 12.6401548 0.0077223 -0.0230841 -0.0090595 0.9996626
281.288100 -1.2313237 -0.2694353 12.7608042 0.0060322 -0.0182944 -0.0085052 0.9997783
281.705000 -1.2370124 -0.2734387 12.9264278 0.0075092 -0.0105229 -0.0106472 0.9998598
282.121900 -1.2392542 -0.2770822 13.0997782 0.0117649 -0.0027636 -0.0066722 0.9999047
282.434500 -1.2391700 -0.2814846 13.2336941 0.0095633 0.0034373 -0.0069288 0.9999244
282.747000 -1.2371975 -0.2857910 13.3694763 0.0126104 0.0096428 -0.0064068 0.9998535
283.059600 -1.2339132 -0.2920099 13.5081892 0.0149118 0.0160000 -0.0073784 0.9997336
283.268000 -1.2305646 -0.2956675 13.6030493 0.0094592 0.0202725 -0.0069444 0.9997256
283.476400 -1.2266209 -0.2987232 13.6993265 0.0078274 0.0242666 -0.0063507 0.9996547
283.684800 -1.2216356 -0.3017521 13.7960625 0.0098193 0.0268110 -0.0039649 0.9995844
283.997100 -1.2139441 -0.3073364 13.9434156 0.0124615 0.0281180 -0.0040060 0.9995189
284.205400 -1.2090005 -0.3107876 14.0434198 0.0103083 0.0288489 -0.0037001 0.9995238
284.517700 -1.2003208 -0.3162934 14.1951866 0.0122130 0.0282164 -0.0020981 0.9995250
284.830100 -1.1923844 -0.3221049 14.3475895 0.0069156 0.0274040 -0.0004799 0.9996004
285.038200 -1.1875887 -0.3253753 14.4483261 0.0070945 0.0265416 0.0006462 0.9996223
285.350500 -1.1811237 -0.3307282 14.5990334 0.0091702 0.0249957 -0.0019394 0.9996436
285.558700 -1.1768293 -0.3341504 14.6985273 0.0084841 0.0237660 -0.0022897 0.9996789
285.871000 -1.1710659 -0.3400354 14.8456230 0.0092111 0.0217868 -0.0045264 0.9997100
286.183400 -1.1661031 -0.3457479 14.9924822 0.0108173 0.0189351 -0.0038927 0.9997546
286.495600 -1.1618218 -0.3510339 15.1366158 0.0056801 0.0161243 -0.0011896 0.9998531
286.808100 -1.1585559 -0.3544907 15.2791862 0.0021914 0.0149949 -0.0057636 0.9998686
287.120500 -1.1560888 -0.3591888 15.4196463 0.0083545 0.0141664 -0.0116992 0.9997963
287.432900 -1.1534913 -0.3632452 15.5572510 0.0042916 0.0125525 -0.0141510 0.9998119
