25.1919  -0.000650693873 0.000687026155 -0.00175260555 -0.000676952687 0.00254050124 0.000678336551 0.999996314
25.91726  0.0568392809 0.00522758515 0.30067402 0.00500610518 -0.0801742931 0.00825875195 0.996734074
26.64267  0.0492404895 0.00434442729 0.33806375 0.00811143091 -0.078227958 -0.00376582163 0.996895386
26.84992  0.0415146985 0.00468240779 0.365024239 0.00667654633 -0.078221245 -0.00458461197 0.996903126
27.16089  0.0377930221 0.00353781326 0.379347162 0.00923316338 -0.0772369154 -0.0061263758 0.99695119
27.78284  0.0239934183 0.00258366126 0.434338907 0.00724192822 -0.0784111113 -0.0058411708 0.996877692
28.50825  0.0134077281 0.000801949559 0.493762487 0.00750894016 -0.0796729153 -0.00674746511 0.99676994
29.13007  -0.000361239772 -0.000583458131 0.544471561 0.00674011877 -0.0798047019 -0.007671038 0.996758213
29.75201  -0.00825403157 -0.00208672793 0.599022684 0.00604613954 -0.0804030779 -0.00784856432 0.996713193
30.06273  -0.0121466159 -0.00276482265 0.626418814 0.00575909942 -0.080888256 -0.00712357716 0.996681081
30.26996  -0.0148693033 -0.00320811942 0.644514416 0.00510222047 -0.0810798735 -0.00721027852 0.996668467
30.47722  -0.0210896514 -0.00366565173 0.661815601 0.00548202915 -0.0808599024 -0.0076764805 0.996680839
30.68447  -0.0229310683 -0.00403477896 0.680300063 0.00395450465 -0.0808176555 -0.00808845806 0.996688239
30.99556  -0.0276728864 -0.00456786146 0.707551111 0.00612672517 -0.080196614 -0.00873634411 0.996721949
31.20276  -0.0319949312 -0.00498591285 0.725794907 0.00495384155 -0.0800423905 -0.00834803299 0.996744193
31.41011  -0.035512654 -0.00534754317 0.743964836 0.00412953735 -0.0799673694 -0.00771641879 0.99675906
31.61747  -0.0385928739 -0.0057380915 0.762253048 0.00470553874 -0.0799815565 -0.00712071447 0.996759803
31.82482  -0.0419239221 -0.00610996959 0.780511874 0.00364885494 -0.0801246208 -0.0063492531 0.996757954
32.03219  -0.0449592474 -0.00647792686 0.798709595 0.00331743973 -0.0802612337 -0.00657915239 0.99674663
32.23954  -0.0477364841 -0.0068030464 0.817000156 0.00251926543 -0.0806951148 -0.0059475593 0.996717903
32.44703  -0.051824916 -0.00706220014 0.835453706 0.00204402515 -0.0810371873 -0.0074744952 0.996680956
32.65437  -0.0548804903 -0.00743359944 0.853409993 0.00283427401 -0.081653423 -0.0066288125 0.99663471
32.86174  -0.0581258817 -0.00778100734 0.871399386 0.00249514393 -0.0825039648 -0.00599901836 0.996569557
33.0705  -0.0613874443 -0.00811804137 0.889518101 0.00231191696 -0.0831171525 -0.00593538518 0.996519425
33.27645  -0.0643963163 -0.00843508457 0.907791386 0.00262486255 -0.0838658394 -0.00655792066 0.996452018
33.48381  -0.0678525404 -0.00871326017 0.925988617 0.00237006249 -0.0846765134 -0.00702047585 0.996380943
33.69122  -0.071307323 -0.00904821281 0.943960732 0.00243263208 -0.085071608 -0.00865241218 0.996334301
33.89864  -0.0746699565 -0.00936528024 0.962149838 0.00279341535 -0.0848188859 -0.00854630134 0.996355817
34.10599  -0.077819489 -0.00962399999 0.980465754 0.00158855757 -0.0846450715 -0.00914622116 0.996367922
34.31353  -0.080973396 -0.00990837335 0.998566635 0.00327083296 -0.0844949857 -0.00914250779 0.996376592
34.52083  -0.0840359223 -0.0102486444 1.01680682 0.00381581033 -0.0847119487 -0.00864432077 0.996360678
34.72806  -0.087069232 -0.0105519199 1.03519715 0.00262772095 -0.0848079448 -0.00831126908 0.996359187
34.93542  -0.0903537418 -0.0108388265 1.05353255 0.00264903663 -0.0849779629 -0.00838137703 0.996344058
35.14278  -0.0936872195 -0.0111546515 1.07200811 0.00282392388 -0.0852685898 -0.00823750226 0.996319947
35.35013  -0.0969359684 -0.0114735179 1.09044645 0.00238705118 -0.0855907996 -0.00860281697 0.996290374
35.55743  -0.100142495 -0.011791859 1.10885171 0.00305056612 -0.0860041162 -0.00877169612 0.996251496
35.66109  -0.101787547 -0.0119455216 1.11805638 0.00284530491 -0.0862838591 -0.00879565498 0.996227703
35.86833  -0.105158947 -0.0122587496 1.13647136 0.00217702109 -0.0867356084 -0.00854954172 0.996192301
36.07584  -0.108564554 -0.0125250481 1.15470951 0.00350314418 -0.0872948127 -0.00794751314 0.996144659
36.17953  -0.110186612 -0.0127238431 1.16400679 0.00321933456 -0.0875918563 -0.007673743 0.996121687
36.28328  -0.111872125 -0.0128913875 1.17320221 0.00251405745 -0.0879105451 -0.0074130052 0.996097617
36.49055  -0.115335254 -0.0131971314 1.19144515 0.00198844954 -0.0884176179 -0.00757633737 0.996052694
36.69776  -0.119004195 -0.013488121 1.20954632 0.00216000847 -0.0889588696 -0.00780637887 0.996002367
36.8015  -0.120808529 -0.0136512195 1.21862841 0.00278126526 -0.0892881241 -0.00779328601 0.995971466
36.90521  -0.122556143 -0.0138031129 1.22772891 0.00313388401 -0.0895073256 -0.00777617568 0.995950877
37.00885  -0.124293746 -0.01393023 1.2368161 0.00318695193 -0.0895844348 -0.00791661997 0.995942669
37.11259  -0.125997815 -0.0141132486 1.24593368 0.00304498085 -0.0895357115 -0.00819794054 0.995945218
37.21633  -0.127697175 -0.014280132 1.25509096 0.00314312514 -0.0893963319 -0.00846329104 0.995955215
37.31995  -0.129390867 -0.0144465415 1.26427353 0.00301786826 -0.0892378619 -0.00895423527 0.995965521
37.42372  -0.131036267 -0.0146164475 1.27345326 0.00341756657 -0.0889767781 -0.00928698038 0.995984541
37.5273  -0.132690121 -0.0147783422 1.28271078 0.00362517486 -0.0887119007 -0.00936654063 0.996006689
37.73466  -0.13591416 -0.0150228116 1.3008825 0.00293323491 -0.0883146195 -0.0088744985 0.996048778
37.94202  -0.139325825 -0.0153635155 1.31939514 0.00234663852 -0.0878675941 -0.00860172035 0.99609226
38.04563  -0.140843134 -0.0155135603 1.32871339 0.00286420216 -0.0877224854 -0.00868943733 0.996102934
38.14925  -0.142462413 -0.0156654134 1.33795939 0.00320918217 -0.087830806 -0.0083504073 0.996095237
38.25287  -0.144125915 -0.0158194134 1.34712237 0.00322792414 -0.0880074403 -0.0075003094 0.99608635
38.35648  -0.145810094 -0.015983307 1.35629425 0.00326283289 -0.0883278595 -0.00677021257 0.996063104
38.4601  -0.147479792 -0.0161516748 1.36546893 0.00290510285 -0.0887017017 -0.00631526735 0.996033978
38.56371  -0.149191465 -0.0162691867 1.37461655 0.00297703104 -0.0889226582 -0.00608173628 0.996015517
38.77106  -0.15259563 -0.0166464023 1.3930372 0.00362231016 -0.0894817965 -0.00676238747 0.995958913
38.9783  -0.156007703 -0.0170035998 1.41134375 0.00373753343 -0.0900249763 -0.00709922738 0.995907192
39.08202  -0.157731518 -0.0171769356 1.42057271 0.0028987635 -0.0903181229 -0.00670462971 0.995886179
39.18565  -0.15950214 -0.0173459322 1.42982744 0.00227451281 -0.0906456001 -0.00636754582 0.995860259
39.39288  -0.162795675 -0.017522133 1.44715615 0.00290565233 -0.0913660611 -0.00552567107 0.995797804
39.60024  -0.166337412 -0.0179403546 1.46594916 0.00385739133 -0.0922041654 -0.00545222365 0.995717724
39.70385  -0.168102043 -0.0181504252 1.47524406 0.00404976066 -0.092629365 -0.00529158849 0.995678361
39.91134  -0.171638106 -0.0185471045 1.49354269 0.00451541097 -0.0934977066 -0.00484658168 0.995597459
40.11869  -0.175239318 -0.0189242362 1.51185728 0.00431590154 -0.0943160239 -0.00664047018 0.995510806
40.22233  -0.17709657 -0.0190856012 1.52091676 0.00469561809 -0.0946503764 -0.00672509725 0.995476786
40.42966  -0.180790041 -0.0195008367 1.5391237 0.00547804859 -0.0954832009 -0.00536624947 0.995401503
40.63702  -0.184443779 -0.019912824 1.55741004 0.00456294787 -0.0956310065 -0.00570448713 0.995390049
40.84427  -0.188098253 -0.0202842708 1.57558653 0.00498751485 -0.0952360602 -0.00727606234 0.99541563
41.0516  -0.1917161 -0.0206998261 1.59389865 0.00516879971 -0.0956309871 -0.00661191559 0.995381475
41.15522  -0.193526983 -0.0208859053 1.60312251 0.00425738962 -0.0960499867 -0.00555855958 0.995351886
41.36257  -0.196924042 -0.0212054909 1.62086397 0.00452404465 -0.0968731833 -0.00377544101 0.99527929
41.56992  -0.2007293 -0.0216316235 1.6392909 0.00655609824 -0.0975400158 -0.0034454794 0.995204045
41.67355  -0.202634174 -0.0218614166 1.64851242 0.00656401105 -0.098115039 -0.00301124991 0.995148876
41.8809  -0.206371467 -0.0222922867 1.6668167 0.0053458736 -0.0991565423 -0.00322674928 0.995052255
42.08838  -0.210146234 -0.0226905859 1.6850592 0.00581735732 -0.100112476 -0.00406142612 0.994950831
42.29564  -0.213930207 -0.0231126177 1.70324581 0.00611278922 -0.101142449 -0.00428658387 0.994843939
42.39935  -0.215859156 -0.0233407073 1.71236406 0.00639211042 -0.101672583 -0.00473875274 0.994786093
42.50297  -0.217790551 -0.0235724347 1.72149503 0.00674791798 -0.101955399 -0.00421545522 0.994757152
42.7102  -0.221505271 -0.0239383052 1.73917743 0.00580954917 -0.102276855 -0.00462365401 0.994728262
42.91743  -0.225457717 -0.0243870964 1.75751047 0.00613180448 -0.101854926 -0.00605965072 0.994761909
43.12479  -0.229321065 -0.024839561 1.77568107 0.00676695852 -0.101353301 -0.00629849058 0.994807542
43.33203  -0.233146443 -0.0252980534 1.79383976 0.00652948639 -0.100753184 -0.00525230103 0.994876161
43.53925  -0.236777331 -0.0257274491 1.81151253 0.00583430438 -0.100190083 -0.00468918369 0.994940159
43.74648  -0.240457665 -0.026130673 1.82925827 0.00691385039 -0.0999077587 -0.0056195281 0.994956813
43.85009  -0.242302625 -0.0263604828 1.83813032 0.00811413517 -0.0999261427 -0.00556809641 0.994946191
44.05745  -0.246048334 -0.0268723591 1.85611805 0.00835885269 -0.100378143 -0.00512851155 0.994901028
44.26468  -0.249814353 -0.0273711116 1.87414491 0.00773988922 -0.101088679 -0.00471526052 0.994836137
44.36829  -0.251715444 -0.0276148737 1.88317577 0.00735302433 -0.101595229 -0.0042731134 0.994789467
44.47193  -0.25363161 -0.0278575636 1.89222857 0.00734169498 -0.102244792 -0.00376204393 0.994725062
44.67914  -0.257488643 -0.0283282162 1.910224 0.00691976655 -0.103751659 -0.00351533735 0.99457295
44.8865  -0.261425319 -0.028787153 1.92824895 0.00646041328 -0.105078884 -0.00332237541 0.994437355
44.99011  -0.263343057 -0.0290684583 1.93719693 0.00600637346 -0.105820031 -0.00361393637 0.99436059
45.19735  -0.267385126 -0.0294655458 1.95519817 0.00608364171 -0.106914796 -0.00475153268 0.99423822
45.30098  -0.269414694 -0.0296709501 1.96423494 0.00622615761 -0.107355833 -0.00473654022 0.994189884
45.40471  -0.271437555 -0.0298855426 1.97334739 0.00621759098 -0.107836485 -0.00423630719 0.994140175
45.61207  -0.275520314 -0.0303019735 1.9914582 0.00572362314 -0.107996692 -0.00435297271 0.994125247
45.81942  -0.279629977 -0.0306806432 2.00966872 0.00448469428 -0.107672856 -0.00588607343 0.994158839
45.92303  -0.281678404 -0.0308526085 2.01878053 0.00491971457 -0.107492098 -0.00666100124 0.994171452
46.02665  -0.283872956 -0.0309542575 2.02797359 0.00576463824 -0.107466643 -0.00681656161 0.994168609
46.2339  -0.287864472 -0.0313960159 2.04599916 0.00494714924 -0.108047912 -0.00760741181 0.994104271
46.44113  -0.29192352 -0.0317965521 2.06400014 0.0061802701 -0.108575278 -0.00717681845 0.994043111
46.64834  -0.296032294 -0.0321962953 2.08206439 0.00459329628 -0.108859369 -0.0062350363 0.994026993
46.8557  -0.300162051 -0.0325692476 2.10000397 0.00302806545 -0.109023168 -0.00639580081 0.994014021
47.06306  -0.304301068 -0.0328950806 2.11797117 0.00321676123 -0.109940047 -0.00649536579 0.993911791
47.27016  -0.308469456 -0.033236321 2.13595155 0.00320372481 -0.111489976 -0.00439528428 0.993750674
47.47739  -0.312688016 -0.0335900768 2.15403352 0.00218800611 -0.113204194 -0.0039726628 0.993561393
47.58103  -0.314812535 -0.033743561 2.16307555 0.00167104168 -0.113840077 -0.00372299378 0.993490706
47.78931  -0.31907702 -0.0340353584 2.18094523 0.000978906521 -0.115152424 -0.00428493594 0.99333811
47.99584  -0.323400286 -0.0343222442 2.19879956 0.00129983308 -0.116431171 -0.00518212365 0.993184393
48.2032  -0.327744959 -0.0346061758 2.21672459 0.00127441752 -0.117876984 -0.00492357539 0.993015182
48.41045  -0.332098251 -0.0347714641 2.23466998 0.000794383212 -0.119039759 -0.00448540247 0.992879039
48.6178  -0.336508775 -0.0351025142 2.2522383 -3.21536954e-05 -0.119980371 -0.00467699948 0.992765247
48.72166  -0.338706954 -0.0352331425 2.26102938 -8.87501169e-05 -0.12040301 -0.00489379775 0.992713029
48.92878  -0.343128283 -0.0354749651 2.27858586 0.000373492195 -0.121103157 -0.00566216354 0.992623708
49.136  -0.347661301 -0.0357123578 2.29617263 0.000841944291 -0.121613295 -0.00549269439 0.992562002
49.44671  -0.354241812 -0.0360923631 2.32225358 -0.000608864522 -0.122191283 -0.00436207494 0.992496797
49.65411  -0.358674838 -0.0363082121 2.33967948 0.00330179413 -0.12225562 -0.00607135653 0.992474584
49.96478  -0.365485658 -0.0367999799 2.36607062 0.000362106507 -0.122398562 -0.00697016598 0.992456486
50.27565  -0.372261223 -0.0370080882 2.39256008 -0.00073728486 -0.123210631 -0.00560769756 0.992364424
50.69023  -0.3813159 -0.0373383023 2.42762912 -0.00108288409 -0.12481674 -0.00626454683 0.992159445
51.00131  -0.388270696 -0.0375960386 2.45407612 -0.00152818918 -0.126603535 -0.00544226463 0.991937292
51.20867  -0.392733939 -0.0376347934 2.47169552 -0.000845804033 -0.127725318 -0.00536588068 0.991794704
51.41604  -0.397529016 -0.0378179942 2.4893518 -0.00198110793 -0.128589303 -0.00550731446 0.991680662
51.62338  -0.402297664 -0.0379270887 2.50696266 -0.00512837687 -0.129409711 -0.00616496774 0.991558783
51.83073  -0.407095063 -0.0379071311 2.52455158 -0.00619065549 -0.129945109 -0.00781617507 0.991471054
52.14183  -0.414229209 -0.0379625893 2.55083036 -0.00445815469 -0.130263091 -0.00468028817 0.991458394
52.24544  -0.416616911 -0.0379938236 2.55952718 -0.00468331774 -0.130243728 -0.00530316685 0.991456764
52.34918  -0.419006951 -0.0380374913 2.56821302 -0.00438151494 -0.13009188 -0.00695098732 0.991467896
52.55666  -0.423777142 -0.0380950777 2.58572629 -0.00335862821 -0.130025138 -0.00684017561 0.991481414
52.7639  -0.428525992 -0.038167284 2.60327605 -0.00427447769 -0.130420308 -0.00435008947 0.991440038
52.97127  -0.433306929 -0.038223062 2.6208064 -0.00398015456 -0.130672966 -0.00367162183 0.991410739
53.17848  -0.4381229 -0.038308658 2.63835454 -0.00414973287 -0.131242955 -0.00381346336 0.991334214
53.38584  -0.442940859 -0.0384205169 2.65580863 -0.00323520939 -0.131970805 -0.00424277226 0.991239244
53.48946  -0.445379542 -0.0384730985 2.6645596 -0.00348685039 -0.132248384 -0.00423597785 0.991201424
53.59309  -0.447693065 -0.0384723728 2.67312024 -0.00454517227 -0.132613619 -0.00412547145 0.991148803
53.80032  -0.452610771 -0.0385598569 2.69062516 -0.00557667548 -0.133001376 -0.00572918659 0.991083604
53.90404  -0.455049886 -0.0385900847 2.69933203 -0.00446565533 -0.133175812 -0.006243669 0.991062701
54.00765  -0.457471524 -0.0386120264 2.70794673 -0.00350502715 -0.133438682 -0.00642515987 0.991030045
54.11144  -0.459893091 -0.0386498136 2.71663 -0.00366442369 -0.133648296 -0.00601797736 0.991003778
54.21503  -0.462324788 -0.0386856885 2.72528727 -0.00399923516 -0.133918915 -0.00561123009 0.990968337
54.31875  -0.464747233 -0.0387342406 2.73394027 -0.00362013583 -0.134101136 -0.00519265469 0.990947434
54.42237  -0.467194425 -0.0387958843 2.74264253 -0.00388954608 -0.134179823 -0.00444431413 0.9909394
54.62972  -0.471984028 -0.0388980453 2.75984608 -0.00414795412 -0.134660042 -0.00264945879 0.990879633
54.73334  -0.474389932 -0.0389607297 2.76845751 -0.00423147578 -0.135071438 -0.00210132994 0.990824599
54.83708  -0.476828077 -0.0390133211 2.77708718 -0.00461973757 -0.135437547 -0.00252208105 0.990771905
54.9407  -0.479292635 -0.0390217481 2.7856492 -0.00407795708 -0.135764668 -0.00453172992 0.990722357
55.14795  -0.48416894 -0.0391243617 2.80274727 -0.00290259393 -0.136342544 -0.00848831847 0.990621136
55.25154  -0.486618846 -0.039191906 2.81126094 -0.0018372791 -0.136826458 -0.00919651322 0.990550639
55.3553  -0.489078326 -0.039276365 2.81979321 -0.00160317732 -0.137439997 -0.00854394416 0.990471947
55.56254  -0.493995713 -0.039399708 2.8369241 -0.00320107975 -0.138854545 -0.00688957009 0.990283647
55.76989  -0.498986585 -0.0395079038 2.85401282 -0.00239751703 -0.140007103 -0.00647743136 0.990126409
55.87361  -0.501485296 -0.0395840971 2.86251858 -0.00130734594 -0.140456939 -0.0065274543 0.990064408
56.08086  -0.506503031 -0.0397616569 2.87952409 -0.00257103078 -0.141448963 -0.0050731771 0.989929211
56.28813  -0.51156784 -0.039824967 2.89655897 -0.00506915344 -0.142278765 -0.0057730325 0.989796812
56.49531  -0.516639494 -0.0398421816 2.9133105 -0.00376622182 -0.142582608 -0.0098992212 0.989726235
56.70242  -0.521712014 -0.039904068 2.93024699 -0.00264960491 -0.143005608 -0.010243636 0.989665319
56.90964  -0.526775872 -0.040027495 2.94712832 -0.0019370786 -0.143261838 -0.00854046964 0.989646075
57.117  -0.531839526 -0.0401492523 2.96398504 -0.00269507714 -0.14350848 -0.00601769061 0.989627122
57.22062  -0.534439316 -0.0401685993 2.97254666 -0.00366342069 -0.143621606 -0.00659063632 0.98960395
57.42772  -0.539506368 -0.0402620505 2.98930158 -0.00215574109 -0.144300255 -0.00591444727 0.989513925
57.53136  -0.542036584 -0.0403408584 2.99768117 -0.000934269258 -0.145025218 -0.00361253927 0.989420923
57.63495  -0.54459576 -0.0404311879 3.00610404 -0.000622254763 -0.1459009 -0.00295621558 0.989294598
57.84218  -0.549757797 -0.0405975259 3.02296946 -0.000898889416 -0.146874713 -0.00262424353 0.989151214
57.9458  -0.552377181 -0.0406564053 3.03150132 -0.00299211227 -0.14719478 -0.00423473181 0.989093934
58.15318  -0.557614721 -0.040680132 3.04842715 -0.00584240941 -0.14788253 -0.00450970205 0.988977394
58.3604  -0.562855435 -0.0407157606 3.06525044 -0.00333108509 -0.149084408 -0.00388980963 0.988811212
58.464  -0.565503457 -0.0407727153 3.07367451 -0.00303770556 -0.149651673 -0.00409943668 0.988725616
58.67136  -0.570930998 -0.0408559047 3.09063065 -0.0039326829 -0.150479764 -0.00412917377 0.988596644
58.87871  -0.576213692 -0.0409184472 3.10743265 -0.00512601148 -0.151537224 -0.00444896814 0.988428247
58.98246  -0.578890848 -0.0409392518 3.11584865 -0.00493991111 -0.152011204 -0.004593589 0.988355751
59.08607  -0.581590028 -0.0409628321 3.12426612 -0.00418948875 -0.152531228 -0.00433722103 0.988280254
59.29357  -0.587014423 -0.041037205 3.14106813 -0.00415245763 -0.153581653 -0.0050100548 0.988114534
59.39717  -0.589756199 -0.0410606381 3.14947325 -0.00423764121 -0.154001452 -0.00481568949 0.988049798
59.60465  -0.595232637 -0.0411385747 3.1662764 -0.00267845208 -0.155153398 -0.00459676007 0.987876065
59.70826  -0.597987826 -0.0411961509 3.17468665 -0.00242801857 -0.155701878 -0.00478434905 0.987789522
59.91574  -0.603528685 -0.0413336786 3.19150636 -0.00168445905 -0.156711741 -0.00441210356 0.987633093
60.01948  -0.606357985 -0.0413850805 3.20002271 -0.00179027651 -0.157073509 -0.00419907368 0.987576364
60.22684  -0.61193513 -0.0415377816 3.21680771 -0.00212984728 -0.157883503 -0.00442027497 0.987445555
60.33046  -0.614751605 -0.0416009754 3.22522302 -0.00247505256 -0.15808989 -0.00503336223 0.987408794
60.43407  -0.617574169 -0.0416580292 3.23363717 -0.00219660658 -0.158175082 -0.00560503866 0.987392729
60.53783  -0.62042038 -0.0417290806 3.2420824 -0.00197582578 -0.158037466 -0.00603483613 0.987412698
60.74517  -0.626062185 -0.0418526293 3.25891297 -0.00250488147 -0.157783163 -0.0058790744 0.987453105
60.84878  -0.62891178 -0.0418773257 3.26738212 -0.00202170098 -0.157689853 -0.00554798748 0.987471034
60.9524  -0.631697997 -0.0419587958 3.27580032 -0.00277842559 -0.15761935 -0.00530408974 0.987481791
61.05614  -0.63450676 -0.0420086461 3.28425073 -0.00268385676 -0.157509607 -0.00471859878 0.987502534
61.15976  -0.63731761 -0.0420577839 3.2927016 -0.00160007955 -0.157488858 -0.00425177607 0.987510315
61.26337  -0.640150563 -0.0421144773 3.30123973 -0.00178810195 -0.157382135 -0.00414104826 0.987527477
61.36698  -0.642979409 -0.0421668017 3.30973548 -0.00302202957 -0.157245272 -0.00432717421 0.987545476
61.47063  -0.645828774 -0.0421982561 3.31828852 -0.00283231488 -0.157207247 -0.00438809683 0.987551823
61.57422  -0.648676707 -0.0422160516 3.32685104 -0.00199769858 -0.157395841 -0.00376125064 0.98752641
61.67785  -0.651501601 -0.0422918923 3.33537487 -0.000918879519 -0.157768571 -0.00299545976 0.987471144
61.78412  -0.654342955 -0.0423698365 3.3439126 -0.001318304 -0.158129435 -0.00275397068 0.987413672
61.88524  -0.657213358 -0.0424337323 3.35245712 -0.0026066213 -0.158342334 -0.00284964751 0.987376722
61.98891  -0.660081753 -0.0424747338 3.36104803 -0.00414479598 -0.158501011 -0.00311537369 0.9873452
62.09242  -0.662963694 -0.0424854164 3.36966039 -0.00498142761 -0.158582576 -0.00337749539 0.987327375
62.19657  -0.66583719 -0.0424669032 3.37820329 -0.00470737807 -0.158700414 -0.00379478332 0.987308269
62.30001  -0.668745926 -0.0424943405 3.38685183 -0.00409802088 -0.158841444 -0.00418136228 0.987286746
62.40341  -0.671656406 -0.0425219705 3.39551817 -0.00354613572 -0.159065069 -0.00425460183 0.987252565
62.50702  -0.674569614 -0.0425432344 3.40419642 -0.0036363419 -0.159349316 -0.00396402209 0.987207607
62.61105  -0.677483263 -0.0425868429 3.4128394 -0.00327907107 -0.159890883 -0.00383073397 0.987121816
62.71412  -0.680412997 -0.0426354163 3.4214968 -0.00275199294 -0.160279979 -0.00346620696 0.98706167
62.81773  -0.68331803 -0.0426401077 3.43008463 -0.00212213414 -0.160771441 -0.00301170604 0.986984787
62.92155  -0.686280887 -0.0427391598 3.43875885 -0.00227531672 -0.161251077 -0.00290194882 0.986906526
63.02496  -0.68924938 -0.0428105378 3.44744906 -0.00279432249 -0.161642811 -0.00280506753 0.986841388
63.12857  -0.692210677 -0.0428608925 3.45610224 -0.00292750835 -0.16205102 -0.0026073856 0.986774593
63.23221  -0.695187071 -0.0429148571 3.46478978 -0.00324969307 -0.16240763 -0.00260615462 0.986714958
63.33569  -0.698181019 -0.0429606853 3.4734894 -0.00373612187 -0.162804923 -0.0030726507 0.98664642
63.4393  -0.701184875 -0.042975585 3.48221003 -0.00360672588 -0.163216204 -0.00301594618 0.986579123
63.54291  -0.704185088 -0.0430379243 3.49085079 -0.00371351172 -0.16374489 -0.00268496709 0.986492074
63.64652  -0.707204542 -0.0430898625 3.49954062 -0.00337233687 -0.164573767 -0.00227247206 0.986356395
63.75003  -0.710242468 -0.043147145 3.50821754 -0.00263029398 -0.165479954 -0.00223710082 0.986207109
63.85363  -0.713296354 -0.0432135976 3.51693094 -0.00183223031 -0.166374329 -0.00206665657 0.986058799
63.95724  -0.71637566 -0.0432784722 3.52567425 -0.000904084455 -0.16728811 -0.00183898574 0.985905923
64.16435  -0.722577343 -0.0434701751 3.54310441 -0.00115774698 -0.168807535 -0.00174534605 0.985646808
64.26797  -0.725721024 -0.0435583268 3.55188811 -0.00139396074 -0.169298442 -0.00242942283 0.985560852
64.37158  -0.728870903 -0.0435945149 3.56061239 -0.000501848422 -0.169626492 -0.00283614436 0.985504215
64.4752  -0.73202957 -0.0437218726 3.5693679 0.000354725453 -0.169919133 -0.00334081082 0.985452283
64.57871  -0.735192401 -0.0438422686 3.57813655 0.00111212027 -0.170258171 -0.00326377548 0.985393458
64.68258  -0.738354091 -0.0439603183 3.58688512 0.00139643054 -0.170599904 -0.00264282046 0.985335851
64.88962  -0.744703513 -0.0442152404 3.60440637 0.0010197302 -0.171327741 -0.00220648019 0.985211093
65.09677  -0.751111445 -0.0444623963 3.62198238 0.00026367202 -0.171970068 -0.00283892559 0.985098049
65.20041  -0.754327406 -0.0445228862 3.63072169 -7.74828919e-05 -0.172272173 -0.00314186465 0.985044375
65.40774  -0.760782675 -0.0447214036 3.6483591 -0.00157126996 -0.173013947 -0.00293806411 0.984913739
65.51137  -0.764030795 -0.0448022339 3.65718954 -0.00153837789 -0.173427213 -0.00262260909 0.984841996
65.61497  -0.767295 -0.0448949752 3.66601757 0.00010257958 -0.17382459 -0.00272403332 0.984772857
65.7193  -0.770572114 -0.0450019439 3.67488614 0.00288269721 -0.174239554 -0.00247329925 0.984695969
65.92608  -0.777163482 -0.0453866786 3.69261098 0.00652542701 -0.17516118 -0.00139050985 0.984517164
66.02981  -0.780490669 -0.0455995104 3.701552 0.00527428954 -0.175560271 -0.00135509888 0.984453624
66.13343  -0.783812466 -0.045758135 3.71045264 0.00456260923 -0.175825823 -0.00157562831 0.984409457
66.23718  -0.787178246 -0.0459490083 3.71943664 0.00329510413 -0.176064756 -0.00215321301 0.984370717
66.3409  -0.790535083 -0.0461083108 3.7283631 0.00240077575 -0.176317848 -0.00259588432 0.984326935
66.44452  -0.793889407 -0.0462570149 3.73728469 0.00209281437 -0.176541262 -0.00243307026 0.984288008
66.54825  -0.797237287 -0.0463984907 3.74618581 0.00205314051 -0.176836539 -0.00234624014 0.984235296
66.65188  -0.800594761 -0.0465508912 3.75509685 0.00263937539 -0.177122492 -0.00227870897 0.984182638
66.75549  -0.803964985 -0.0467191345 3.76401974 0.00319246541 -0.177401606 -0.00238438084 0.984130476
66.8591  -0.80730712 -0.0468594986 3.77294781 0.00408165542 -0.177754293 -0.0019841351 0.984064436
67.06634  -0.814081444 -0.0472777133 3.79074713 0.00398623379 -0.178403665 -0.00173146505 0.983947785
67.16996  -0.817486819 -0.0474711241 3.79967317 0.00371977731 -0.178717005 -0.00204396561 0.983891365
67.27357  -0.820898671 -0.0476355655 3.80867318 0.0040354563 -0.178986639 -0.00204013837 0.983841113
67.37719  -0.824298296 -0.0478483943 3.81754676 0.00386234399 -0.179233041 -0.00204167998 0.983796946
67.4808  -0.827709723 -0.0480407961 3.826469 0.00437782326 -0.179563618 -0.00174506538 0.983735074
67.58429  -0.831120158 -0.0482435523 3.83537416 0.00507688098 -0.179889649 -0.00137676262 0.983672732
67.68791  -0.834532535 -0.04845569 3.84425469 0.00570268649 -0.180167632 -0.00102403692 0.983618857
67.79152  -0.837964021 -0.0486863566 3.85318096 0.00598174881 -0.180445083 -0.00102932579 0.983566333
67.89514  -0.841401164 -0.0489181086 3.86209325 0.00592614259 -0.180766229 -0.00128201695 0.983507401
67.99874  -0.844841533 -0.049151721 3.87100592 0.00492164444 -0.181074223 -0.00128563143 0.983456278
68.10226  -0.848283128 -0.0493684017 3.87990304 0.00501988469 -0.181413574 -0.000682526311 0.983393843
68.20586  -0.851672197 -0.049545801 3.88869014 0.00552932608 -0.181787576 -0.000239665104 0.98332225
68.3095  -0.855155404 -0.0497889717 3.89764516 0.00560966752 -0.182127224 -0.000499155671 0.983258845
68.41296  -0.858628642 -0.050012158 3.9065672 0.00573108674 -0.182406782 -0.000959444257 0.98320598
68.5166  -0.862104273 -0.0502398085 3.91550791 0.00649431254 -0.182639421 -0.00119624756 0.983157787
68.6202  -0.86557223 -0.0504816883 3.9243763 0.00802761025 -0.182947359 -0.0012218901 0.983089176
68.7237  -0.869053417 -0.0507590334 3.93326793 0.00877824525 -0.183197532 -0.0011525145 0.983036255
68.8273  -0.872550895 -0.0510327044 3.94216683 0.00820781362 -0.183461283 -0.00104920844 0.98299211
68.93092  -0.87604875 -0.0512915434 3.95106949 0.00746947102 -0.183676731 -0.000662438086 0.9829581
69.03442  -0.879529664 -0.0515404436 3.95992987 0.00701462175 -0.18399741 -0.000748294944 0.982901413
69.13804  -0.883014135 -0.0517923569 3.96878469 0.00776769241 -0.184190607 -0.000993012495 0.982859348
69.24164  -0.886501704 -0.0520578674 3.97762619 0.00865999607 -0.184477793 -0.00125694248 0.982797725
69.34525  -0.889998778 -0.0523431181 3.98650237 0.00918869991 -0.184604017 -0.00109829093 0.982769413
69.44887  -0.893516222 -0.0526342632 3.9953762 0.00968039336 -0.184911972 -0.000971845438 0.982706929
69.55253  -0.8970312 -0.0529161089 4.0042308 0.00954179441 -0.185181975 -0.000820997826 0.982657578
69.6561  -0.900544627 -0.0532371002 4.01311822 0.00911633647 -0.185497782 -0.000603907527 0.982602209
69.75972  -0.904056366 -0.0535395935 4.02197701 0.00866160924 -0.185849221 -0.000743624929 0.982539816
69.86333  -0.907579744 -0.0538377329 4.03083451 0.00890168917 -0.186162681 -0.000919885767 0.982478178
69.96682  -0.911118995 -0.0540602235 4.03956593 0.00888627612 -0.186250513 -0.000915843799 0.982461674
70.07046  -0.914567948 -0.0543942817 4.04832384 0.00934362934 -0.186572484 -0.000879102701 0.982396372
70.17405  -0.918065325 -0.054706653 4.05711413 0.00954237398 -0.186913839 -0.00107678926 0.982329375
70.27768  -0.921594493 -0.0550157262 4.06593428 0.00938911118 -0.187173546 -0.00105575636 0.982281423
70.38141  -0.925116805 -0.0553156896 4.07474162 0.00955044633 -0.187501054 -0.000946797485 0.982217515
70.48505  -0.928647388 -0.0556250546 4.08349821 0.0100157227 -0.187807199 -0.000760426912 0.982154551
70.58876  -0.932170896 -0.0559379507 4.09226718 0.0105465026 -0.188194975 -0.000220335168 0.982075035
70.69238  -0.935789849 -0.05621254 4.101113 0.0108709355 -0.188587317 0.000262934615 0.981996221
70.79599  -0.939302381 -0.0565625548 4.10987574 0.0114261244 -0.18914483 0.000267107874 0.981882684
70.89976  -0.942833035 -0.0569095585 4.11859608 0.0121606772 -0.189561975 0.00028323355 0.981793408
71.00335  -0.946368709 -0.0572615371 4.12729018 0.0131403951 -0.189956165 0.000171712599 0.981704617
71.1072  -0.949929143 -0.0576083703 4.13595814 0.0132014804 -0.190318298 -0.00026295711 0.981633637
71.31434  -0.957086072 -0.0583353966 4.15342544 0.0129557872 -0.191124898 -0.00103398387 0.981479675
71.41808  -0.960682939 -0.0586705798 4.16214829 0.0130938975 -0.191540938 -0.000943638039 0.981396825
71.5218  -0.964270538 -0.0590405307 4.17088931 0.0128232568 -0.192013775 -0.000922063226 0.981308017
71.62541  -0.967853566 -0.0593891006 4.17958747 0.0126268123 -0.192428371 -0.00083608915 0.981229426
71.72915  -0.9714592 -0.0596919026 4.18827562 0.0130276309 -0.192835527 -0.000148205395 0.981144596
71.8329  -0.975046174 -0.0600719879 4.19693024 0.012889401 -0.193309112 9.29159584e-05 0.981053231
71.93653  -0.97864728 -0.0604445102 4.20559657 0.0128441426 -0.193706452 0.000349241461 0.98097539
72.04025  -0.982242531 -0.0608200731 4.21425503 0.0135039496 -0.194190086 0.000620605438 0.980870771
72.14399  -0.985845602 -0.0612099978 4.22287295 0.0138287503 -0.194666672 0.00072031639 0.980771703
72.2476  -0.989511985 -0.0615494678 4.23155348 0.0144268443 -0.194991528 0.00108032215 0.980698222
72.35137  -0.993050716 -0.0619700809 4.2400573 0.015029498 -0.195554897 0.00149629608 0.980576441
72.45496  -0.996637898 -0.0623770068 4.24861593 0.0150625489 -0.196024717 0.00171715323 0.98048176
72.55861  -1.0002602 -0.0627822669 4.25721157 0.0151527703 -0.196400512 0.00137610166 0.980405701
72.66232  -1.00392818 -0.0631773094 4.26587696 0.0150556291 -0.196686485 0.00112371856 0.980350188
72.76606  -1.00761069 -0.0635797677 4.27457876 0.0154572808 -0.196919849 0.00106828611 0.980297151
72.86969  -1.01128381 -0.0639879845 4.28321893 0.0164712526 -0.197225783 0.000989377312 0.980219215
72.97342  -1.01493867 -0.0644056996 4.2917962 0.0171427756 -0.197495072 0.000918672044 0.980153548
73.07716  -1.01856305 -0.0647743363 4.300377 0.0174141862 -0.19769851 0.00124341206 0.980107392
73.18081  -1.02223324 -0.0652610097 4.30897504 0.0173654548 -0.198081106 0.0011410811 0.980031129
73.2844  -1.02592275 -0.0657117177 4.31757251 0.0167529513 -0.198395007 0.000653866221 0.979978741
73.38813  -1.02958346 -0.0661465299 4.32612068 0.0170468205 -0.198660462 0.000409554238 0.979920027
73.49174  -1.03326185 -0.0665805957 4.33469643 0.0172794457 -0.198952555 0.000591554514 0.979856598
73.59536  -1.03694327 -0.0670047549 4.34327188 0.0172000702 -0.199371938 0.000478952021 0.97977281
73.69898  -1.04059068 -0.067443619 4.35176667 0.0174079404 -0.199716178 0.000349221428 0.979699081
73.80272  -1.0442602 -0.0678852849 4.36027311 0.0174343331 -0.199999385 0.000252320621 0.979640866
73.90633  -1.04792509 -0.0682536869 4.36879707 0.0172871122 -0.20033226 0.00026852364 0.979575454
74.01009  -1.05160722 -0.0687314782 4.37730348 0.0169257207 -0.200643322 0.000303600265 0.979518088
74.11368  -1.05529425 -0.069168573 4.38579713 0.0164602939 -0.200986067 0.000399982293 0.979455716
74.21743  -1.05897243 -0.0695996756 4.39426799 0.0161645409 -0.201355475 0.000536652219 0.979384701
74.32104  -1.06267462 -0.0700155226 4.40286353 0.0161136966 -0.201716958 0.000760065158 0.979311003
74.4247  -1.06634719 -0.0704462284 4.41124572 0.0162360211 -0.202023459 0.000617534028 0.9792459
74.52842  -1.07003359 -0.0708677884 4.41966932 0.0163532248 -0.202333623 0.000557323203 0.979179946
74.63201  -1.07373472 -0.0712997405 4.42809867 0.0166255631 -0.202707018 0.000481114563 0.979098169
74.73578  -1.07742816 -0.0717327453 4.4365138 0.0168091536 -0.20300225 0.000509395359 0.97903385
74.83937  -1.08110776 -0.0721703122 4.44490727 0.0168757703 -0.20334525 0.000495184216 0.978961528
74.94298  -1.08479876 -0.0726101723 4.45330491 0.0167527569 -0.203666827 0.000365582967 0.978896846
75.04674  -1.08848379 -0.0730461485 4.46167219 0.0165153481 -0.203871033 0.000276750007 0.978858401
75.15034  -1.09213574 -0.0734828795 4.46993732 0.0163970163 -0.203930648 -2.25608843e-05 0.978848011
75.25396  -1.09607309 -0.0738496223 4.47864168 0.0160036253 -0.203708041 -0.000238101934 0.978900844
75.3577  -1.0995704 -0.0743057334 4.48673587 0.0153972165 -0.20373372 -0.000209335749 0.978905232
75.46143  -1.10317385 -0.0747163841 4.49493733 0.0150810524 -0.203760935 -0.000210013869 0.978904489
75.66879  -1.11048625 -0.075514182 4.51148745 0.0154905483 -0.203932406 -0.000704359189 0.978862156
75.77241  -1.11412352 -0.0758796406 4.51964416 0.0155045875 -0.203991954 -0.000764598562 0.978849481
75.87616  -1.11777128 -0.0762974694 4.52791672 0.0148200467 -0.204140544 -0.000871138975 0.978829017
75.97976  -1.12141135 -0.0766906818 4.53615627 0.015166805 -0.204378718 -0.000444976863 0.978774289
76.08325  -1.12503639 -0.0770844841 4.54432926 0.0159570031 -0.20468818 -0.000109119206 0.97869715
76.18687  -1.1286287 -0.0774636975 4.55242332 0.0157237016 -0.205054023 0.000155606782 0.978624335
76.29048  -1.1322128 -0.077840001 4.56051069 0.0148021542 -0.205413637 0.000415015107 0.978563213
76.3941  -1.13619033 -0.0781892238 4.56935962 0.0140867771 -0.20555572 0.000599145074 0.978543842
76.49761  -1.13963239 -0.0785807466 4.57714714 0.0144585665 -0.206003687 0.000726675015 0.978444124
76.60121  -1.14316318 -0.0789611569 4.58508446 0.0149454557 -0.206332594 0.000952878333 0.978367306
76.70486  -1.14674416 -0.0793425492 4.59308968 0.0153706372 -0.206696149 0.00106409801 0.978283861
76.80845  -1.15036561 -0.0797300518 4.60113955 0.0149989859 -0.207008159 0.000755192201 0.978223943
76.91195  -1.15400463 -0.0801058601 4.60921383 0.0141256918 -0.207347348 0.000521006394 0.978165257
77.01555  -1.15774374 -0.0804647293 4.61751732 0.0136196259 -0.207591444 0.000442366191 0.978120699
77.22277  -1.16496355 -0.0811859771 4.63352715 0.0135165691 -0.208191398 0.000309152422 0.977994657
77.32639  -1.16858212 -0.0815520252 4.64152258 0.0149365168 -0.208548228 0.000625184122 0.97789782
77.53363  -1.17590766 -0.0823391309 4.65759279 0.0156456906 -0.209298428 0.000827522666 0.977726289
77.74086  -1.18313721 -0.0830826449 4.67350791 0.0125075546 -0.20987866 -0.000140880456 0.977647426
77.84447  -1.18681907 -0.0834180537 4.681565 0.0122960504 -0.210169036 -0.000321386168 0.977587684
78.05183  -1.19407016 -0.0841027746 4.69735736 0.0140477936 -0.210845875 -0.000145151256 0.977418363
78.15545  -1.19766592 -0.0844600377 4.70521595 0.0142180006 -0.211314418 0.000546338646 0.977314569
78.25919  -1.20125964 -0.0848261454 4.71307753 0.0137596783 -0.211719939 0.000667602073 0.977233285
78.3628  -1.20469563 -0.0850957496 4.72056268 0.0134463442 -0.212021936 -4.98532438e-05 0.977172396
78.57005  -1.21200405 -0.0858413824 4.73633126 0.0126850729 -0.211589598 -0.00135478915 0.977275343
78.67377  -1.21561247 -0.0861878692 4.7441575 0.0120880549 -0.211165833 -0.00164844029 0.977374111
78.77738  -1.21918524 -0.086510893 4.75193518 0.0117767382 -0.210711355 -0.0015757622 0.977476112
78.98461  -1.22624467 -0.0871576093 4.76738936 0.012711944 -0.210027154 -0.00149252153 0.97761177
79.19184  -1.23335893 -0.0877608424 4.78289453 0.0128621042 -0.209332231 -0.00194513088 0.977758048
79.3992  -1.24036009 -0.0884230604 4.79835836 0.0122289212 -0.208683809 -0.00150011898 0.977905553
79.60643  -1.24740214 -0.0890593595 4.81393908 0.0127927128 -0.208056861 -0.00121144553 0.978032321
79.81379  -1.25431718 -0.0896984937 4.82935433 0.0126764226 -0.207004559 -0.000971028924 0.978257368
80.12463  -1.26460984 -0.0906407456 4.85239253 0.0115092601 -0.20342828 -0.00254609015 0.979018891
80.4356  -1.27443363 -0.0914709596 4.87486655 0.0113051999 -0.199574795 -0.00256914329 0.979814009
80.7467  -1.28430467 -0.0924067147 4.89790015 0.0117938158 -0.195091826 -0.00359642 0.980707475
80.95406  -1.29070032 -0.0930157964 4.91319813 0.0106023209 -0.192304574 -0.00294844324 0.981273585
81.05769  -1.29386693 -0.0933023624 4.92086799 0.00999894948 -0.191172383 -0.00295226565 0.981501108
81.16143  -1.29685717 -0.0935535354 4.92812323 0.010042526 -0.190103788 -0.00289654044 0.981708362
81.36877  -1.30311262 -0.094121106 4.94347023 0.010118795 -0.188034334 -0.00325324979 0.982104941
81.47239  -1.30616249 -0.0943810259 4.951083 0.0098135038 -0.187117188 -0.00300493765 0.982283983
81.67961  -1.31219307 -0.0949270006 4.96620619 0.00970303679 -0.186225071 -0.00155727312 0.982457963
81.78311  -1.31522528 -0.0952063777 4.97385354 0.010068511 -0.185947294 -0.00078205998 0.98250782
81.99035  -1.32125496 -0.0957902856 4.98899511 0.0115338443 -0.185240689 -0.00126445509 0.982624678
82.19758  -1.32710945 -0.0963801301 5.00384931 0.0120699803 -0.184570944 -0.00116071987 0.982744389
82.40492  -1.33301857 -0.0970406555 5.01881115 0.0119265114 -0.184268805 -0.000839914797 0.982803165
82.61216  -1.33889507 -0.0976513302 5.03369828 0.0120322977 -0.18439931 -0.000980057316 0.982777268
82.71589  -1.3418279 -0.0979574062 5.04111941 0.0116447 -0.184709761 -0.00127028136 0.982723304
82.81952  -1.34476015 -0.098262171 5.04852312 0.0112207018 -0.185212707 -0.00163079186 0.982633039
82.92313  -1.34772112 -0.0985644707 5.05600456 0.00999326701 -0.185794744 -0.00111890324 0.982537122
83.13048  -1.35356502 -0.0990751917 5.07069737 0.00663312699 -0.187799056 -0.00121163152 0.982184325
83.23422  -1.35651633 -0.0992964605 5.07802255 0.00663079797 -0.188660702 -0.00170354027 0.982018467
83.44164  -1.36243586 -0.0997956542 5.09255615 0.0119771431 -0.191015843 -0.000296686973 0.981513835
83.54523  -1.36540418 -0.100092696 5.09981186 0.0128209244 -0.192614799 0.000987158136 0.98119019
83.75255  -1.3715064 -0.100703852 5.11447365 0.00987256241 -0.195788924 0.00166185909 0.980594956
83.96003  -1.37757967 -0.1011632 5.12880906 0.00776872059 -0.19823232 0.000158933598 0.980124262
84.06365  -1.3806569 -0.101377478 5.13596358 0.0082983051 -0.199167983 0.000505845892 0.979930098
84.271  -1.3868108 -0.101840634 5.15022854 0.00724542576 -0.201034265 0.00148746193 0.979556285
84.3751  -1.38990949 -0.102055667 5.1573155 0.00718110744 -0.20168877 0.00048395338 0.979423217
84.58213  -1.39611925 -0.102465612 5.17152756 0.00811773796 -0.202052267 -0.00135510926 0.979340159
84.78941  -1.40230072 -0.102946466 5.18563174 0.00808038919 -0.202496687 -0.00276599045 0.979245704
84.89317  -1.40537985 -0.103179369 5.19265291 0.00773150763 -0.202602197 -0.00288664234 0.979226348
85.10049  -1.41155803 -0.103634026 5.20670881 0.00789474494 -0.202725738 -0.00265367408 0.979200136
85.30768  -1.41772232 -0.104098325 5.22071176 0.00838234189 -0.202667414 -0.00269815375 0.979208035
85.51502  -1.42383318 -0.104547197 5.2346722 0.00733047567 -0.203092288 -0.00194970298 0.979130219
85.72309  -1.42996167 -0.104971243 5.24865672 0.00649194746 -0.203716181 -0.00177606353 0.979006853
86.03369  -1.43908996 -0.105554725 5.26931302 0.00574054105 -0.204928944 -0.00234671099 0.978757205
86.24076  -1.44519896 -0.105913476 5.28303235 0.00584724791 -0.206436042 -0.00119399463 0.978441896
86.44845  -1.45134229 -0.106311506 5.29669913 0.00745954949 -0.208189351 -0.0003761491 0.978060023
86.65563  -1.4575766 -0.106708039 5.3103784 0.00514659098 -0.209688373 -0.00232978957 0.977751948
86.86301  -1.4640935 -0.106969089 5.32441261 0.00385600312 -0.210720293 -0.00364980937 0.977531978
87.07055  -1.47015182 -0.107319773 5.33774359 0.00453750467 -0.212439567 -0.00414975953 0.97715486
87.27832  -1.47634144 -0.10765414 5.35108251 0.00358036965 -0.21371702 -0.0041241575 0.976880345
87.48535  -1.48254777 -0.107981152 5.36438426 0.00446535886 -0.214414982 -0.00301499213 0.976727795
87.6927  -1.48865748 -0.108320091 5.37755474 0.00388782076 -0.214849965 -0.000503757309 0.976639198
87.90012  -1.49491505 -0.108575798 5.3906488 0.00180765317 -0.214187909 0.000780832916 0.976790491
88.1074  -1.50078325 -0.108921194 5.40353241 0.00232524176 -0.213850748 -0.000989423266 0.976863077
88.31496  -1.50673099 -0.109227759 5.41629261 0.00358480866 -0.213163011 -0.00302019496 0.977005403
88.52233  -1.51265647 -0.109516936 5.42903554 0.00268860123 -0.212441911 -0.0037213701 0.977162912
88.72978  -1.51851062 -0.109768786 5.44168192 0.0019152623 -0.211487181 -0.00526997338 0.977364687
88.93726  -1.52425476 -0.10999811 5.45420458 0.000659718964 -0.210028886 -0.00594053659 0.977676911
89.14456  -1.53025065 -0.110152047 5.46663247 -0.000719042895 -0.208080216 -0.00386316293 0.978103871
89.35191  -1.53547514 -0.110363508 5.478901 -0.00195843307 -0.207523196 -0.000498906658 0.97822801
89.45553  -1.53813465 -0.110468874 5.4849385 -0.00178150717 -0.207153311 0.00139219602 0.97830588
89.66276  -1.54347318 -0.110685627 5.49686957 -0.00248004752 -0.206046832 0.00452703048 0.978528517
89.87026  -1.54872041 -0.110905897 5.50866782 -0.0025093575 -0.204691109 0.00760472115 0.97879386
90.0776  -1.55421959 -0.111033439 5.52040869 -0.00312085237 -0.201652119 0.00974207251 0.979403786
90.28508  -1.55884006 -0.111289736 5.53193141 -0.00399343397 -0.19979667 0.0130672583 0.979742104
90.49243  -1.56355882 -0.111511101 5.54319672 -0.00437238224 -0.196838162 0.0153940162 0.980305383
90.69991  -1.56818385 -0.111710536 5.55428893 -0.00533786767 -0.191214702 0.0161736917 0.981400457
90.90727  -1.57262242 -0.111884323 5.56523766 -0.00569657636 -0.183862627 0.0169317505 0.982789601
91.01101  -1.57472947 -0.111972821 5.57064715 -0.00532286633 -0.17921648 0.0165305699 0.983656373
91.21837  -1.57867147 -0.112156264 5.58134433 -0.00440948371 -0.166591357 0.0161144418 0.985884476
91.32213  -1.580494 -0.112251904 5.58664033 -0.00430087601 -0.159148323 0.0168031457 0.987102309
91.42585  -1.58220858 -0.112344955 5.59193674 -0.00455702393 -0.151319283 0.018015955 0.988310241
91.52959  -1.58398078 -0.112364042 5.59704111 -0.00494054656 -0.142822221 0.0193244825 0.989547355
91.73695  -1.58679882 -0.112534263 5.60772311 -0.00560192932 -0.12583725 0.0220279711 0.991790489
91.84069  -1.58810028 -0.11260959 5.61303981 -0.00591689066 -0.116673261 0.0225342266 0.992897049
91.94442  -1.58933148 -0.112684565 5.61836958 -0.00516889186 -0.107078436 0.0235158742 0.993959001
92.04816  -1.59058029 -0.112685935 5.62373572 -0.00483941686 -0.0966997457 0.0238022269 0.995017182
92.1519  -1.59150649 -0.112774228 5.62912245 -0.00603526494 -0.086301891 0.0249467237 0.995938362
92.25565  -1.59237876 -0.112824008 5.63448746 -0.00696830698 -0.0752714257 0.0256479529 0.996808827
92.35939  -1.59315029 -0.11286341 5.63986691 -0.00713589835 -0.0639219404 0.0262493213 0.997584101
92.46312  -1.59380252 -0.112896624 5.64525009 -0.00720446231 -0.052361197 0.0260626199 0.99826206
92.56689  -1.59431346 -0.112922245 5.65059693 -0.00680567803 -0.0404216718 0.0260651074 0.998819494
92.67048  -1.59468459 -0.112947713 5.65593815 -0.00630066868 -0.0281476257 0.0261120438 0.9992428
92.77425  -1.594894 -0.1129678 5.66130096 -0.00667464051 -0.0154268021 0.0262941484 0.999512922
92.87797  -1.59522667 -0.11295327 5.66634481 -0.00755860623 -0.00240485174 0.0269078159 0.999606449
92.9817  -1.59511812 -0.112951411 5.67190369 -0.00930792512 0.010683204 0.0273530186 0.999525409
93.08545  -1.59493161 -0.112937741 5.6773605 -0.0106285868 0.0238730641 0.0274600043 0.999281271
93.18921  -1.59463043 -0.112910511 5.6827704 -0.0102208474 0.0372296325 0.0285695547 0.998845969
93.29293  -1.5942304 -0.112878146 5.68816433 -0.00880575908 0.050487508 0.0287423149 0.998272182
93.39654  -1.59365438 -0.112850766 5.69352304 -0.00813476576 0.0637134312 0.0293771113 0.997502586
93.50028  -1.59290765 -0.112830073 5.69885232 -0.00782373346 0.0771706494 0.0296428922 0.996546426
93.60402  -1.59254058 -0.112813483 5.70365444 -0.00786907874 0.0908467595 0.0301732097 0.995376573
93.70767  -1.59120152 -0.112770202 5.7091895 -0.00869055016 0.104666213 0.0306721425 0.993996317
93.81138  -1.58989182 -0.112727386 5.71455515 -0.00882927748 0.118836221 0.0311176768 0.992386863
93.91512  -1.58849338 -0.112680347 5.71981878 -0.00830309486 0.1331168 0.0313736496 0.990568862
94.0189  -1.58694895 -0.112636797 5.72500698 -0.00751865873 0.147330954 0.0321613126 0.988535639
94.12248  -1.58528104 -0.112586399 5.73018043 -0.00742359385 0.161399883 0.0326948458 0.986319428
94.22629  -1.58346696 -0.112532737 5.73532294 -0.00821741017 0.175446149 0.0333318629 0.983890294
94.32983  -1.58159093 -0.112451489 5.74037749 -0.00904653833 0.189675185 0.0331527439 0.981245321
94.43357  -1.57946 -0.112388033 5.74543639 -0.00929815235 0.203738751 0.0327989856 0.978431547
94.5372  -1.57720677 -0.112312285 5.7504378 -0.00866916655 0.217484219 0.0326152577 0.975480243
94.6408  -1.57478984 -0.112228014 5.75540601 -0.00871862598 0.230915231 0.0326254389 0.97238764
94.74454  -1.57273089 -0.112138226 5.75994791 -0.00917823097 0.244317328 0.0336106276 0.969069207
94.84829  -1.56979415 -0.112028577 5.76496076 -0.00916170455 0.25743385 0.0337998105 0.965661146
94.95189  -1.56688974 -0.111918137 5.76977938 -0.00904536375 0.270499434 0.0346117615 0.962055229
95.05566  -1.56392028 -0.111803248 5.774477 -0.00943226484 0.283508985 0.0348666862 0.958289101
95.15937  -1.56085631 -0.111682453 5.77906596 -0.00910897671 0.29655642 0.0348148249 0.954337071
95.26312  -1.55763429 -0.111556993 5.78360023 -0.00860367587 0.30948821 0.035308876 0.95020856
95.36673  -1.55426601 -0.111430598 5.78809719 -0.00845937083 0.321923752 0.0353587864 0.946067277
95.47047  -1.55126153 -0.111302837 5.79223952 -0.00812170776 0.334407685 0.035874714 0.941710435
95.57409  -1.54744483 -0.111163188 5.79660711 -0.00799943293 0.346119972 0.0364332436 0.937448448
95.67783  -1.54366538 -0.111022584 5.80086144 -0.00850038356 0.357883673 0.0370591956 0.932991766
95.78157  -1.53982048 -0.110874996 5.80502438 -0.00842892411 0.369705085 0.0371681098 0.928367188
95.8852  -1.53585506 -0.110716784 5.8091131 -0.00800674999 0.381619359 0.0373247677 0.923530951
95.9888  -1.53177385 -0.110560578 5.81312169 -0.0071850024 0.393601003 0.0368255749 0.91851538
96.09254  -1.52755826 -0.110405115 5.81704933 -0.00565751862 0.405829169 0.036461402 0.913203835
96.19616  -1.52322226 -0.110255688 5.82087767 -0.00532761701 0.418021368 0.0361313692 0.907702747
96.29977  -1.51875941 -0.110113067 5.82460576 -0.00552396173 0.430345859 0.0355896334 0.90194529
96.40341  -1.51430612 -0.109932578 5.8281957 -0.00613076571 0.442976914 0.0358480471 0.895795057
96.50713  -1.50946557 -0.109780142 5.83173918 -0.0073538333 0.455125949 0.0364601596 0.889649902
96.61091  -1.50457589 -0.109602784 5.83514016 -0.00753105681 0.46749836 0.0366346776 0.883202393
96.7145  -1.50031194 -0.1094126 5.83844816 -0.00650699219 0.480030798 0.036259069 0.876477822
96.81822  -1.4949587 -0.109213011 5.84160788 -0.00610623339 0.492179923 0.0362610617 0.86971649
96.92184  -1.4896643 -0.109017248 5.84463907 -0.00628134003 0.504220599 0.0365940334 0.862776338
97.02558  -1.48431124 -0.108816394 5.84752676 -0.00644600614 0.516355198 0.0369965198 0.855550709
97.12932  -1.47881581 -0.108606855 5.85027916 -0.00681642069 0.528551152 0.0370792408 0.848063881
97.23306  -1.47325229 -0.108393676 5.85288508 -0.00671560919 0.54085144 0.0369093988 0.840281094
97.33681  -1.46812931 -0.108173558 5.85537647 -0.00626030725 0.553286852 0.0367712535 0.83215524
97.44042  -1.46220833 -0.10795051 5.8576574 -0.00660847014 0.565580766 0.0364872878 0.823858849
97.54416  -1.45638076 -0.107724374 5.85978266 -0.00653987752 0.577835338 0.0365628791 0.815307738
97.6479  -1.45061406 -0.107493525 5.8617253 -0.00689183027 0.589951164 0.0361584085 0.806599465
97.75164  -1.44467412 -0.107258993 5.86353075 -0.0066891194 0.601872341 0.0367319919 0.797719062
97.85525  -1.43871366 -0.107013902 5.86515905 -0.00725440957 0.613589435 0.0368856523 0.788729882
97.95899  -1.43283834 -0.106768356 5.86659545 -0.00741405032 0.625271372 0.0371495877 0.779487429
98.06274  -1.42675929 -0.106512706 5.86787036 -0.00709635595 0.636868397 0.0371254614 0.770045445
98.16652  -1.42076292 -0.106258119 5.86897272 -0.0070684394 0.648307133 0.0369139455 0.760450695
98.27011  -1.41457211 -0.105975221 5.86981944 -0.00660259742 0.659645514 0.0365177193 0.750660148
98.37383  -1.40853745 -0.105719065 5.87059368 -0.00663199466 0.67077085 0.0369330456 0.740714812
98.47745  -1.40234082 -0.105443343 5.87115475 -0.00722323483 0.681742331 0.0372552909 0.730607461
98.58106  -1.39602169 -0.105158204 5.87151503 -0.0072107482 0.692728951 0.0371666434 0.720203614
98.6848  -1.38965604 -0.104852573 5.87170738 -0.00668625169 0.703640237 0.0367937683 0.709571652
98.78842  -1.38342961 -0.104569994 5.87167383 -0.00594062684 0.714144368 0.0362337774 0.699034794
98.89215  -1.37711073 -0.10427977 5.87146189 -0.00539010357 0.724379464 0.0358471101 0.688447764
98.99577  -1.37069925 -0.103986405 5.8710622 -0.00528955461 0.734284001 0.0357207412 0.677881299
99.09951  -1.36421736 -0.103683336 5.87047417 -0.00563974561 0.743900432 0.0360299527 0.667294674
99.20313  -1.35768526 -0.103376692 5.86970729 -0.00624444946 0.753285608 0.036273031 0.656662826
99.30675  -1.35118178 -0.10306116 5.86875189 -0.00604460562 0.762489524 0.036133877 0.645962485
99.41036  -1.34466097 -0.102740089 5.86761571 -0.00615653654 0.771303312 0.0355304402 0.635445423
99.51397  -1.33808868 -0.102408861 5.86614532 -0.00582816411 0.77951817 0.0357742021 0.625330042
99.61773  -1.33164254 -0.102089311 5.86474678 -0.00571143671 0.787682343 0.0359863177 0.615003164
99.72133  -1.32524339 -0.101760636 5.86310787 -0.00521040638 0.795428396 0.036101214 0.60494894
99.82507  -1.3188562 -0.101424554 5.86126886 -0.00428732172 0.80287697 0.0361674962 0.595031178
99.92869  -1.31240126 -0.101083745 5.85913223 -0.00440113783 0.809888463 0.0357730585 0.58547553
100.0324  -1.30604945 -0.100736158 5.85702423 -0.00498229516 0.816869869 0.0366192638 0.575636886
100.1362  -1.29969554 -0.10038012 5.85471382 -0.00621606658 0.82359347 0.0361406167 0.565993827
100.2398  -1.29336518 -0.100014722 5.85221507 -0.0052007753 0.829985824 0.0357768791 0.556611623
100.3435  -1.28705982 -0.0996423224 5.8495534 -0.00529404077 0.835840561 0.0356043933 0.547790887
100.4471  -1.2808081 -0.0992766051 5.84677467 -0.00509213377 0.841306578 0.035878773 0.539342216
100.5508  -1.27453618 -0.0989089789 5.84383129 -0.00460650249 0.846338127 0.0363673137 0.531383077
100.6544  -1.26830285 -0.0985422705 5.84076846 -0.00430420222 0.850857124 0.0366651264 0.524098556
100.758  -1.26230987 -0.0981301138 5.83767865 -0.00316970727 0.854819473 0.0364452159 0.517634396
100.8616  -1.25604612 -0.0977819688 5.83437794 -0.00218705025 0.858703921 0.036304869 0.511179762
100.9652  -1.24985239 -0.0974165894 5.83097157 -0.00141253434 0.862236964 0.0360837466 0.505216178
101.0688  -1.24373143 -0.0970528566 5.82749092 -0.000929437676 0.865498574 0.0363477996 0.499590024
101.1724  -1.23755342 -0.0966807085 5.8238995 -0.000668568511 0.868553481 0.0363020664 0.494263658
101.2762  -1.2314269 -0.0963105229 5.82023505 -0.000573127113 0.871424719 0.0364002696 0.489176502
101.3798  -1.22530279 -0.0959334207 5.81648342 -0.00119469843 0.874131494 0.0358251766 0.484364801
101.4834  -1.21919504 -0.0955558875 5.81263772 -0.00135156778 0.876564032 0.0360146624 0.479933969
101.587  -1.21306488 -0.0951263518 5.80877942 -0.00165352792 0.878533681 0.0366650256 0.47626832
101.6906  -1.20701835 -0.0947594592 5.80479609 -0.00155165237 0.88002993 0.037378278 0.473442476
101.7943  -1.20095922 -0.0943644571 5.8007777 -0.00103485924 0.88132859 0.0374881259 0.471013255
101.8979  -1.19494318 -0.0939688145 5.79675963 -0.00125440548 0.882597004 0.0377224262 0.468612818
102.0016  -1.18884972 -0.0935715855 5.79263767 -0.00161077469 0.883879305 0.037913483 0.466173087
102.1052  -1.18280563 -0.09317423 5.78851025 -0.00205305898 0.885027188 0.037722471 0.464003962
102.2089  -1.17681938 -0.0927702536 5.78438028 -0.0023965744 0.885995967 0.0378254669 0.46214136
102.3126  -1.17080821 -0.0923706925 5.78019279 -0.00272863289 0.88677959 0.038033664 0.460616927
102.4162  -1.16484827 -0.0919553419 5.77600259 -0.00287113619 0.887438364 0.0379781703 0.459350156
102.52  -1.15893322 -0.0915405116 5.77184079 -0.00247451534 0.888038841 0.0377189754 0.458211929
102.6236  -1.15293944 -0.0911404979 5.76758235 -0.00248322301 0.888521351 0.0375641284 0.457288289
102.7273  -1.1469427 -0.0907408587 5.76330439 -0.00221679606 0.888932619 0.0375352222 0.45649205
102.8309  -1.14093352 -0.0903475338 5.75900069 -0.00224954733 0.88925843 0.0376142919 0.455850358
102.9347  -1.13475805 -0.0898907451 5.75469167 -0.00236782385 0.889625643 0.037282452 0.455160002
103.0383  -1.12887887 -0.089526517 5.75040632 -0.00231045291 0.889871674 0.0375484358 0.454657212
103.142  -1.12291519 -0.0891348462 5.74609007 -0.00240741716 0.890095339 0.0381123685 0.454171706
103.2457  -1.11694935 -0.0887248208 5.74176717 -0.00267865511 0.890317547 0.0384508369 0.453705878
103.3494  -1.11092897 -0.0883068292 5.73739436 -0.00294292342 0.890573513 0.0387643599 0.45317489
103.453  -1.10490748 -0.0878801921 5.73302842 -0.00304302426 0.890858569 0.0388234258 0.452608542
103.5567  -1.09888887 -0.0874555166 5.72865912 -0.0031359637 0.891157364 0.0383432631 0.452060297
103.6603  -1.09289491 -0.0870340064 5.72429921 -0.00308040696 0.891436246 0.0380982788 0.451531229
103.7641  -1.08694576 -0.086615058 5.71995429 -0.00333664811 0.891687012 0.0386941 0.450983265
103.8677  -1.08101679 -0.0862035732 5.71562862 -0.00375825427 0.891959399 0.0388847831 0.450424555
103.9713  -1.07505549 -0.0857624806 5.71134275 -0.00388976296 0.892335224 0.038753864 0.449689733
104.0751  -1.06924427 -0.0853858112 5.70702028 -0.00397742422 0.892629858 0.0375408728 0.449206857
104.1787  -1.06339301 -0.0850017193 5.70269953 -0.00372845501 0.893011012 0.0366386214 0.448525408
104.2823  -1.05756057 -0.0846305351 5.69839626 -0.00339662598 0.893388908 0.0357471889 0.447846917
104.386  -1.05183078 -0.0842548204 5.6942635 -0.00324574337 0.893853412 0.0354486397 0.446943998
104.4898  -1.04605623 -0.0839023093 5.68986914 -0.00295804505 0.89437349 0.0354163213 0.445906935
104.5934  -1.04034195 -0.0835433005 5.68555934 -0.00311038445 0.895194703 0.0359852963 0.444209217
104.6973  -1.03467884 -0.0831910236 5.68128878 -0.00367705374 0.896315226 0.0359044836 0.441946109
104.8009  -1.02909357 -0.0828390347 5.67705278 -0.00425772635 0.897782798 0.0356154872 0.438975461
104.9046  -1.02357544 -0.0824935664 5.67278341 -0.00474198133 0.899567973 0.03538859 0.43531899
105.0084  -1.01811708 -0.0821497113 5.66847832 -0.00510444007 0.901600714 0.0349757048 0.431122717
105.1121  -1.01273652 -0.0818070859 5.66413131 -0.00494851363 0.903825931 0.0348790219 0.426447713
105.2159  -1.00742372 -0.0814709184 5.65975185 -0.00571839841 0.906289896 0.0351388356 0.421154587
105.3194  -1.00221122 -0.0811338684 5.65533665 -0.00651527137 0.909150191 0.0350473763 0.414939952
105.4232  -0.997105832 -0.0808002291 5.65089023 -0.00699516846 0.91233706 0.0347406908 0.407903471
105.5269  -0.992144161 -0.0804608525 5.64647398 -0.00730396316 0.915797164 0.0341942164 0.400116185
105.6307  -0.98732087 -0.0801495358 5.6419181 -0.00716878293 0.919400351 0.0330920529 0.391862884
105.7344  -0.982614151 -0.0798424547 5.63733883 -0.00683224551 0.923220227 0.0324904914 0.382834299
105.8381  -0.978067013 -0.0795492137 5.6327281 -0.00654727348 0.927163109 0.031733311 0.373254201
105.9419  -0.973690762 -0.0792631278 5.62806893 -0.00623338669 0.931173077 0.0314539898 0.363164552
106.0456  -0.969396899 -0.0789770297 5.62331258 -0.00635943723 0.935275639 0.0318816797 0.352423886
106.1494  -0.965221066 -0.0786910708 5.61846068 -0.00606280151 0.939594497 0.0316896313 0.340765594
106.2531  -0.961178543 -0.0784058831 5.6135087 -0.00608531255 0.944096989 0.030798488 0.328169617
106.357  -0.957216928 -0.0781261329 5.60846976 -0.00599388017 0.94865468 0.0302996188 0.314802008
106.4608  -0.953518095 -0.077842874 5.60332027 -0.00495487138 0.953082565 0.0295890777 0.301220118
106.5645  -0.949970105 -0.0775762986 5.59808362 -0.0031245874 0.957379377 0.0291477269 0.287341916
106.6682  -0.946526383 -0.0773155335 5.59275705 -0.00261060071 0.961575485 0.0285548991 0.273039171
106.7719  -0.943304022 -0.07706478 5.5873053 -0.00130220886 0.965621523 0.0285363024 0.258377744
106.8757  -0.940237242 -0.0768171573 5.58178373 -0.000916844924 0.969546667 0.028922816 0.243191059
106.9793  -0.93724005 -0.0765598507 5.57612965 -0.00123823263 0.973464739 0.0295304056 0.226920304
107.0832  -0.934581512 -0.076297951 5.57039601 -0.000943181014 0.977189269 0.0294442653 0.210317088
107.1869  -0.932093965 -0.0760471788 5.56461801 -0.00152641303 0.980737394 0.0288771566 0.193178529
107.2905  -0.929796648 -0.0758054107 5.55874129 -0.0011695866 0.984076402 0.0273249485 0.175629193
107.3943  -0.9276971 -0.0755648674 5.5527789 -0.000801636271 0.987063583 0.0261270722 0.158184121
107.498  -0.925836061 -0.0753503511 5.54673312 -0.000338817555 0.989673755 0.0260366934 0.140953303
107.6016  -0.924177112 -0.075127167 5.54062148 7.45082491e-05 0.992015711 0.0258248178 0.123441896
107.7054  -0.922674636 -0.0748977921 5.53447513 0.000154898925 0.994121767 0.0250012564 0.105341474
107.8091  -0.92148206 -0.0746887484 5.5282579 -0.00014699105 0.995826389 0.0254155187 0.0876574718
107.9128  -0.920489256 -0.0744861535 5.52201366 -0.000742598882 0.997244182 0.0252489913 0.0697565689
108.0164  -0.919612558 -0.074249112 5.51563816 -0.000784883141 0.998392875 0.0242218008 0.0512284701
108.1202  -0.919127298 -0.0740670137 5.50939985 -0.000932677066 0.999185702 0.0225836525 0.0334221763
108.2239  -0.91883151 -0.0738874397 5.50310984 -8.04274904e-05 0.999651769 0.0212385991 0.0156606425
108.3276  -0.918751177 -0.0737242862 5.49678571 0.00036800501 0.999791948 0.0202872414 -0.0020865194
108.4312  -0.918895477 -0.0735680986 5.49043102 0.00123154525 0.999617886 0.019052262 -0.0199894278
108.5349  -0.919169585 -0.0733979766 5.48384527 0.00127733693 0.999104491 0.0182903418 -0.0381319706
108.6388  -0.919833718 -0.0732789482 5.47760004 0.00221094091 0.998312146 0.0170138185 -0.0554842362
108.7426  -0.920659978 -0.073168279 5.47132067 0.00236382902 0.997246875 0.0152025591 -0.0725393969
108.8459  -0.921684793 -0.0730628275 5.46498943 0.00310007873 0.995924664 0.0127397584 -0.0892308898
108.9497  -0.922923389 -0.0729833378 5.45872999 0.00366320715 0.994381774 0.0120143276 -0.105105304
109.0532  -0.924380573 -0.0729144549 5.45248511 0.00476989446 0.992655694 0.0123779392 -0.120244364
109.1569  -0.925916092 -0.0728101622 5.44622002 0.00540085848 0.990670185 0.0119895432 -0.135645366
109.2605  -0.927826117 -0.0727496023 5.44008484 0.00618483467 0.988556118 0.0110320507 -0.150322465
109.3644  -0.929866751 -0.0727036122 5.4340072 0.00708876127 0.986211113 0.00915364545 -0.165086644
109.4679  -0.932084643 -0.0726496578 5.42790993 0.0075568674 0.983590275 0.00672761115 -0.180132741
109.5716  -0.934494044 -0.0726283295 5.42190981 0.0067033525 0.980692112 0.00690974628 -0.195321024
109.6753  -0.937113745 -0.0725951257 5.41589192 0.0067273901 0.977361985 0.00860096542 -0.211292014
109.7791  -0.939816071 -0.0725252008 5.4099715 0.00455325798 0.973614915 0.0100573559 -0.227930064
109.8827  -0.942833641 -0.0725175977 5.40416288 0.00319489364 0.969561277 0.00610724237 -0.244751759
109.9864  -0.946002628 -0.0725328756 5.39846612 0.000302118197 0.965245379 0.000499594609 -0.261344635
110.0901  -0.949346749 -0.0725728493 5.3928367 -0.000996631448 0.960744171 -0.00136043169 -0.277430702
110.1939  -0.953012867 -0.0726633253 5.38726475 0.00062725846 0.956103457 0.000285568758 -0.293028506
110.2976  -0.956880649 -0.072718566 5.38178193 0.00302876638 0.951144872 0.00262016806 -0.308718957
110.4014  -0.960718737 -0.072755852 5.37652488 0.00414214882 0.945769793 0.00291443757 -0.324798165
110.5051  -0.965046415 -0.0727819574 5.3712424 0.00399078325 0.94015086 0.000943921139 -0.340733832
110.6089  -0.969473411 -0.0728472504 5.36613404 0.00290441995 0.934305113 -0.00178458629 -0.356458041
110.7125  -0.974071791 -0.0729425632 5.3611514 0.00176490686 0.928220109 -0.00392061081 -0.372006645
110.8162  -0.978452114 -0.0731014115 5.3567191 0.000681783905 0.922248158 -0.00532381961 -0.386561157
110.92  -0.983550442 -0.0732248296 5.35179465 -0.00068186417 0.915433373 -0.00575171869 -0.402427872
111.0236  -0.988522702 -0.0734036316 5.34728465 -0.00164028246 0.908437047 -0.00527655209 -0.417985167
111.1273  -0.993843409 -0.0735540708 5.34285524 -0.00310364484 0.901273229 -0.00480743006 -0.433213368
111.231  -0.99928853 -0.0737229402 5.33859275 -0.0044969521 0.893993069 -0.0054399332 -0.448025197
111.3347  -1.00362738 -0.0739107512 5.33540133 -0.00536139733 0.887895077 -0.00564134722 -0.459980177
111.4384  -1.00872681 -0.074094964 5.33140818 -0.0060229707 0.880335316 -0.0054975226 -0.474281807
111.542  -1.01200397 -0.0742909533 5.3285843 -0.00582411273 0.873360062 -0.00558246813 -0.487008334
111.6458  -1.01484482 -0.0744838033 5.32616121 -0.00568809826 0.86689274 -0.00464292207 -0.498440635
111.7494  -1.01805324 -0.0746388913 5.32371414 0.00529016648 -0.860481291 0.00450417714 0.509434662
111.853  -1.02114674 -0.0747942558 5.32147783 0.00528007467 -0.854415207 0.00515883708 0.519538411
111.9566  -1.02410207 -0.0749485313 5.31940798 0.00570099352 -0.848847504 0.00601479342 0.528572829
112.0602  -1.02643527 -0.0750968516 5.31790955 0.00484495361 -0.844638788 0.00761672906 0.535260525
112.1638  -1.0294424 -0.075264913 5.31601594 0.00423077012 -0.839885488 0.00840225999 0.542682107
112.2684  -1.03243432 -0.0754186736 5.31429053 0.00284319676 -0.835552859 0.00797420315 0.549344835
112.3709  -1.03527566 -0.0755575339 5.31271627 0.00234524432 -0.831307219 0.00684237105 0.555766128
112.4746  -1.03819438 -0.0756689472 5.31119708 0.00219493368 -0.827042687 0.00713668985 0.562089534
112.5782  -1.04080347 -0.0757877958 5.30989876 0.0027859959 -0.823373552 0.0079394508 0.567437395
112.6817  -1.04406185 -0.0759129031 5.3085004 0.00200191035 -0.820181103 0.00929203142 0.572025007
112.7856  -1.04712412 -0.0760472729 5.30724099 0.00108959671 -0.817875912 0.00905671098 0.575322328
112.8898  -1.04989405 -0.0761477935 5.30613389 0.000888798563 -0.816576083 0.00851231193 0.577174368
112.9924  -1.05316372 -0.0762670682 5.30485126 0.00126657183 -0.815331751 0.00796608557 0.578937883
113.096  -1.05628553 -0.0763684845 5.30367004 0.00183374384 -0.814480625 0.0076504515 0.580137414
113.1996  -1.05940196 -0.0764590674 5.30251427 0.00142512999 -0.813908969 0.00695428206 0.580949049
113.3032  -1.06239203 -0.0765117195 5.30138117 0.000316914693 -0.813491954 0.00598979235 0.581545238
113.4073  -1.06551191 -0.0765721555 5.30029739 0.000140580623 -0.813154505 0.00551564541 0.582021743
113.5105  -1.06864816 -0.076618497 5.29918293 9.56186863e-05 -0.812719314 0.00576320144 0.58262689
113.6142  -1.07180622 -0.0766750995 5.29807103 -9.55676211e-06 -0.812303993 0.00615323036 0.583201818
113.7179  -1.07498291 -0.07673298 5.29693581 0.000446568952 -0.811894035 0.0067361343 0.583765793
113.8238  -1.07814133 -0.0768020633 5.29581692 0.00172677751 -0.811559554 0.00695385806 0.584225771
113.9252  -1.08130751 -0.0768748059 5.29470412 0.00143398934 -0.811121705 0.00700605049 0.584833685
114.0288  -1.08449223 -0.0769412201 5.29358817 -0.000167054247 -0.810759813 0.00643044912 0.585343614
