0.10376 0.0515466 -0.0242488 1.00073 0.00126999 0.0217801 0.000852754 0.999762 
0.20759 0.146463 -0.0505162 1.99566 0.00362025 0.044353 0.00284738 0.999005 
0.311605 0.28792 -0.0790306 2.98669 0.00580231 0.0672706 0.00334141 0.997712 
0.415086 0.46575 -0.110293 3.96385 0.00720714 0.0904595 0.00244458 0.995871 
0.518869 0.697164 -0.143877 4.93464 0.00727576 0.113844 0.00394087 0.993464 
0.622688 0.971569 -0.180224 5.88765 0.00779529 0.136991 0.00479763 0.99053 
0.726432 1.28808 -0.218488 6.8262 0.0096718 0.15981 0.0064761 0.987079 
0.830171 1.65133 -0.254729 7.74395 0.0112182 0.181982 0.00850365 0.983201 
0.933953 2.0505 -0.291953 8.64624 0.0116036 0.204517 0.00869993 0.978756 
1.0377 2.48868 -0.330924 9.52739 0.0113763 0.227232 0.00937005 0.973729 
1.14148 2.96629 -0.369739 10.3842 0.0109503 0.250296 0.00981135 0.968058 
1.24514 3.48307 -0.408603 11.2156 0.010697 0.273339 0.0100485 0.961806 
1.34887 4.03669 -0.443974 12.0188 0.0109401 0.295996 0.0107257 0.955066 
1.45273 4.63144 -0.479023 12.7901 0.0118337 0.318321 0.0125166 0.947826 
1.55638 5.25212 -0.513619 13.5306 0.0123172 0.340248 0.0124904 0.940172 
1.6601 5.91346 -0.546271 14.2373 0.0130301 0.362031 0.0148889 0.931956 
1.76384 6.60264 -0.577743 14.9122 0.0131543 0.383645 0.0152754 0.923261 
1.86771 7.31598 -0.609156 15.5548 0.0133553 0.405501 0.0151295 0.913872 
1.97132 8.05965 -0.636292 16.155 0.015078 0.426824 0.0169871 0.904049 
2.07494 8.82495 -0.665278 16.7217 0.0156545 0.44779 0.0169696 0.89384 
2.17868 9.6175 -0.693875 17.2483 0.0168779 0.468364 0.0177844 0.883195 
2.28243 10.4357 -0.72098 17.7358 0.0198696 0.488635 0.0192493 0.872049 
2.38603 11.2734 -0.744895 18.1886 0.0204194 0.508341 0.0196955 0.860688 
2.48965 12.1384 -0.770723 18.6054 0.0212528 0.526919 0.0219174 0.849367 
2.59339 13.0239 -0.796899 18.9849 0.0218892 0.544315 0.0235621 0.838264 
2.69701 13.9228 -0.819498 19.3353 0.0232544 0.560476 0.0238258 0.827501 
2.80062 14.8457 -0.839822 19.6556 0.0231415 0.575357 0.0246747 0.817202 
2.90439 15.7882 -0.859011 19.9486 0.0224171 0.589662 0.0263355 0.806909 
3.00811 16.7461 -0.877958 20.2096 0.022312 0.60354 0.0268484 0.796568 
3.11172 17.711 -0.892643 20.4429 0.0220894 0.61697 0.025607 0.78626 
3.21533 18.6907 -0.906682 20.6454 0.0224867 0.629652 0.0252584 0.776141 
3.31907 19.6917 -0.920475 20.8165 0.0228794 0.641781 0.0260626 0.766103 
3.42281 20.7087 -0.932317 20.9589 0.0229426 0.65365 0.0270816 0.755964 
3.52655 21.7416 -0.942353 21.0745 0.0216881 0.665312 0.0273199 0.74575 
3.63029 22.7908 -0.948405 21.1612 0.0215643 0.676377 0.027859 0.735712 
3.73392 23.8536 -0.951047 21.2147 0.0224201 0.686502 0.0289021 0.726207 
3.83752 24.9311 -0.951927 21.2407 0.0238633 0.695671 0.0304995 0.717316 
3.94129 26.0235 -0.950951 21.2403 0.0252698 0.70382 0.0322066 0.709198 
4.0449 27.1272 -0.948951 21.2156 0.0271527 0.711053 0.0346148 0.701761 
4.14863 28.2425 -0.945629 21.1697 0.028233 0.71726 0.0367867 0.695261 
4.25229 29.3702 -0.941439 21.1074 0.0292609 0.722697 0.038141 0.689492 
4.35597 30.5029 -0.936359 21.0296 0.0297225 0.727669 0.0395521 0.684141 
4.45961 31.642 -0.929687 20.9398 0.0292188 0.732244 0.0402856 0.679222 
4.56322 32.7868 -0.921677 20.837 0.0289565 0.73647 0.0404953 0.674636 
4.66695 33.9423 -0.911746 20.7186 0.0297685 0.740378 0.0397353 0.670354 
4.77056 35.1147 -0.90072 20.5853 0.0311263 0.743906 0.0387666 0.666433 
4.87432 36.3091 -0.889158 20.437 0.0323017 0.747168 0.0383117 0.662743 
4.97797 37.5268 -0.878157 20.2789 0.0325484 0.749736 0.0379514 0.659846 
5.08166 38.7673 -0.86702 20.1108 0.0324848 0.751714 0.0376769 0.65761 
5.18527 40.024 -0.856448 19.9325 0.0332824 0.753438 0.0375674 0.655601 
5.28894 41.3055 -0.846036 19.7465 0.0336125 0.754983 0.0366579 0.653856 
5.39262 42.6068 -0.837548 19.5507 0.0340084 0.756363 0.0364337 0.652251 
5.49631 43.9328 -0.82955 19.3479 0.0335862 0.757369 0.0367578 0.651085 
5.60003 45.2814 -0.81879 19.1375 0.0329505 0.758072 0.0379681 0.65023 
5.70364 46.6485 -0.805992 18.9223 0.032612 0.758801 0.0384078 0.649371 
5.80734 48.0356 -0.790753 18.6994 0.0335609 0.75943 0.0390346 0.648549 
5.91096 49.442 -0.776593 18.4732 0.0336313 0.759777 0.0387488 0.648157 
6.01471 50.8713 -0.761209 18.2399 0.0345852 0.759931 0.0392256 0.647897 
6.11845 52.3163 -0.748866 18.0057 0.0345955 0.759977 0.0388486 0.647865 
6.22193 53.7841 -0.738559 17.7682 0.0350294 0.759828 0.038378 0.648044 
6.32567 55.2756 -0.728246 17.5286 0.0351747 0.759433 0.0384661 0.648494 
6.42928 56.7869 -0.719322 17.2895 0.0344926 0.758938 0.038555 0.649105 
6.53302 58.3197 -0.709023 17.047 0.0350791 0.75856 0.0386175 0.649512 
6.63667 59.87 -0.698229 16.8056 0.0353627 0.758181 0.0382244 0.649961 
6.7404 61.4493 -0.689854 16.5601 0.0359297 0.757856 0.0383351 0.650302 
6.8441 63.0456 -0.682234 16.3148 0.0357782 0.75752 0.0381693 0.650712 
6.94775 64.6615 -0.674295 16.0656 0.0358058 0.757139 0.0394871 0.651076 
7.05147 66.2927 -0.665932 15.8143 0.035665 0.756851 0.0406333 0.651347 
7.15521 67.9336 -0.656659 15.5643 0.0363604 0.756575 0.0409999 0.651606 
7.25892 69.5915 -0.649548 15.3107 0.0379355 0.756223 0.0410076 0.651925 
7.36257 71.2635 -0.64555 15.0605 0.0376045 0.756019 0.0408285 0.652191 
7.46621 72.9496 -0.641151 14.8071 0.0376168 0.755936 0.041117 0.652269 
7.56992 74.6568 -0.635143 14.5538 0.0368867 0.755844 0.0414405 0.652397 
7.67357 76.3758 -0.626639 14.2958 0.0375996 0.755679 0.0420375 0.652509 
7.77729 78.1121 -0.619273 14.0376 0.0378874 0.755663 0.0422282 0.652499 
7.88102 79.8642 -0.612185 13.7761 0.0383879 0.755669 0.0420242 0.652475 
7.9847 81.6266 -0.606953 13.5147 0.0384347 0.755805 0.0415666 0.652345 
8.0884 83.4031 -0.603745 13.2493 0.038136 0.756204 0.0410584 0.651932 
8.19212 85.1938 -0.601808 12.98 0.0381831 0.75662 0.0405444 0.651479 
8.29586 87.0054 -0.599482 12.7071 0.0375861 0.756962 0.0403643 0.651127 
8.39955 88.8275 -0.594876 12.4284 0.0374553 0.757273 0.0406389 0.650756 
8.50324 90.6666 -0.589258 12.1486 0.0362477 0.757452 0.0400367 0.650653 
8.60698 92.5161 -0.58226 11.8613 0.0365143 0.757936 0.0395745 0.650102 
8.7107 94.3842 -0.576158 11.5694 0.0365505 0.758845 0.0387017 0.649093 
8.81444 96.2638 -0.569087 11.2675 0.0367213 0.760078 0.0390909 0.647614 
8.91811 98.1539 -0.567065 10.959 0.0357526 0.761657 0.0384916 0.645848 
9.02187 100.053 -0.565243 10.6399 0.0345671 0.763269 0.0381622 0.644026 
9.12555 101.955 -0.564148 10.3099 0.0345935 0.764846 0.0374047 0.642195 
9.22915 103.87 -0.562445 9.96613 0.0351343 0.766384 0.0371778 0.640343 
9.33278 105.791 -0.564355 9.61162 0.035537 0.767917 0.0364901 0.638522 
9.43651 107.725 -0.568797 9.24638 0.035382 0.769514 0.0358656 0.63664 
9.54013 109.668 -0.571794 8.87158 0.0342263 0.771154 0.0355696 0.634732 
9.64386 111.621 -0.573345 8.48663 0.0334911 0.772921 0.0350044 0.63265 
9.74757 113.582 -0.572804 8.08692 0.0328042 0.774735 0.0350955 0.630458 
9.85122 115.548 -0.570538 7.67419 0.0326759 0.776505 0.0352368 0.628276 
9.95485 117.518 -0.568058 7.24693 0.0332292 0.778264 0.0350307 0.626078 
10.0585 119.496 -0.565878 6.80828 0.0333528 0.78011 0.0346119 0.623794 
10.1623 121.486 -0.564565 6.35122 0.0334154 0.78199 0.0349267 0.621413 
10.266 123.482 -0.563668 5.88325 0.0331456 0.783792 0.034536 0.619176 
10.3695 125.479 -0.560734 5.40353 0.0330237 0.785448 0.0342946 0.617094 
10.4733 127.489 -0.559152 4.91101 0.0326088 0.78712 0.0338328 0.615008 
10.577 129.5 -0.555614 4.40228 0.0331004 0.788488 0.0345544 0.613185 
10.6808 131.523 -0.549412 3.88011 0.0331959 0.789662 0.0358337 0.611594 
10.7845 133.549 -0.542754 3.34816 0.0340054 0.790792 0.0359815 0.61008 
10.8884 135.584 -0.536035 2.80695 0.0341993 0.791755 0.0359907 0.608818 
10.9921 137.625 -0.529597 2.25799 0.0338075 0.792843 0.0357867 0.607434 
11.0963 139.68 -0.522454 1.6993 0.0334168 0.794108 0.0352593 0.605832 
11.1997 141.73 -0.517999 1.13215 0.0332248 0.79555 0.0344413 0.603995 
11.3034 143.793 -0.512737 0.551587 0.032832 0.796964 0.0342469 0.602161 
11.4071 145.862 -0.506199 -0.0413721 0.0328966 0.798396 0.0343256 0.600252 
11.5106 147.93 -0.500625 -0.644931 0.0328462 0.799819 0.0339954 0.598378 
11.6142 150.007 -0.495969 -1.26111 0.0328429 0.801252 0.0337269 0.596472 
11.718 152.097 -0.48983 -1.89234 0.0323735 0.802549 0.0341067 0.59473 
11.8214 154.181 -0.482992 -2.53318 0.0325241 0.803855 0.0344202 0.592937 
11.9251 156.275 -0.475391 -3.18765 0.0329755 0.805066 0.0346778 0.591253 
12.0287 158.373 -0.467684 -3.85146 0.0333422 0.806195 0.0343249 0.589711 
12.1321 160.474 -0.460873 -4.52532 0.0341188 0.807332 0.0337204 0.588145 
12.236 162.588 -0.455531 -5.21197 0.0344596 0.808384 0.0338224 0.586673 
12.3396 164.704 -0.452548 -5.90858 0.0346151 0.809441 0.0334442 0.585225 
12.4432 166.826 -0.449531 -6.6147 0.0345662 0.810525 0.0334033 0.583728 
12.5468 168.954 -0.445613 -7.33146 0.0344844 0.811754 0.0335285 0.582016 
12.6506 171.087 -0.441674 -8.06307 0.0349331 0.812895 0.034127 0.580359 
12.7542 173.225 -0.436552 -8.80609 0.0359227 0.813851 0.0348211 0.578916 
12.8578 175.367 -0.429409 -9.55783 0.0359467 0.814675 0.0353868 0.577719 
12.9614 177.517 -0.420933 -10.3183 0.0356655 0.815488 0.0356702 0.576571 
13.065 179.671 -0.411828 -11.0856 0.0352572 0.816356 0.0352623 0.575393 
13.1688 181.83 -0.404363 -11.8622 0.035497 0.817318 0.0341552 0.574077 
13.2724 183.997 -0.39858 -12.6499 0.0358566 0.818342 0.0335263 0.572631 
13.3762 186.17 -0.399051 -13.448 0.0357163 0.819368 0.0323242 0.57124 
13.4798 188.344 -0.400055 -14.2554 0.0357627 0.820422 0.0312335 0.569783 
13.5834 190.519 -0.401383 -15.0749 0.0359571 0.821553 0.0316478 0.568117 
13.687 192.709 -0.403865 -15.9088 0.0352785 0.82264 0.0318699 0.566571 
13.7907 194.901 -0.403566 -16.7532 0.0349119 0.823763 0.0321504 0.564944 
13.8944 197.093 -0.402116 -17.6074 0.0349684 0.824939 0.032323 0.563212 
13.9985 199.296 -0.400664 -18.4748 0.0346711 0.826004 0.0319069 0.561691 
14.1018 201.48 -0.401197 -19.3445 0.0344956 0.827161 0.0312985 0.560032 
14.2059 203.688 -0.403082 -20.2346 0.0344568 0.828141 0.0313352 0.558581 
14.3092 205.877 -0.406195 -21.1272 0.0349185 0.828976 0.0315744 0.557299 
14.4129 208.075 -0.408323 -22.0367 0.0353117 0.829714 0.032131 0.556143 
14.5165 210.275 -0.407256 -22.954 0.0354511 0.830499 0.0327815 0.554923 
14.6203 212.474 -0.405178 -23.879 0.0359187 0.831239 0.0330158 0.55377 
14.7237 214.67 -0.403694 -24.8069 0.0363821 0.832005 0.0327657 0.552603 
14.8274 216.872 -0.405346 -25.7452 0.0361842 0.832847 0.0324387 0.551366 
14.9316 219.085 -0.408967 -26.6951 0.0362388 0.833686 0.0318696 0.550126 
15.0349 221.275 -0.414573 -27.6423 0.0365482 0.834566 0.0314173 0.548796 
15.1386 223.475 -0.422788 -28.5989 0.0359572 0.835331 0.0306027 0.547715 
15.2422 225.674 -0.432373 -29.5663 0.036183 0.836207 0.0305041 0.546368 
15.3457 227.869 -0.441833 -30.5421 0.0366354 0.836935 0.0315076 0.545165 
15.4495 230.066 -0.448562 -31.5245 0.0364235 0.837678 0.0319232 0.544012 
15.5531 232.258 -0.450201 -32.5114 0.0358732 0.838628 0.0319817 0.54258 
15.6567 234.448 -0.451644 -33.5041 0.0355783 0.839558 0.0313504 0.541197 
15.7604 236.64 -0.454562 -34.5071 0.0349061 0.840583 0.0309781 0.539669 
15.864 238.827 -0.456504 -35.5155 0.0342521 0.841607 0.030984 0.538113 
15.9678 241.01 -0.458359 -36.5335 0.0340545 0.842671 0.0307787 0.536469 
16.0714 243.187 -0.459815 -37.5587 0.0336203 0.843754 0.0307029 0.534795 
16.1752 245.357 -0.461858 -38.5911 0.0336547 0.844914 0.0302377 0.532986 
16.2788 247.524 -0.461475 -39.632 0.0330416 0.846131 0.0301757 0.531094 
16.3824 249.684 -0.461446 -40.6836 0.033004 0.847265 0.0301633 0.529286 
16.4862 251.842 -0.462839 -41.7463 0.0334745 0.848296 0.0300761 0.527607 
16.5897 253.99 -0.462321 -42.8137 0.0332908 0.849369 0.0299962 0.525894 
16.6934 256.142 -0.459941 -43.8903 0.0330394 0.850458 0.0295529 0.524172 
16.797 258.295 -0.456604 -44.9778 0.0329046 0.851521 0.0296369 0.522447 
16.9007 260.445 -0.451586 -46.0741 0.0332918 0.852535 0.0296095 0.520767 
17.0043 262.592 -0.446893 -47.184 0.0339902 0.853553 0.029871 0.519037 
17.1079 264.734 -0.444323 -48.3001 0.0351709 0.854486 0.0300618 0.51741 
17.2123 266.892 -0.442692 -49.4345 0.0356448 0.855322 0.0301812 0.515988 
17.3153 269.026 -0.439489 -50.5679 0.0367731 0.856165 0.0301842 0.514507 
17.4189 271.174 -0.435794 -51.7204 0.0379809 0.856938 0.0300473 0.513139 
17.5227 273.332 -0.431275 -52.8877 0.0384141 0.857749 0.0301704 0.511743 
17.6263 275.487 -0.424406 -54.0621 0.0389224 0.858689 0.0300491 0.510133 
17.73 277.658 -0.418242 -55.2531 0.0386035 0.859655 0.0296057 0.508554 
17.8336 279.827 -0.412827 -56.4551 0.0391171 0.86061 0.0295388 0.5069 
17.9378 282.017 -0.410583 -57.6741 0.0388947 0.861591 0.0290179 0.505279 
18.041 284.188 -0.409559 -58.8925 0.0383506 0.86242 0.0283777 0.503939 
18.1446 286.372 -0.407962 -60.1296 0.0387167 0.863197 0.028888 0.502551 
18.2482 288.57 -0.404549 -61.385 0.0391671 0.86375 0.0297364 0.501515 
18.3518 290.77 -0.398668 -62.6493 0.0393121 0.86433 0.0301736 0.500478 
18.4557 292.983 -0.390882 -63.9234 0.0392885 0.864965 0.0302309 0.499378 
18.5591 295.195 -0.382147 -65.2062 0.0388902 0.865627 0.0303335 0.498255 
18.663 297.421 -0.3714 -66.5052 0.0390895 0.866346 0.0308853 0.496954 
18.7663 299.642 -0.358711 -67.8087 0.0392136 0.866952 0.0311936 0.495867 
18.8699 301.876 -0.347006 -69.1256 0.0392915 0.867538 0.0306802 0.494866 
18.9735 304.114 -0.337252 -70.4517 0.039732 0.868228 0.0293202 0.493702 
19.0771 306.359 -0.330795 -71.7917 0.0390146 0.869192 0.0289684 0.492081 
19.1809 308.613 -0.323336 -73.144 0.0374819 0.870484 0.0289325 0.489914 
19.2845 310.871 -0.312619 -74.5125 0.0360317 0.871886 0.0290416 0.487517 
19.3882 313.13 -0.297188 -75.9001 0.0351814 0.873246 0.0292187 0.485129 
19.4918 315.385 -0.279642 -77.3072 0.0353536 0.874484 0.0293484 0.482873 
19.5955 317.638 -0.257841 -78.7299 0.0362759 0.875644 0.0300172 0.480656 
19.6991 319.895 -0.238155 -80.1727 0.0369845 0.876698 0.0302543 0.478662 
19.8028 322.158 -0.219785 -81.6321 0.0370401 0.877726 0.0306099 0.476747 
19.9064 324.412 -0.201682 -83.1001 0.0366449 0.878806 0.0317519 0.474709 
20.01 326.663 -0.182536 -84.5797 0.0357919 0.879916 0.0318393 0.472709 
20.1136 328.906 -0.160832 -86.0683 0.0355064 0.88099 0.0316282 0.470739 
20.2173 331.148 -0.138391 -87.5705 0.0351685 0.882126 0.0318301 0.468619 
20.3209 333.384 -0.112561 -89.0867 0.0353529 0.883242 0.0329355 0.466421 
20.4245 335.613 -0.0845515 -90.6143 0.0355555 0.884323 0.0332507 0.464331 
20.5281 337.839 -0.0524277 -92.1515 0.0347397 0.885372 0.0329316 0.462413 
20.6317 340.056 -0.0159958 -93.7001 0.0342049 0.886347 0.0334749 0.460542 
20.7354 342.275 0.0233386 -95.265 0.0339434 0.887157 0.0342024 0.458945 
20.839 344.489 0.0633751 -96.8362 0.0332054 0.887971 0.0334821 0.457475 
20.9426 346.701 0.102477 -98.412 0.0317585 0.888859 0.0318797 0.455966 
21.0463 348.91 0.140298 -99.9981 0.0306251 0.889773 0.0307465 0.454336 
21.1499 351.109 0.175422 -101.591 0.0290126 0.890665 0.0310067 0.452674 
21.2536 353.311 0.214119 -103.203 0.0288411 0.891496 0.0318296 0.450988 
21.3572 355.5 0.253971 -104.817 0.0285967 0.892357 0.0315552 0.449316 
21.4608 357.681 0.290319 -106.441 0.0283302 0.893183 0.0307389 0.447747 
21.5646 359.867 0.32979 -108.078 0.026251 0.894071 0.0315817 0.446039 
21.6681 362.039 0.380137 -109.717 0.0247667 0.894951 0.0316142 0.444352 
21.7718 364.205 0.433594 -111.363 0.0246387 0.895789 0.0313999 0.442684 
21.8754 366.363 0.48555 -113.018 0.024348 0.896558 0.0312867 0.441149 
21.979 368.515 0.535753 -114.682 0.0242106 0.897282 0.0314314 0.43967 
22.0827 370.654 0.585754 -116.349 0.0235833 0.898044 0.0320397 0.438104 
22.1862 372.793 0.634751 -118.026 0.0226577 0.898851 0.0310765 0.436564 
22.2903 374.932 0.680641 -119.706 0.0193705 0.899764 0.0275813 0.435074 
22.3936 377.044 0.714184 -121.373 0.0170505 0.900848 0.021687 0.433258 
22.4973 379.149 0.732239 -123.073 0.0224789 0.901585 0.0214089 0.431488 
22.6009 381.246 0.75145 -124.786 0.0250973 0.901733 0.0248122 0.43085 
22.7044 383.353 0.791264 -126.498 0.0219758 0.902078 0.0304034 0.429939 
22.8081 385.462 0.858119 -128.206 0.0177486 0.902802 0.032972 0.428422 
22.9118 387.564 0.937574 -129.914 0.0144182 0.903685 0.0330797 0.426674 
23.0154 389.649 1.01544 -131.627 0.0138886 0.904477 0.0325688 0.425051 
23.119 391.717 1.0889 -133.351 0.0166177 0.905148 0.0329427 0.423493 
23.2227 393.78 1.15491 -135.083 0.0199923 0.905726 0.0318979 0.422189 
23.3264 395.839 1.21407 -136.824 0.0214165 0.906432 0.0307052 0.420688 
23.4301 397.893 1.27286 -138.57 0.0209529 0.907218 0.0310153 0.418993 
23.5337 399.943 1.33497 -140.318 0.0209911 0.907974 0.0317614 0.417294 
23.6373 401.978 1.39986 -142.069 0.0210315 0.908604 0.0324712 0.415863 
23.7411 404.013 1.46395 -143.84 0.0213317 0.9091 0.0326671 0.414747 
23.8447 406.04 1.53057 -145.609 0.0214057 0.909477 0.0328695 0.413899 
23.9484 408.064 1.59679 -147.386 0.0217688 0.909806 0.0330247 0.413145 
24.0521 410.087 1.66519 -149.165 0.0220533 0.91005 0.0340653 0.412508 
24.1557 412.1 1.73948 -150.939 0.0222876 0.91028 0.0357211 0.411847 
24.2594 414.12 1.82077 -152.726 0.0225966 0.91054 0.036931 0.411148 
24.363 416.13 1.90212 -154.506 0.022599 0.91087 0.0361737 0.410484 
24.4666 418.137 1.98035 -156.286 0.0215876 0.911363 0.0337897 0.409647 
24.5702 420.14 2.05126 -158.07 0.0205933 0.911768 0.0323056 0.408914 
24.6739 422.141 2.11781 -159.858 0.020029 0.912056 0.0324856 0.408286 
24.7776 424.142 2.18633 -161.651 0.0191727 0.912307 0.0322638 0.407784 
24.8812 426.136 2.25608 -163.442 0.0183012 0.912606 0.0308375 0.407265 
24.9849 428.129 2.32541 -165.238 0.0175944 0.912837 0.0308898 0.406774 
25.0883 430.111 2.39691 -167.032 0.0173316 0.912917 0.0321369 0.40651 
25.1919 432.096 2.47181 -168.831 0.01764 0.912847 0.0337284 0.406523 
25.2956 434.072 2.54928 -170.628 0.0184813 0.912461 0.0373542 0.407036 
25.3992 436.053 2.65057 -172.422 0.0192782 0.911924 0.040346 0.407916 
25.5028 438.042 2.75562 -174.203 0.0176435 0.911508 0.0387608 0.409071 
25.6064 440.03 2.84391 -175.97 0.0157467 0.911507 0.0341502 0.409562 
25.71 442.034 2.92191 -177.748 0.0135714 0.911116 0.0321615 0.410669 
25.8136 444.039 3.00685 -179.52 0.0128859 0.91048 0.0314862 0.41215 
25.9173 446.046 3.09873 -181.288 0.0134102 0.909682 0.0323601 0.413825 
26.0208 448.053 3.19257 -183.045 0.0137758 0.908876 0.0325728 0.415564 
26.1245 450.064 3.27801 -184.792 0.0136535 0.908277 0.0306352 0.417022 
26.2281 452.092 3.35886 -186.533 0.0103836 0.907899 0.0293631 0.41803 
26.3317 454.125 3.437 -188.265 0.00606362 0.907691 0.0280754 0.418655 
26.4354 456.158 3.51679 -189.992 0.00337495 0.907595 0.0256983 0.419046 
26.5391 458.187 3.59351 -191.72 0.00244351 0.907463 0.0249402 0.419383 
26.6427 460.215 3.66948 -193.452 0.00293659 0.907128 0.0259954 0.420041 
26.7463 462.246 3.75085 -195.183 0.00321396 0.906707 0.0277202 0.420836 
26.8499 464.279 3.83589 -196.906 0.00235048 0.906325 0.0280417 0.421644 
26.9535 466.313 3.922 -198.621 0.00151443 0.906097 0.0269609 0.422207 
27.0573 468.351 4.00422 -200.338 0.0015955 0.905882 0.0258018 0.422739 
27.1609 470.384 4.07955 -202.048 0.00208845 0.905606 0.0251938 0.423367 
27.2645 472.426 4.15412 -203.766 0.00282759 0.905259 0.0261269 0.424047 
27.3682 474.468 4.23021 -205.479 0.00330096 0.904886 0.0270747 0.42478 
27.4718 476.511 4.30971 -207.185 0.00318902 0.904626 0.0274468 0.425309 
27.5755 478.556 4.38945 -208.887 0.00314187 0.90437 0.0273041 0.425863 
27.6792 480.606 4.47145 -210.589 0.00272287 0.904137 0.0277264 0.426333 
27.7828 482.654 4.55562 -212.285 0.00224748 0.903922 0.0280947 0.426768 
27.8866 484.707 4.64008 -213.983 0.00234969 0.903799 0.0273584 0.427075 
27.9902 486.758 4.7208 -215.677 0.00272013 0.903704 0.0266503 0.427319 
28.0938 488.807 4.79976 -217.371 0.00272329 0.903536 0.0271116 0.427645 
28.1974 490.863 4.88093 -219.066 0.00222027 0.903393 0.0276386 0.427916 
28.301 492.917 4.96077 -220.758 0.00150475 0.903363 0.0275374 0.427989 
28.4046 494.971 5.03802 -222.448 0.00121466 0.903408 0.027426 0.427903 
28.5083 497.025 5.11671 -224.139 0.0013657 0.903462 0.0273438 0.427793 
28.6119 499.072 5.19355 -225.827 0.00161518 0.90352 0.0273748 0.427668 
28.7156 501.133 5.26771 -227.527 0.00112903 0.903557 0.0281156 0.427543 
28.8192 503.187 5.34911 -229.22 0.000321525 0.903616 0.0284448 0.427397 
28.9228 505.239 5.43277 -230.914 0.000151405 0.903688 0.0285036 0.427242 
29.0265 507.291 5.51928 -232.607 -3.90083e-05 0.903717 0.0281392 0.427205 
29.1301 509.338 5.60525 -234.298 6.90264e-05 0.903748 0.0279114 0.427154 
29.2338 511.394 5.6893 -235.997 0.000585128 0.903687 0.0280262 0.427275 
29.3374 513.445 5.77331 -237.691 0.000508895 0.903615 0.0280619 0.427426 
29.441 515.497 5.85761 -239.384 0.000457513 0.903619 0.0280798 0.427416 
29.5447 517.549 5.94248 -241.076 0.000416703 0.903599 0.0276974 0.427483 
29.6483 519.601 6.02697 -242.768 -0.000133578 0.903576 0.027836 0.427524 
29.752 521.657 6.11536 -244.464 -9.11316e-05 0.903501 0.028284 0.427652 
29.8556 523.711 6.20664 -246.156 -0.00051316 0.903413 0.0290232 0.427789 
29.9591 525.763 6.29972 -247.845 -0.000159366 0.90336 0.0287654 0.427917 
30.0627 527.816 6.39288 -249.537 0.00039457 0.903299 0.0289647 0.428033 
30.1664 529.865 6.4868 -251.223 0.000464837 0.903205 0.0293576 0.428205 
30.27 531.926 6.58238 -252.916 5.56895e-05 0.903133 0.0295695 0.428342 
30.3736 533.981 6.67737 -254.604 -0.000109474 0.903183 0.0290566 0.42827 
30.4772 536.038 6.77137 -256.293 -9.63728e-05 0.903237 0.0289817 0.428163 
30.5808 538.095 6.86597 -257.983 -0.000534452 0.903239 0.0294969 0.428123 
30.6845 540.154 6.96491 -259.675 -0.00112312 0.903255 0.0303097 0.428031 
30.7882 542.214 7.06682 -261.366 -0.00180101 0.903332 0.0304465 0.427857 
30.8918 544.268 7.16875 -263.055 -0.00137106 0.903446 0.0293203 0.427695 
30.9956 546.325 7.26526 -264.748 -0.000954594 0.90356 0.0278849 0.427553 
31.0991 548.376 7.35715 -266.437 -0.000795601 0.903578 0.0278433 0.427518 
31.2028 550.437 7.4509 -268.134 -0.00120674 0.903505 0.0292913 0.427574 
31.3065 552.496 7.55143 -269.832 -0.00129296 0.903477 0.0303129 0.427562 
31.4101 554.549 7.65453 -271.525 -0.000776516 0.903481 0.0302377 0.427559 
31.5139 556.605 7.75717 -273.22 -0.000492228 0.903509 0.0298806 0.427526 
31.6175 558.659 7.8574 -274.914 -0.000161496 0.903507 0.0298566 0.427533 
31.7213 560.72 7.95756 -276.615 0.0002527 0.903463 0.0303378 0.427592 
31.8248 562.778 8.05804 -278.311 0.000385672 0.903398 0.0310527 0.427678 
31.9286 564.839 8.16179 -280.009 -0.000165375 0.903327 0.0313389 0.427806 
32.0322 566.896 8.26792 -281.702 -0.000149114 0.903299 0.0315514 0.427849 
32.1359 568.95 8.37399 -283.395 0.000308577 0.903209 0.0317151 0.428027 
32.2395 571.015 8.48345 -285.094 0.000110833 0.903072 0.0326622 0.428246 
32.3433 573.077 8.59395 -286.787 -0.0004794 0.902968 0.0324151 0.428483 
32.447 575.138 8.70515 -288.477 -0.00148943 0.902908 0.0323721 0.42861 
32.5508 577.201 8.8169 -290.168 -0.00115295 0.902841 0.0318474 0.428792 
32.6544 579.254 8.92491 -291.853 -0.000385973 0.902692 0.0317313 0.429115 
32.7581 581.314 9.03162 -293.543 0.000317434 0.902463 0.0319246 0.429582 
32.8617 583.371 9.13733 -295.227 0.000376082 0.902264 0.0322734 0.429975 
32.9657 585.438 9.24551 -296.914 -0.000133702 0.90208 0.0330445 0.430303 
33.0705 587.519 9.35321 -298.612 0.000363776 0.901942 0.0324991 0.430632 
33.1729 589.549 9.4566 -300.263 8.29512e-05 0.901765 0.0322206 0.431024 
33.2764 591.611 9.56134 -301.938 -0.000222929 0.901634 0.032114 0.431306 
33.38 593.672 9.66681 -303.609 -0.000434913 0.901451 0.0320834 0.431691 
33.4838 595.737 9.77581 -305.28 -0.000839443 0.9013 0.0321557 0.431999 
33.5876 597.803 9.88367 -306.949 -0.00143228 0.90119 0.0319583 0.432242 
33.6912 599.867 9.99222 -308.613 -0.00207867 0.901096 0.0314665 0.432471 
33.7949 601.934 10.0986 -310.281 -0.00219587 0.901171 0.0305584 0.432379 
33.8986 604.002 10.2068 -311.952 -0.00230915 0.901199 0.0311993 0.432276 
34.0024 606.07 10.3172 -313.624 -0.00234094 0.901206 0.0320579 0.432198 
34.106 608.133 10.4302 -315.29 -0.00296227 0.901234 0.0321533 0.432128 
34.2097 610.204 10.542 -316.964 -0.00308669 0.901314 0.0313442 0.43202 
34.3135 612.271 10.651 -318.636 -0.00237119 0.901369 0.0304367 0.431973 
34.4171 614.332 10.7565 -320.304 -0.00180418 0.901335 0.0299736 0.432081 
34.5208 616.401 10.8585 -321.978 -0.00156898 0.901305 0.0299989 0.432142 
34.6245 618.466 10.9606 -323.646 -0.00199788 0.901288 0.0307212 0.432124 
34.7281 620.535 11.0677 -325.317 -0.00194298 0.901252 0.0314551 0.432147 
34.8318 622.607 11.177 -326.989 -0.0018466 0.901208 0.0316933 0.432222 
34.9354 624.675 11.2868 -328.658 -0.00187089 0.901162 0.0313457 0.432344 
35.0391 626.746 11.3964 -330.327 -0.00180563 0.901104 0.0310828 0.432483 
35.1428 628.814 11.5049 -331.994 -0.00179723 0.901014 0.0313682 0.432651 
35.2465 630.889 11.6123 -333.666 -0.00180626 0.90091 0.0312548 0.432876 
35.3501 632.959 11.7223 -335.331 -0.00220893 0.900829 0.031444 0.433028 
35.454 635.032 11.8319 -337 -0.00251546 0.900733 0.0313958 0.43323 
35.5574 637.095 11.9409 -338.659 -0.00202065 0.90066 0.030681 0.433436 
35.6611 639.166 12.048 -340.323 -0.00209857 0.900526 0.0307318 0.43371 
35.7648 641.237 12.1556 -341.989 -0.00216749 0.900409 0.0312449 0.433916 
35.8683 643.305 12.2664 -343.65 -0.00206038 0.900295 0.03169 0.43412 
35.9721 645.375 12.3766 -345.31 -0.00179998 0.90019 0.0312179 0.434373 
36.0758 647.445 12.4825 -346.969 -0.001304 0.900096 0.0306471 0.43461 
36.1795 649.515 12.5863 -348.624 -0.000976957 0.899938 0.0307383 0.434933 
36.2833 651.591 12.6923 -350.282 -0.00101096 0.899727 0.0317198 0.435297 
36.3868 653.662 12.8004 -351.935 -0.00119792 0.899588 0.0321242 0.435555 
36.4905 655.736 12.9101 -353.587 -0.00122146 0.899457 0.0321718 0.435821 
36.5941 657.806 13.0202 -355.234 -0.00158071 0.899353 0.0322347 0.43603 
36.6978 659.878 13.13 -356.881 -0.00140649 0.899219 0.0319055 0.436332 
36.8015 661.959 13.2389 -358.533 -0.0011451 0.899099 0.031289 0.436624 
36.9052 664.036 13.3467 -360.182 -0.00104202 0.898995 0.0309986 0.43686 
37.0089 666.112 13.4523 -361.829 -0.00115049 0.898957 0.0308165 0.43695 
37.1126 668.19 13.5581 -363.475 -0.0014713 0.898949 0.0308325 0.436964 
37.2163 670.271 13.6636 -365.123 -0.0016371 0.898998 0.0305286 0.436884 
37.3199 672.351 13.7687 -366.769 -0.00203498 0.899073 0.0305012 0.43673 
37.4237 674.433 13.8741 -368.419 -0.00241451 0.899184 0.0301014 0.436527 
37.5273 676.509 13.9789 -370.067 -0.00250865 0.899294 0.0298942 0.436315 
37.6311 678.588 14.0832 -371.72 -0.00249692 0.899376 0.0302878 0.436118 
37.7347 680.666 14.1885 -373.374 -0.00248706 0.899455 0.0307072 0.435925 
37.8384 682.743 14.2971 -375.03 -0.00205354 0.899543 0.0314104 0.435697 
37.942 684.82 14.4057 -376.684 -0.00223705 0.899585 0.031459 0.435605 
38.0456 686.894 14.5135 -378.337 -0.00222305 0.89965 0.030954 0.435508 
38.1493 688.966 14.6192 -379.99 -0.00173887 0.899645 0.0305736 0.435546 
38.2529 691.041 14.7241 -381.649 -0.00099212 0.899581 0.03093 0.435656 
38.3565 693.116 14.8271 -383.305 -0.000381508 0.899437 0.0310729 0.435945 
38.4601 695.193 14.9298 -384.961 -4.88167e-06 0.899283 0.0316753 0.436219 
38.5637 697.271 15.0328 -386.614 0.000269999 0.899153 0.0317254 0.436483 
38.6673 699.346 15.1386 -388.265 0.000272277 0.899029 0.0313715 0.436765 
38.7711 701.427 15.2444 -389.918 -7.01811e-05 0.898925 0.0308932 0.437013 
38.8748 703.506 15.3467 -391.569 -4.6786e-05 0.898826 0.0305251 0.437241 
38.9783 705.583 15.448 -393.217 -0.000364173 0.898694 0.0305165 0.437512 
39.082 707.661 15.55 -394.866 -0.000334324 0.898529 0.0315817 0.437777 
39.1857 709.744 15.6558 -396.518 -0.000209669 0.898331 0.0322104 0.438136 
39.2893 711.824 15.7653 -398.161 0.000152571 0.898191 0.0323572 0.438412 
39.3929 713.905 15.8784 -399.8 0.000813962 0.898042 0.0320526 0.438739 
39.4965 715.984 15.9912 -401.434 0.00101252 0.897853 0.0315968 0.439158 
39.6002 718.063 16.1018 -403.067 0.00146746 0.897661 0.0310434 0.439589 
39.7039 720.144 16.2151 -404.698 0.00148391 0.897472 0.0309676 0.439979 
39.8076 722.23 16.328 -406.33 0.00196518 0.897305 0.0306818 0.440339 
39.9113 724.316 16.4403 -407.958 0.00220001 0.89709 0.0305373 0.440786 
40.0149 726.406 16.544 -409.585 0.00126738 0.896874 0.0306543 0.441222 
40.1187 728.498 16.6627 -411.208 0.00033953 0.896739 0.03017 0.44153 
40.2223 730.589 16.7734 -412.829 0.000305892 0.896614 0.0297615 0.441811 
40.3259 732.675 16.881 -414.45 0.00106796 0.896433 0.0296926 0.442182 
40.4297 734.766 16.9817 -416.073 0.00206529 0.896237 0.0295487 0.442586 
40.5333 736.856 17.0795 -417.693 0.00203983 0.896135 0.0296094 0.442788 
40.637 738.953 17.1754 -419.316 0.00138011 0.896122 0.0302165 0.442775 
40.7406 741.048 17.2724 -420.934 0.000284752 0.896174 0.030168 0.442676 
40.8443 743.142 17.3715 -422.551 -9.40226e-05 0.896247 0.0295444 0.442569 
40.948 745.235 17.4672 -424.169 0.000299736 0.896254 0.0284412 0.442628 
41.0516 747.329 17.555 -425.792 0.000524991 0.896102 0.0292158 0.442886 
41.1552 749.421 17.6519 -427.413 0.00127718 0.895868 0.0304736 0.443273 
41.259 751.517 17.7541 -429.036 0.00217994 0.895685 0.0312627 0.443583 
41.3626 753.612 17.854 -430.654 0.00308972 0.895537 0.0311305 0.443886 
41.4663 755.711 17.9401 -432.271 0.00372778 0.895433 0.0298876 0.444177 
41.5699 757.809 18.0221 -433.884 0.00430804 0.895283 0.0289989 0.444531 
41.6735 759.909 18.0959 -435.498 0.00469403 0.895002 0.0291356 0.445085 
41.7773 762.018 18.1731 -437.113 0.00441195 0.89471 0.0300181 0.445616 
41.8809 764.125 18.2548 -438.722 0.00402252 0.89448 0.0302437 0.446066 
41.9846 766.235 18.3393 -440.329 0.00395704 0.894259 0.0298536 0.446535 
42.0884 768.347 18.4228 -441.935 0.00360211 0.894054 0.0296218 0.446965 
42.192 770.457 18.5028 -443.538 0.00341477 0.893827 0.0296545 0.447418 
42.2956 772.573 18.5849 -445.14 0.00362633 0.893601 0.0292204 0.447895 
42.3993 774.69 18.6658 -446.741 0.00334468 0.893386 0.0285364 0.44837 
42.503 776.805 18.7482 -448.339 0.00384535 0.893244 0.0288697 0.448627 
42.6066 778.918 18.828 -449.932 0.0037415 0.893109 0.0290573 0.448886 
42.7102 781.038 18.9103 -451.529 0.00320025 0.893081 0.0292939 0.44893 
42.8138 783.155 18.9943 -453.121 0.00233628 0.893138 0.0293434 0.448818 
42.9174 785.271 19.0791 -454.711 0.00192447 0.89326 0.0286283 0.448624 
43.0212 787.387 19.1622 -456.304 0.00185442 0.893351 0.0278782 0.44849 
43.1248 789.494 19.2437 -457.893 0.00183443 0.893468 0.0278421 0.448259 
43.2284 791.604 19.3254 -459.488 0.00222099 0.893609 0.0280931 0.447961 
43.332 793.71 19.4054 -461.082 0.00273548 0.893756 0.028386 0.447645 
43.4356 795.814 19.4858 -462.677 0.00303202 0.893895 0.0285913 0.447353 
43.5393 797.914 19.5698 -464.271 0.00281693 0.894022 0.0293937 0.447049 
43.6429 800.012 19.6553 -465.863 0.00245241 0.89412 0.0294006 0.446855 
43.7465 802.108 19.7379 -467.454 0.00256602 0.894184 0.027946 0.446819 
43.8501 804.203 19.8163 -469.045 0.00292961 0.894194 0.0268576 0.446863 
43.9537 806.299 19.8894 -470.637 0.00336557 0.894122 0.0264224 0.447031 
44.0575 808.396 19.9625 -472.231 0.0033897 0.894 0.0268817 0.447248 
44.1611 810.49 20.0369 -473.82 0.00326848 0.893844 0.0271455 0.447544 
44.2647 812.591 20.1144 -475.413 0.00347809 0.893671 0.0274951 0.447865 
44.3683 814.689 20.1941 -477.001 0.00393258 0.893409 0.0280758 0.448349 
44.4719 816.792 20.2732 -478.591 0.00432856 0.893128 0.0283676 0.448887 
44.5755 818.895 20.3538 -480.175 0.00449155 0.892788 0.0284793 0.449552 
44.6791 821.002 20.4356 -481.757 0.0044769 0.89246 0.0287467 0.450188 
44.7829 823.116 20.5169 -483.34 0.00468626 0.892135 0.0289179 0.450818 
44.8865 825.23 20.5991 -484.918 0.00463661 0.89181 0.0290417 0.451454 
44.9901 827.347 20.6838 -486.493 0.00406057 0.891494 0.0295181 0.452051 
45.0937 829.465 20.7707 -488.061 0.00362302 0.891188 0.0297507 0.452643 
45.1974 831.591 20.858 -489.632 0.00323445 0.890959 0.0289327 0.453149 
45.301 833.723 20.946 -491.205 0.00313688 0.890741 0.0288342 0.453584 
45.4047 835.854 21.0341 -492.776 0.00352565 0.890517 0.0291828 0.453999 
45.5083 837.986 21.1229 -494.345 0.0034332 0.890405 0.0294215 0.454204 
45.6121 840.12 21.2121 -495.913 0.00343243 0.890416 0.0295257 0.454176 
45.7157 842.262 21.3036 -497.485 0.00216652 0.890444 0.0304394 0.454068 
45.8194 844.404 21.3978 -499.056 0.00158386 0.890537 0.0301227 0.45391 
45.923 846.544 21.4944 -500.626 0.000947566 0.890611 0.0297574 0.45379 
46.0266 848.683 21.5873 -502.196 0.0010298 0.89062 0.0287993 0.453834 
46.1303 850.821 21.6791 -503.767 0.000747598 0.890492 0.0289102 0.454078 
46.2339 852.972 21.7734 -505.343 8.04573e-05 0.890348 0.0294571 0.454327 
46.3375 855.115 21.866 -506.913 0.000286049 0.890275 0.0286893 0.454519 
46.4411 857.262 21.9564 -508.487 0.000749518 0.890183 0.0281067 0.454735 
46.5447 859.408 22.0476 -510.061 0.00135987 0.890057 0.0288867 0.454931 
46.6483 861.557 22.1402 -511.637 0.00115294 0.88996 0.0300137 0.455048 
46.7521 863.71 22.2364 -513.214 0.000924594 0.889898 0.0310779 0.455098 
46.8557 865.859 22.3343 -514.785 0.00056578 0.889825 0.0312043 0.455233 
46.9594 868.012 22.4364 -516.355 -7.91762e-05 0.889661 0.0317916 0.455513 
47.0631 870.157 22.5359 -517.922 0.000456804 0.889445 0.0314785 0.455956 
47.1666 872.294 22.6329 -519.484 0.00151335 0.889131 0.0314726 0.456568 
47.2702 874.442 22.7299 -521.049 0.00256552 0.888714 0.0319532 0.457341 
47.3738 876.588 22.8266 -522.608 0.00290055 0.888279 0.0325222 0.458143 
47.4774 878.737 22.925 -524.161 0.00263195 0.887884 0.0332975 0.458854 
47.581 880.882 23.0239 -525.707 0.00263196 0.887549 0.0337148 0.459471 
47.6848 883.032 23.1254 -527.248 0.00246196 0.887191 0.0342696 0.460122 
47.7893 885.2 23.2296 -528.796 0.00193062 0.886886 0.0342997 0.460709 
47.8921 887.324 23.3297 -530.308 0.00150709 0.886602 0.0337599 0.461297 
47.9958 889.471 23.4309 -531.831 0.00130204 0.886285 0.0335364 0.461923 
48.0995 891.609 23.5326 -533.346 0.00131244 0.885977 0.0337663 0.462496 
48.2032 893.755 23.6342 -534.862 0.00148436 0.885636 0.0338224 0.463144 
48.3068 895.895 23.7341 -536.37 0.00194161 0.885347 0.0336954 0.463704 
48.4104 898.035 23.8353 -537.873 0.00154083 0.885067 0.0342724 0.464198 
48.5142 900.174 23.9414 -539.374 0.00178835 0.884821 0.0349688 0.464613 
48.6178 902.308 24.0486 -540.866 0.00152684 0.884594 0.0350208 0.465042 
48.7217 904.457 24.1589 -542.363 0.00111972 0.884393 0.0349749 0.465429 
48.8252 906.591 24.2671 -543.848 0.00108631 0.884222 0.034641 0.465779 
48.9288 908.727 24.3729 -545.332 0.000655218 0.884088 0.0341536 0.466071 
49.0324 910.862 24.4797 -546.814 0.000498327 0.883954 0.0340349 0.466334 
49.136 912.99 24.5849 -548.292 0.000960105 0.883846 0.0338755 0.466549 
49.2395 915.123 24.688 -549.773 0.00185973 0.883754 0.0333579 0.466757 
49.3432 917.262 24.789 -551.258 0.00194683 0.883652 0.0339543 0.466907 
49.4467 919.401 24.8947 -552.731 0.00158531 0.883498 0.0355714 0.46708 
49.5506 921.544 25.014 -554.202 0.000713345 0.883461 0.035548 0.467153 
49.6541 923.676 25.1219 -555.662 0.00131888 0.88358 0.0315278 0.467216 
49.7576 925.807 25.2101 -557.126 0.00206766 0.883643 0.0290634 0.467254 
49.8612 927.945 25.3008 -558.595 0.000448465 0.883557 0.0306767 0.467317 
49.9648 930.086 25.41 -560.065 -0.00108512 0.883391 0.0338822 0.46741 
50.0685 932.226 25.5298 -561.535 -0.0012229 0.883282 0.0350648 0.467527 
50.172 934.354 25.6517 -562.996 -0.000529699 0.883161 0.0351765 0.467748 
50.2756 936.493 25.7727 -564.466 0.000148298 0.883002 0.0353149 0.468039 
50.3794 938.633 25.8923 -565.933 -0.000127733 0.882819 0.0359258 0.468338 
50.483 940.772 26.0141 -567.397 -0.000770049 0.882629 0.0361968 0.468674 
50.5866 942.916 26.1376 -568.86 -0.0011633 0.882448 0.0362988 0.469006 
50.6902 945.058 26.2601 -570.322 -0.000382196 0.882225 0.0352722 0.469505 
50.794 947.205 26.3816 -571.786 -5.99254e-05 0.881971 0.0352689 0.469982 
50.8976 949.353 26.5008 -573.248 0.000222232 0.881637 0.0356995 0.470576 
51.0013 951.508 26.6208 -574.71 0.000232654 0.881364 0.0359022 0.471072 
51.1051 953.66 26.7423 -576.166 0.000547214 0.881136 0.0356317 0.471519 
51.2087 955.815 26.8617 -577.619 0.000522809 0.880862 0.0353865 0.472049 
51.3124 957.98 26.9822 -579.075 -0.000236742 0.88061 0.0360719 0.472466 
51.416 960.138 27.0997 -580.526 3.30986e-05 0.880399 0.036407 0.472835 
51.5198 962.302 27.2201 -581.978 -0.000475758 0.880143 0.0372694 0.473244 
51.6234 964.464 27.3483 -583.425 -0.00159227 0.879855 0.039249 0.473615 
51.7271 966.637 27.4845 -584.874 -0.00298527 0.879651 0.039779 0.473944 
51.8307 968.8 27.6278 -586.315 -0.00361147 0.879558 0.0398049 0.47411 
51.9345 970.963 27.7662 -587.758 -0.00250194 0.879553 0.0388924 0.474202 
52.0381 973.125 27.8996 -589.204 -0.000928075 0.879511 0.0389176 0.474284 
52.1418 975.288 28.0299 -590.649 -0.000194028 0.879489 0.0392706 0.474297 
52.2454 977.455 28.1605 -592.093 -0.000446525 0.879503 0.0389783 0.474294 
52.3492 979.625 28.2919 -593.533 -0.00220447 0.879549 0.0383267 0.474258 
52.453 981.795 28.424 -594.976 -0.00244295 0.879667 0.0371006 0.474134 
52.5567 983.962 28.5546 -596.421 -0.00166201 0.879656 0.0372219 0.474149 
52.6603 986.127 28.6843 -597.869 -0.000792123 0.879564 0.0386137 0.474211 
52.7639 988.293 28.8146 -599.318 0.000249702 0.87947 0.0390093 0.474354 
52.8676 990.462 28.9454 -600.766 0.000977635 0.879413 0.0388514 0.47447 
52.9713 992.63 29.0744 -602.212 0.00103985 0.879339 0.0390192 0.474594 
53.0749 994.799 29.2036 -603.656 0.000932058 0.879218 0.0393104 0.474794 
53.1785 996.966 29.3324 -605.096 0.000949352 0.879068 0.0391438 0.475086 
53.2822 999.138 29.4585 -606.537 0.00100305 0.878933 0.0383348 0.475401 
53.3858 1001.3 29.5813 -607.973 0.000910088 0.87878 0.0380611 0.475705 
53.4895 1003.47 29.703 -609.408 0.000805696 0.878606 0.0384382 0.475997 
53.5931 1005.64 29.8268 -610.84 0.000279375 0.878415 0.0393072 0.476279 
53.6967 1007.81 29.9555 -612.27 -0.000493477 0.878237 0.0399886 0.476551 
53.8003 1009.97 30.0873 -613.695 -0.00140492 0.878181 0.0398462 0.476664 
53.904 1012.14 30.2178 -615.119 -0.00122614 0.878139 0.0385259 0.476849 
54.0076 1014.3 30.3449 -616.538 -0.00137907 0.878073 0.0375253 0.477051 
54.1114 1016.46 30.471 -617.959 -0.00104958 0.87795 0.037842 0.477254 
54.215 1018.62 30.5983 -619.381 -0.000719775 0.877823 0.0384824 0.477436 
54.3188 1020.77 30.7231 -620.801 -0.000149024 0.87773 0.0381991 0.477631 
54.4224 1022.92 30.8453 -622.217 0.000419489 0.877668 0.0385781 0.477713 
54.526 1025.07 30.9672 -623.631 0.00087587 0.877548 0.0395125 0.477857 
54.6297 1027.22 31.0878 -625.042 0.00218818 0.877436 0.039609 0.47805 
54.7333 1029.37 31.2093 -626.453 0.00253363 0.877226 0.0399708 0.478404 
54.8371 1031.51 31.3327 -627.857 0.00192986 0.877041 0.0402366 0.478724 
54.9407 1033.66 31.4568 -629.253 0.000611101 0.876901 0.0390114 0.479085 
55.0443 1035.8 31.5822 -630.642 -0.00169999 0.876796 0.0380446 0.479352 
55.148 1037.94 31.707 -632.024 -0.00282983 0.876669 0.0366084 0.479691 
55.2515 1040.09 31.8281 -633.411 -0.00320269 0.876494 0.0350811 0.480122 
55.3553 1042.23 31.9467 -634.799 -0.00241644 0.876203 0.0351834 0.48065 
55.4589 1044.37 32.0646 -636.185 -0.00212018 0.875835 0.0362167 0.481246 
55.5625 1046.51 32.1865 -637.567 -0.00156951 0.875452 0.0370688 0.481879 
55.6662 1048.66 32.3105 -638.946 -0.00115679 0.875123 0.0377124 0.482427 
55.7699 1050.8 32.4317 -640.317 -0.000826432 0.874894 0.03668 0.482923 
55.8736 1052.94 32.5472 -641.685 -0.000417481 0.874735 0.035506 0.4833 
55.9773 1055.08 32.6596 -643.052 0.000314113 0.874527 0.035449 0.48368 
56.0809 1057.23 32.7743 -644.417 0.000591162 0.874177 0.037184 0.484182 
56.1845 1059.37 32.8986 -645.784 -5.12786e-05 0.873903 0.039192 0.484518 
56.2881 1061.53 33.0293 -647.144 -0.000852836 0.873664 0.0392352 0.484944 
56.3917 1063.67 33.1613 -648.492 -0.00308445 0.87356 0.038245 0.485202 
56.4953 1065.82 33.2906 -649.837 -0.00437873 0.873537 0.036723 0.485351 
56.5989 1067.97 33.4162 -651.186 -0.00465971 0.873474 0.0359774 0.485517 
56.7024 1070.11 33.5384 -652.535 -0.00424903 0.873407 0.0352249 0.485696 
56.806 1072.26 33.6574 -653.885 -0.00350507 0.873368 0.035024 0.485788 
56.9096 1074.4 33.7743 -655.235 -0.0026616 0.873324 0.035211 0.485857 
57.0134 1076.55 33.8903 -656.59 -0.0011875 0.873272 0.0360072 0.485899 
57.117 1078.69 34.0047 -657.941 -0.000519203 0.873174 0.036777 0.486018 
57.2206 1080.84 34.1249 -659.293 -0.00152725 0.873075 0.0377364 0.486121 
57.3242 1082.99 34.2479 -660.639 -0.00153932 0.873018 0.0375255 0.48624 
57.4277 1085.13 34.3671 -661.981 -0.000160147 0.872853 0.0363175 0.486629 
57.5314 1087.27 34.4808 -663.328 0.00233996 0.872577 0.0360286 0.48714 
57.635 1089.41 34.5871 -664.669 0.00330654 0.872138 0.0358694 0.487931 
57.7386 1091.57 34.6943 -666.014 0.0031058 0.871844 0.0371367 0.488364 
57.8422 1093.72 34.8058 -667.347 0.00379015 0.871627 0.0363171 0.488808 
57.9458 1095.88 34.921 -668.678 0.00118194 0.87136 0.037807 0.489183 
58.0495 1098.04 35.047 -670.011 -0.000411431 0.871161 0.039418 0.489412 
58.1532 1100.19 35.1798 -671.341 -0.000195598 0.870931 0.040254 0.489754 
58.2568 1102.35 35.311 -672.673 0.000735085 0.870664 0.0394978 0.490289 
58.3604 1104.51 35.4337 -673.996 0.0016037 0.870438 0.0381475 0.490795 
58.464 1106.67 35.5487 -675.317 0.00128617 0.870171 0.0378771 0.49129 
58.5676 1108.83 35.6654 -676.637 0.00107451 0.869907 0.038257 0.491728 
58.6714 1110.99 35.7854 -677.958 0.000998352 0.869635 0.0384413 0.492195 
58.775 1113.16 35.9047 -679.272 0.000539828 0.869373 0.0388842 0.492623 
58.8787 1115.33 36.0266 -680.587 0.000228137 0.869115 0.0395387 0.493027 
58.9825 1117.49 36.1482 -681.896 0.000214849 0.868891 0.0392603 0.493444 
59.0861 1119.66 36.2686 -683.201 0.000782839 0.868669 0.0386023 0.493886 
59.1898 1121.84 36.388 -684.512 0.000829343 0.868413 0.0382054 0.494366 
59.2936 1124.02 36.5111 -685.824 0.00018397 0.868157 0.0382826 0.494811 
59.3972 1126.2 36.6345 -687.132 0.000125079 0.867929 0.0383997 0.495202 
59.5009 1128.38 36.7567 -688.439 0.000870757 0.867691 0.037974 0.495651 
59.6046 1130.56 36.8746 -689.743 0.00105694 0.867417 0.0370935 0.496196 
59.7083 1132.75 36.9903 -691.046 0.000973239 0.867148 0.0367857 0.496689 
59.812 1134.95 37.1027 -692.35 0.00134882 0.866932 0.0364423 0.497091 
59.9157 1137.14 37.2124 -693.654 0.00165853 0.866691 0.0361432 0.497531 
60.0195 1139.34 37.322 -694.955 0.00179745 0.866473 0.0362747 0.497902 
60.1231 1141.54 37.4326 -696.255 0.00171724 0.866229 0.0365602 0.498306 
60.2268 1143.75 37.5467 -697.556 0.00148519 0.866037 0.0365634 0.498639 
60.3305 1145.95 37.6611 -698.852 0.000750613 0.865929 0.0366421 0.498823 
60.4341 1148.16 37.7764 -700.149 0.000351783 0.865895 0.0362689 0.498909 
60.5378 1150.38 37.8914 -701.445 -7.51978e-05 0.865949 0.0357686 0.498851 
60.6414 1152.59 38.0068 -702.741 -0.000421196 0.866016 0.0361966 0.498704 
60.7452 1154.8 38.1245 -704.041 -0.000249988 0.866091 0.0363121 0.498566 
60.8488 1157.01 38.2436 -705.338 0.000321786 0.866158 0.0357753 0.498488 
60.9524 1159.23 38.3621 -706.638 0.000235095 0.86616 0.0365127 0.498431 
61.0561 1161.45 38.4824 -707.936 0.000669796 0.866197 0.0368357 0.498343 
61.1598 1163.66 38.6007 -709.237 0.00173931 0.86629 0.0358843 0.498248 
61.2634 1165.89 38.7171 -710.538 0.00164112 0.866318 0.0362835 0.498171 
61.367 1168.11 38.8346 -711.844 0.000809485 0.866341 0.0368086 0.498094 
61.4706 1170.34 38.9554 -713.15 0.000939737 0.86637 0.036813 0.498044 
61.5742 1172.56 39.0773 -714.459 0.00181117 0.866333 0.0363314 0.49814 
61.6778 1174.79 39.1933 -715.768 0.00297402 0.866192 0.0356746 0.498428 
61.7841 1177.08 39.3079 -717.112 0.00300222 0.865983 0.0363205 0.498744 
61.8852 1179.27 39.4187 -718.394 0.00249978 0.865806 0.0372144 0.498988 
61.9889 1181.52 39.5415 -719.711 0.00152065 0.865667 0.0388702 0.499107 
62.0924 1183.76 39.6707 -721.022 0.00111106 0.865609 0.0394213 0.499164 
62.1966 1186.02 39.8023 -722.345 0.000814923 0.865548 0.0390784 0.499298 
62.3 1188.27 39.9327 -723.659 0.000780384 0.865516 0.0380368 0.499435 
62.4034 1190.52 40.0602 -724.974 0.00092032 0.865443 0.0375724 0.499595 
62.507 1192.78 40.1861 -726.295 0.00100002 0.865269 0.0378195 0.499879 
62.611 1195.05 40.3096 -727.62 0.00137165 0.865063 0.0375072 0.500257 
62.7141 1197.32 40.4325 -728.937 0.00195119 0.86481 0.0371083 0.500723 
62.8177 1199.59 40.5533 -730.258 0.00250153 0.864636 0.0366207 0.501056 
62.9216 1201.87 40.672 -731.582 0.00249576 0.864382 0.0368382 0.501479 
63.025 1204.14 40.79 -732.898 0.00246809 0.864152 0.0375429 0.501823 
63.1286 1206.42 40.9064 -734.213 0.00259791 0.863967 0.037559 0.502139 
63.2322 1208.71 41.0256 -735.534 0.00253332 0.863784 0.0379115 0.502427 
63.3357 1210.99 41.1444 -736.846 0.00192311 0.863582 0.0381524 0.502759 
63.4393 1213.28 41.2651 -738.159 0.00199033 0.863365 0.0379784 0.503145 
63.5429 1215.58 41.3833 -739.476 0.00229533 0.863094 0.0382733 0.503585 
63.6465 1217.87 41.5024 -740.79 0.0027208 0.862704 0.0381358 0.504263 
63.75 1220.17 41.6173 -742.105 0.00326177 0.862264 0.0373949 0.505066 
63.8536 1222.48 41.7298 -743.415 0.00358073 0.861841 0.0366789 0.505838 
63.9572 1224.79 41.8374 -744.722 0.00421023 0.861414 0.035906 0.506615 
64.0607 1227.1 41.9435 -746.028 0.00443219 0.861002 0.0357659 0.507323 
64.1643 1229.42 42.0499 -747.328 0.00426569 0.86063 0.0361444 0.507929 
64.268 1231.74 42.1583 -748.631 0.00349897 0.860357 0.0361133 0.508399 
64.3716 1234.07 42.2696 -749.929 0.00329654 0.860238 0.0352155 0.508665 
64.4752 1236.4 42.3792 -751.227 0.00337807 0.8601 0.0341185 0.508973 
64.5787 1238.73 42.4843 -752.52 0.00359671 0.859951 0.0334235 0.509269 
64.6826 1241.08 42.5865 -753.823 0.00427004 0.859789 0.0332945 0.509544 
64.7859 1243.42 42.6865 -755.12 0.00439169 0.859589 0.0336831 0.509856 
64.8896 1245.77 42.7869 -756.419 0.0044585 0.859439 0.0340221 0.510085 
64.9931 1248.12 42.8875 -757.717 0.00417638 0.859254 0.0340988 0.510394 
65.0968 1250.48 42.9908 -759.014 0.0036354 0.859063 0.0343348 0.510705 
65.2004 1252.84 43.0976 -760.312 0.00321979 0.858872 0.0346452 0.511007 
65.3041 1255.21 43.2069 -761.612 0.00289518 0.858672 0.0349783 0.511323 
65.4077 1257.58 43.3206 -762.911 0.00267665 0.858428 0.0361872 0.511648 
65.5114 1259.95 43.4359 -764.209 0.00319531 0.858237 0.0361728 0.511968 
65.615 1262.32 43.5478 -765.501 0.00386492 0.8581 0.0346477 0.512297 
65.7193 1264.72 43.6518 -766.807 0.00510722 0.857997 0.0320221 0.512631 
65.8225 1267.08 43.7395 -768.095 0.00686436 0.857875 0.0291879 0.512983 
65.9261 1269.47 43.816 -769.393 0.0072778 0.857627 0.0288539 0.51341 
66.0298 1271.87 43.8932 -770.693 0.00674325 0.857373 0.0302252 0.513763 
66.1334 1274.26 43.9766 -771.987 0.00637248 0.857188 0.0305344 0.514059 
66.2372 1276.67 44.0663 -773.287 0.00537494 0.85704 0.0317115 0.514245 
66.3409 1279.07 44.159 -774.582 0.00472021 0.856911 0.0323879 0.514425 
66.4445 1281.48 44.2525 -775.876 0.00479055 0.856766 0.0326847 0.514646 
66.5482 1283.88 44.3466 -777.171 0.00482631 0.85663 0.032776 0.514867 
66.6519 1286.29 44.4388 -778.462 0.00511368 0.856473 0.0322576 0.515157 
66.7555 1288.7 44.5285 -779.752 0.00525792 0.856337 0.0316914 0.515417 
66.8591 1291.1 44.6141 -781.041 0.0057464 0.856232 0.0308894 0.515634 
66.9627 1293.51 44.6961 -782.328 0.00621037 0.856063 0.03065 0.515924 
67.0663 1295.92 44.7763 -783.615 0.00599359 0.855896 0.0310293 0.516182 
67.17 1298.33 44.8587 -784.899 0.00558841 0.855707 0.0312527 0.516486 
67.2736 1300.74 44.9412 -786.183 0.00568446 0.855589 0.0310243 0.516694 
67.3772 1303.15 45.0228 -787.464 0.00558118 0.855454 0.0310849 0.516914 
67.4808 1305.56 45.1037 -788.742 0.00611103 0.855287 0.0307779 0.517203 
67.5843 1307.97 45.1814 -790.017 0.00667707 0.855121 0.0301704 0.517508 
67.6879 1310.38 45.2549 -791.295 0.00730079 0.854992 0.029539 0.517748 
67.7915 1312.79 45.3249 -792.571 0.00740583 0.854881 0.029353 0.51794 
67.8951 1315.21 45.3932 -793.844 0.00704081 0.854715 0.0294658 0.518214 
67.9987 1317.62 45.4636 -795.117 0.00647094 0.854518 0.0303336 0.518495 
68.1023 1320.03 45.5383 -796.385 0.00711239 0.854343 0.030655 0.518756 
68.2059 1322.45 45.6265 -797.648 0.00772322 0.854166 0.0300882 0.519071 
68.3095 1324.87 45.7072 -798.907 0.00760479 0.853994 0.0299499 0.519365 
68.413 1327.29 45.8007 -800.172 0.00720772 0.85388 0.029703 0.519572 
68.5166 1329.71 45.8666 -801.428 0.00725932 0.85375 0.0290218 0.519822 
68.6202 1332.12 45.9201 -802.689 0.00772281 0.853621 0.0275699 0.520108 
68.7237 1334.54 45.9696 -803.95 0.00811032 0.853522 0.0267084 0.520309 
68.8273 1336.96 46.0155 -805.211 0.00796708 0.853364 0.0270803 0.52055 
68.9309 1339.38 46.0642 -806.469 0.00807643 0.853202 0.0280112 0.520765 
69.0344 1341.8 46.1146 -807.723 0.00782846 0.853052 0.0285465 0.520986 
69.138 1344.21 46.1692 -808.974 0.00794143 0.852957 0.0276999 0.521186 
69.2416 1346.64 46.2196 -810.23 0.00804627 0.85285 0.0267307 0.521408 
69.3452 1349.06 46.2719 -811.482 0.00819514 0.852764 0.0263519 0.521567 
69.4489 1351.48 46.3203 -812.734 0.00859455 0.852634 0.0259777 0.521792 
69.5525 1353.9 46.3659 -813.986 0.00865939 0.852465 0.0260615 0.522062 
69.6561 1356.32 46.4117 -815.233 0.00865444 0.852299 0.0266416 0.522304 
69.7597 1358.74 46.4585 -816.481 0.00847347 0.852119 0.0269451 0.522585 
69.8633 1361.16 46.5073 -817.723 0.00837392 0.851975 0.0266879 0.522835 
69.9668 1363.57 46.5568 -818.961 0.00818595 0.85185 0.0266236 0.523045 
70.0705 1365.98 46.6048 -820.197 0.00858977 0.851718 0.0262338 0.523273 
70.174 1368.39 46.653 -821.431 0.00833771 0.851553 0.026269 0.523544 
70.2777 1370.8 46.7006 -822.663 0.0084091 0.851432 0.0261654 0.523745 
70.3814 1373.21 46.7497 -823.893 0.00855239 0.851272 0.0259213 0.524014 
70.4851 1375.61 46.7981 -825.119 0.00882206 0.851125 0.0257927 0.524255 
70.5888 1378.01 46.8436 -826.342 0.00965819 0.85091 0.0253987 0.524608 
70.6924 1380.42 46.8869 -827.566 0.010005 0.850657 0.0252397 0.52502 
70.796 1382.83 46.9262 -828.785 0.0104544 0.850396 0.0245602 0.525465 
70.8998 1385.24 46.9624 -830.003 0.0105778 0.85019 0.024167 0.525814 
71.0033 1387.65 46.9943 -831.216 0.010845 0.850009 0.0233262 0.52614 
71.1072 1390.06 47.0234 -832.428 0.0105171 0.849801 0.022955 0.526498 
71.2108 1392.47 47.0519 -833.64 0.0101119 0.849619 0.0227594 0.526809 
71.3143 1394.88 47.0789 -834.847 0.00973444 0.849403 0.0227928 0.527163 
71.4181 1397.3 47.1078 -836.054 0.0098087 0.849161 0.022737 0.527554 
71.5218 1399.71 47.1356 -837.259 0.0096905 0.848896 0.0230894 0.527966 
71.6254 1402.12 47.1649 -838.459 0.00981996 0.84867 0.0231161 0.528326 
71.7292 1404.53 47.1942 -839.66 0.0103724 0.848453 0.0231394 0.528664 
71.8329 1406.94 47.2209 -840.856 0.0105892 0.848215 0.0232871 0.529033 
71.9365 1409.35 47.2475 -842.049 0.0108899 0.84798 0.0235908 0.529392 
72.0403 1411.75 47.2706 -843.237 0.0114435 0.847739 0.0229638 0.529793 
72.144 1414.14 47.2926 -844.42 0.0117225 0.847509 0.0226185 0.530169 
72.2476 1416.55 47.3126 -845.603 0.0119935 0.847279 0.0220771 0.530553 
72.3514 1418.94 47.3287 -846.782 0.0127323 0.847035 0.0217952 0.530937 
72.455 1421.34 47.342 -847.959 0.0129932 0.846785 0.0217985 0.531329 
72.5586 1423.74 47.3582 -849.132 0.0125649 0.846592 0.0219386 0.531641 
72.6623 1426.14 47.3743 -850.304 0.0124082 0.846469 0.0214805 0.53186 
72.7661 1428.54 47.3911 -851.474 0.0124749 0.84633 0.0211044 0.532095 
72.8697 1430.94 47.4061 -852.643 0.0127729 0.846206 0.020235 0.532318 
72.9734 1433.34 47.4164 -853.81 0.0130804 0.846042 0.0194632 0.5326 
73.0772 1435.73 47.4214 -854.975 0.0133001 0.845889 0.0193371 0.532843 
73.1808 1438.13 47.4235 -856.139 0.0132698 0.84571 0.0193664 0.533126 
73.2844 1440.54 47.4265 -857.302 0.0126003 0.845558 0.0198334 0.533366 
73.3881 1442.94 47.4324 -858.462 0.0125087 0.845431 0.0194804 0.533582 
73.4917 1445.33 47.4389 -859.618 0.0128699 0.845278 0.0191641 0.533827 
73.5954 1447.72 47.4462 -860.771 0.0127298 0.845044 0.0193758 0.534195 
73.699 1450.12 47.452 -861.923 0.0126262 0.844876 0.0192047 0.534469 
73.8027 1452.51 47.4564 -863.071 0.0126298 0.844759 0.0189349 0.534663 
73.9063 1454.9 47.4595 -864.213 0.0123573 0.844611 0.0190248 0.5349 
74.0101 1457.29 47.4646 -865.354 0.0122771 0.844451 0.0195258 0.535136 
74.1137 1459.67 47.4699 -866.49 0.0122519 0.84426 0.0200153 0.53542 
74.2174 1462.06 47.474 -867.627 0.0122401 0.844077 0.0203069 0.535698 
74.321 1464.43 47.4798 -868.758 0.0125129 0.843895 0.0205033 0.53597 
74.4247 1466.81 47.476 -869.886 0.0125436 0.843717 0.0203402 0.536256 
74.5284 1469.18 47.4669 -871.014 0.0123671 0.843576 0.0202757 0.536485 
74.632 1471.55 47.4603 -872.135 0.0124816 0.843359 0.0198925 0.536836 
74.7358 1473.92 47.4507 -873.257 0.0126535 0.843214 0.0198606 0.537061 
74.8394 1476.28 47.4392 -874.373 0.0125376 0.843053 0.019839 0.537319 
74.943 1478.64 47.4269 -875.485 0.0124378 0.842884 0.0198636 0.537585 
75.0467 1481 47.4248 -876.593 0.0122963 0.842778 0.0200395 0.537748 
75.1503 1483.35 47.4259 -877.695 0.0119462 0.842772 0.0199224 0.537769 
75.254 1485.7 47.4361 -878.797 0.011395 0.842791 0.020306 0.537736 
75.3577 1488.04 47.448 -879.897 0.0113375 0.842838 0.020924 0.537641 
75.4614 1490.38 47.4567 -880.993 0.011211 0.842863 0.0210753 0.537599 
75.565 1492.71 47.468 -882.085 0.0109213 0.842845 0.0211772 0.537628 
75.6688 1495.04 47.4788 -883.175 0.0109284 0.842822 0.0206641 0.537684 
75.7724 1497.36 47.4916 -884.261 0.0107852 0.842786 0.020533 0.537749 
75.8762 1499.69 47.514 -885.346 0.0102289 0.842732 0.0210742 0.537823 
75.9798 1502 47.5321 -886.427 0.0109402 0.842647 0.0211241 0.53794 
76.0833 1504.3 47.544 -887.502 0.0116088 0.842484 0.0203202 0.538213 
76.1869 1506.61 47.5539 -888.579 0.0115417 0.842304 0.02065 0.538483 
76.2905 1508.91 47.5655 -889.652 0.0116063 0.842088 0.0217333 0.538776 
76.3941 1511.22 47.5803 -890.723 0.0113785 0.84191 0.0225646 0.539026 
76.4976 1513.51 47.5975 -891.787 0.0118056 0.841749 0.022016 0.539291 
76.6012 1515.8 47.6112 -892.848 0.0123038 0.841601 0.0217081 0.539523 
76.7049 1518.1 47.624 -893.91 0.0126105 0.841411 0.0213322 0.539827 
76.8084 1520.39 47.6331 -894.966 0.0121766 0.841252 0.0215763 0.540076 
76.912 1522.68 47.646 -896.019 0.0115994 0.841064 0.0223084 0.54035 
77.0156 1524.96 47.6674 -897.071 0.0113827 0.840915 0.0227083 0.540571 
77.1192 1527.24 47.6871 -898.117 0.0110103 0.840724 0.0229064 0.540867 
77.2228 1529.52 47.7052 -899.162 0.0112371 0.840558 0.0227827 0.541126 
77.3264 1531.8 47.7202 -900.202 0.0121048 0.840398 0.0216136 0.541403 
77.43 1534.07 47.7313 -901.24 0.0129425 0.840207 0.0206171 0.541718 
77.5336 1536.34 47.7382 -902.274 0.0123964 0.839988 0.0211259 0.542052 
77.6372 1538.61 47.7508 -903.306 0.0114921 0.839794 0.0221276 0.542332 
77.7409 1540.87 47.7693 -904.335 0.0103767 0.839592 0.0235544 0.542608 
77.8445 1543.13 47.7935 -905.358 0.010335 0.839425 0.0237794 0.542856 
77.9483 1545.39 47.8168 -906.379 0.0105525 0.839297 0.0229514 0.543086 
78.0518 1547.64 47.8334 -907.394 0.0110567 0.839082 0.0220349 0.543446 
78.1555 1549.88 47.8479 -908.407 0.0118454 0.838862 0.0222577 0.54376 
78.2592 1552.13 47.8603 -909.42 0.0117786 0.838627 0.0227675 0.544102 
78.3628 1554.37 47.8727 -910.425 0.0109437 0.838505 0.0228034 0.544306 
78.4664 1556.61 47.8877 -911.427 0.0102029 0.838553 0.0230146 0.544239 
78.57 1558.84 47.9047 -912.427 0.0095855 0.838707 0.0229158 0.544017 
78.6738 1561.07 47.9261 -913.426 0.00874506 0.838933 0.0235611 0.543654 
78.7774 1563.29 47.95 -914.426 0.00890879 0.839165 0.0237822 0.543284 
78.881 1565.51 47.974 -915.426 0.00934578 0.839391 0.0234458 0.542941 
78.9846 1567.72 47.9971 -916.424 0.00933474 0.839614 0.0229156 0.54262 
79.0883 1569.92 48.0198 -917.422 0.00917767 0.839799 0.022999 0.542332 
79.1918 1572.13 48.0438 -918.423 0.0089969 0.839981 0.0228224 0.542062 
79.2956 1574.33 48.068 -919.426 0.00867072 0.840165 0.0233078 0.541761 
79.3992 1576.53 48.093 -920.429 0.00914081 0.840362 0.0232948 0.541448 
79.5028 1578.72 48.1192 -921.431 0.00940391 0.840531 0.0230036 0.541192 
79.6064 1580.91 48.1431 -922.432 0.00947221 0.840739 0.0228658 0.540875 
79.7101 1583.11 48.1661 -923.439 0.00973116 0.840969 0.0230937 0.540503 
79.8138 1585.29 48.1891 -924.444 0.00974834 0.841297 0.0231678 0.539988 
79.9174 1587.48 48.2116 -925.449 0.00913114 0.841798 0.0234088 0.539208 
80.021 1589.66 48.2364 -926.457 0.00846953 0.842481 0.0236396 0.53814 
80.1246 1591.83 48.2626 -927.467 0.00772166 0.843229 0.0236494 0.536979 
80.2284 1594 48.2903 -928.484 0.00737273 0.843957 0.0238928 0.535828 
80.332 1596.16 48.3194 -929.503 0.0074223 0.844682 0.024158 0.534671 
80.4356 1598.31 48.3491 -930.525 0.00728143 0.845375 0.024207 0.533574 
80.5393 1600.46 48.378 -931.552 0.00701298 0.846129 0.0237927 0.532401 
80.643 1602.59 48.4055 -932.581 0.0068193 0.84695 0.023464 0.531111 
80.7467 1604.73 48.4341 -933.615 0.00649914 0.847821 0.023231 0.529734 
80.8503 1606.85 48.4614 -934.654 0.00623312 0.848661 0.0236928 0.528369 
80.9541 1608.97 48.492 -935.699 0.00653577 0.849302 0.0244895 0.527299 
81.0577 1611.08 48.5262 -936.747 0.00627864 0.849899 0.0251933 0.526306 
81.1614 1613.18 48.5611 -937.795 0.00634952 0.850491 0.0251534 0.52535 
81.265 1615.28 48.597 -938.849 0.00620006 0.851059 0.0249652 0.52444 
81.3688 1617.37 48.6332 -939.903 0.00601008 0.851611 0.0248932 0.523548 
81.4724 1619.45 48.6701 -940.961 0.00576255 0.852114 0.025433 0.522706 
81.576 1621.51 48.7077 -942.017 0.00661305 0.852437 0.0253968 0.522171 
81.6796 1623.58 48.7455 -943.08 0.0073853 0.8526 0.0260456 0.521863 
81.7831 1625.64 48.7811 -944.139 0.0081251 0.852749 0.026076 0.521606 
81.8867 1627.69 48.8136 -945.195 0.00869784 0.852985 0.025183 0.521255 
81.9904 1629.74 48.8434 -946.249 0.00837 0.85319 0.0243425 0.520965 
82.094 1631.78 48.8718 -947.302 0.00822242 0.853378 0.0240797 0.520671 
82.1976 1633.82 48.8979 -948.357 0.00839818 0.853534 0.0240204 0.520415 
82.3012 1635.85 48.9225 -949.409 0.00899109 0.853676 0.0236965 0.520188 
82.4049 1637.88 48.9471 -950.462 0.00878601 0.853722 0.0241915 0.520093 
82.5085 1639.9 48.9746 -951.509 0.00828812 0.853731 0.0245861 0.520068 
82.6122 1641.9 49.0026 -952.551 0.0086627 0.853681 0.0241108 0.520166 
82.7159 1643.92 49.0308 -953.598 0.0085335 0.853532 0.024432 0.520397 
82.8195 1645.93 49.0612 -954.636 0.00766368 0.853218 0.0246513 0.520916 
82.9231 1647.93 49.0936 -955.672 0.00773156 0.852889 0.0258832 0.521393 
83.0269 1649.93 49.1307 -956.702 0.00720194 0.852316 0.0277967 0.522238 
83.1305 1651.93 49.1778 -957.723 0.00676747 0.851758 0.0289772 0.523089 
83.2342 1653.92 49.2277 -958.739 0.00619702 0.851322 0.0288274 0.523814 
83.3379 1655.91 49.274 -959.743 0.00599711 0.85082 0.0267009 0.524745 
83.4416 1657.89 49.3106 -960.745 0.00970976 0.850232 0.0243717 0.525754 
83.5452 1659.87 49.3367 -961.741 0.0114601 0.849439 0.0237872 0.527026 
83.6488 1661.86 49.3637 -962.732 0.0109315 0.848548 0.0260591 0.528363 
83.7525 1663.85 49.3984 -963.714 0.0107498 0.847658 0.0268324 0.529754 
83.8563 1665.84 49.4388 -964.686 0.00978796 0.846907 0.0276632 0.530931 
83.96 1667.83 49.4812 -965.652 0.0087263 0.846277 0.0281666 0.531926 
84.0636 1669.81 49.5242 -966.61 0.00899484 0.84577 0.028051 0.532733 
84.1674 1671.8 49.5646 -967.565 0.0100222 0.845303 0.0282521 0.533445 
84.271 1673.79 49.606 -968.517 0.00972509 0.84477 0.029314 0.534238 
84.3751 1675.78 49.6513 -969.464 0.00890719 0.844381 0.0289714 0.534885 
84.4784 1677.76 49.6965 -970.399 0.00791735 0.844245 0.0283473 0.535149 
84.5821 1679.74 49.74 -971.331 0.00743805 0.8442 0.0273834 0.535277 
84.6857 1681.72 49.7818 -972.264 0.00660097 0.844085 0.0268628 0.535495 
84.7894 1683.7 49.8233 -973.196 0.00603195 0.843986 0.0268889 0.535658 
84.8932 1685.68 49.8656 -974.129 0.0057016 0.843931 0.0271658 0.535732 
84.9968 1687.65 49.9091 -975.06 0.00613169 0.843919 0.027371 0.535736 
85.1005 1689.62 49.9526 -975.986 0.00595729 0.843903 0.0272266 0.535771 
85.2041 1691.59 49.9958 -976.91 0.0061235 0.843922 0.0270481 0.535749 
85.3077 1693.55 50.0378 -977.834 0.00630569 0.843949 0.0266963 0.535722 
85.4114 1695.51 50.0783 -978.758 0.00651696 0.843888 0.0270446 0.535797 
85.515 1697.46 50.1202 -979.679 0.00651909 0.843718 0.0277831 0.536027 
85.6188 1699.42 50.1651 -980.599 0.00640261 0.843497 0.0287566 0.536326 
85.7231 1701.38 50.2114 -981.52 0.00642502 0.843304 0.0285767 0.536638 
85.8265 1703.32 50.2583 -982.431 0.00654382 0.843138 0.0292247 0.536863 
85.9298 1705.26 50.3057 -983.335 0.00579727 0.842862 0.0289622 0.537318 
86.0337 1707.21 50.3551 -984.244 0.0057208 0.842642 0.029191 0.537651 
86.1374 1709.14 50.406 -985.145 0.00564588 0.842255 0.0299235 0.538219 
86.2408 1711.08 50.4569 -986.044 0.00670644 0.841806 0.0295422 0.538929 
86.3445 1713.01 50.5041 -986.939 0.00815896 0.841332 0.028628 0.539699 
86.4484 1714.95 50.5462 -987.831 0.00828115 0.840873 0.0281306 0.540438 
86.5519 1716.88 50.5893 -988.714 0.00699252 0.840399 0.0293617 0.541127 
86.6556 1718.82 50.6389 -989.593 0.00541331 0.839974 0.0299222 0.541774 
86.7594 1720.75 50.6922 -990.467 0.00456174 0.839573 0.0298582 0.542407 
86.863 1722.68 50.7471 -991.337 0.00381493 0.839136 0.030327 0.543063 
86.9669 1724.61 50.8039 -992.204 0.00363686 0.838713 0.03055 0.543705 
87.0705 1726.53 50.8588 -993.063 0.00393805 0.838317 0.0296292 0.544363 
87.1741 1728.44 50.9131 -993.918 0.00371549 0.837956 0.0300959 0.544894 
87.2783 1730.37 50.9695 -994.774 0.00330357 0.837633 0.0311978 0.545331 
87.3817 1732.26 51.0212 -995.616 0.00398664 0.837461 0.0297446 0.545672 
87.4853 1734.16 51.0717 -996.458 0.00431615 0.837294 0.0296846 0.545929 
87.589 1736.04 51.122 -997.293 0.00566575 0.837128 0.0306073 0.546121 
87.6927 1737.91 51.1702 -998.126 0.00672769 0.837018 0.0313366 0.546236 
87.7963 1739.78 51.2185 -998.953 0.00719476 0.837006 0.0329521 0.546153 
87.9001 1741.63 51.2688 -999.774 0.00726329 0.837075 0.0338909 0.545989 
88.0038 1743.47 51.3225 -1000.59 0.00666352 0.837213 0.0337559 0.545794 
88.1074 1745.31 51.3757 -1001.4 0.00589889 0.837407 0.0329094 0.545556 
88.2116 1747.15 51.4477 -1002.2 0.00502302 0.837661 0.0315967 0.545253 
88.315 1748.97 51.5081 -1002.99 0.00429315 0.83791 0.0308793 0.544917 
88.4185 1750.78 51.56 -1003.79 0.00366955 0.838093 0.0307633 0.544646 
88.5223 1752.59 51.6063 -1004.59 0.00322336 0.838284 0.0313076 0.544325 
88.626 1754.39 51.6539 -1005.38 0.00257219 0.838497 0.0313909 0.543996 
88.7298 1756.19 51.7058 -1006.16 0.0015318 0.838789 0.0315085 0.543542 
88.8335 1757.97 51.7627 -1006.96 0.00058607 0.839207 0.0320488 0.542866 
88.9373 1759.75 51.8231 -1007.75 0.000292529 0.839599 0.0324189 0.542238 
89.041 1761.51 51.8834 -1008.54 0.000961578 0.839921 0.0330492 0.541701 
89.1446 1763.26 51.9528 -1009.34 0.00174458 0.840189 0.034472 0.541195 
89.2482 1765 52.0104 -1010.12 0.00282818 0.840431 0.0359592 0.540717 
89.3519 1766.72 52.0706 -1010.91 0.00439501 0.840699 0.0367957 0.540232 
89.4555 1768.42 52.129 -1011.69 0.00620509 0.841035 0.0372037 0.539665 
89.5592 1770.11 52.1861 -1012.47 0.00737244 0.84132 0.0380807 0.539143 
89.6628 1771.79 52.2429 -1013.24 0.00874351 0.841633 0.0390438 0.538566 
89.7665 1773.45 52.3003 -1014.01 0.0102784 0.84204 0.0396152 0.53786 
89.8703 1775.1 52.3576 -1014.78 0.0116208 0.842425 0.0401811 0.537188 
89.974 1776.73 52.4143 -1015.55 0.0126257 0.842968 0.0407378 0.536271 
90.0776 1778.35 52.4713 -1016.32 0.0135404 0.843574 0.0414977 0.535237 
90.1813 1779.95 52.5286 -1017.08 0.0146946 0.844185 0.0426205 0.534152 
90.2851 1781.54 52.5861 -1017.84 0.0160632 0.844793 0.0434825 0.533081 
90.3888 1783.1 52.6425 -1018.6 0.0172947 0.845434 0.0443657 0.531953 
90.4924 1784.65 52.698 -1019.35 0.0181343 0.846407 0.0446213 0.530355 
90.5962 1786.18 52.7544 -1020.1 0.0181866 0.847729 0.0450514 0.5282 
90.6999 1787.69 52.8114 -1020.85 0.0182021 0.849345 0.0457939 0.525532 
90.8035 1789.18 52.8701 -1021.6 0.0185126 0.851172 0.0464419 0.5225 
90.9073 1790.64 52.9287 -1022.36 0.0187565 0.853216 0.0465255 0.51914 
91.011 1792.09 52.9876 -1023.12 0.0182822 0.855659 0.0461721 0.515152 
91.1146 1793.51 53.0449 -1023.88 0.0178875 0.858663 0.0454535 0.510208 
91.2184 1794.92 53.1041 -1024.66 0.0176784 0.862176 0.0450154 0.504294 
91.3221 1796.31 53.1625 -1025.47 0.0180576 0.865949 0.0451761 0.49776 
91.4258 1797.64 53.2256 -1026.27 0.0186912 0.869849 0.0459444 0.490818 
91.5296 1798.99 53.2864 -1027.11 0.0199455 0.873818 0.0468179 0.483583 
91.6332 1800.3 53.3495 -1027.96 0.0205931 0.877811 0.0477158 0.476179 
91.7369 1801.57 53.4186 -1028.81 0.0215912 0.881991 0.0485525 0.468262 
91.8407 1802.85 53.4875 -1029.7 0.0216804 0.886272 0.0490041 0.460054 
91.9444 1804.07 53.5569 -1030.59 0.0223416 0.890669 0.0487325 0.45148 
92.0482 1805.3 53.6278 -1031.53 0.0230894 0.895189 0.0485786 0.442429 
92.1519 1806.51 53.702 -1032.48 0.0227763 0.899748 0.0502227 0.432912 
92.2557 1807.66 53.7813 -1033.44 0.0231576 0.904434 0.0511228 0.422905 
92.3594 1808.82 53.8637 -1034.44 0.023067 0.909156 0.0517252 0.412587 
92.4631 1809.96 53.9489 -1035.47 0.0224504 0.913851 0.0519605 0.402085 
92.5669 1811.03 54.0316 -1036.49 0.0224639 0.918605 0.0514984 0.391162 
92.6705 1812.12 54.1192 -1037.56 0.0222613 0.92339 0.0509748 0.379811 
92.7742 1813.13 54.2074 -1038.63 0.021945 0.92814 0.051382 0.368015 
92.878 1814.16 54.2975 -1039.76 0.0218432 0.93283 0.0525467 0.355795 
92.9817 1815.17 54.3936 -1040.92 0.0212893 0.93732 0.0543155 0.343551 
93.0854 1816.08 54.4943 -1042.06 0.0202397 0.941721 0.0557833 0.331121 
93.1892 1817.03 54.5985 -1043.27 0.0211758 0.946055 0.0558634 0.31845 
93.2929 1817.93 54.7047 -1044.48 0.0214336 0.950277 0.0545467 0.30584 
93.3965 1818.74 54.8101 -1045.69 0.0220452 0.954259 0.0540104 0.293234 
93.5003 1819.59 54.916 -1046.96 0.0221288 0.958136 0.0537448 0.280351 
93.604 1820.33 55.0225 -1048.21 0.0222856 0.961886 0.0539145 0.267154 
93.7077 1821.1 55.1309 -1049.52 0.0219781 0.965467 0.0548898 0.253727 
93.8114 1821.84 55.2436 -1050.85 0.0216714 0.968976 0.0552396 0.239927 
93.9151 1822.46 55.3559 -1052.15 0.0218164 0.972374 0.054797 0.225855 
94.0189 1823.12 55.4713 -1053.52 0.0223624 0.975561 0.0542572 0.211745 
94.1225 1823.74 55.586 -1054.9 0.0226803 0.978478 0.054235 0.197798 
94.2263 1824.26 55.7036 -1056.26 0.0224457 0.981163 0.0551708 0.183768 
94.3298 1824.8 55.8235 -1057.67 0.0216803 0.983678 0.0559202 0.169646 
94.4336 1825.23 55.9407 -1059.06 0.0209063 0.986041 0.0558579 0.155454 
94.5372 1825.69 56.0666 -1060.49 0.0204492 0.98819 0.055147 0.141497 
94.6408 1826.11 56.1903 -1061.93 0.0202487 0.990061 0.0550158 0.127836 
94.7445 1826.42 56.3163 -1063.36 0.0206357 0.991668 0.0557847 0.114262 
94.8483 1826.76 56.444 -1064.83 0.0203933 0.993145 0.0558158 0.100657 
94.9519 1827.05 56.5733 -1066.3 0.0208624 0.994413 0.0558847 0.087092 
95.0557 1827.25 56.7028 -1067.74 0.0206313 0.995493 0.0562069 0.073551 
95.1594 1827.46 56.8352 -1069.23 0.0202317 0.996435 0.0558584 0.0598984 
95.2631 1827.64 56.9688 -1070.73 0.0205838 0.997188 0.0552765 0.0462252 
95.3667 1827.72 57.0995 -1072.18 0.0203435 0.997728 0.0550672 0.0330493 
95.4705 1827.81 57.2321 -1073.69 0.0206681 0.998085 0.0547075 0.0201439 
95.5741 1827.81 57.3658 -1075.15 0.0209227 0.99825 0.0548134 0.00739819 
95.6778 1827.83 57.4993 -1076.66 0.0208747 0.99824 0.0552462 -0.00535967 
95.7816 1827.81 57.636 -1078.16 0.0207644 0.998098 0.0551463 -0.0181389 
95.8852 1827.7 57.7698 -1079.64 0.0206801 0.99781 0.054638 -0.031028 
95.9888 1827.6 57.9077 -1081.14 0.0201789 0.997384 0.0536426 -0.0440459 
96.0925 1827.47 58.044 -1082.64 0.0200194 0.996799 0.0519781 -0.0573568 
96.1962 1827.23 58.1719 -1084.11 0.019502 0.996 0.0509844 -0.0707467 
96.2998 1827.02 58.3023 -1085.62 0.0184609 0.99496 0.0510181 -0.0843275 
96.4034 1826.7 58.4359 -1087.07 0.0183026 0.993684 0.0513846 -0.0980654 
96.5071 1826.41 58.5661 -1088.57 0.0178859 0.992176 0.0526287 -0.11179 
96.6109 1826.08 58.7032 -1090.06 0.0176313 0.990504 0.0528329 -0.125695 
96.7145 1825.63 58.8338 -1091.49 0.0173438 0.988695 0.0514463 -0.139766 
96.8182 1825.21 58.9696 -1092.95 0.0171555 0.986667 0.0507133 -0.153694 
96.9218 1824.76 59.102 -1094.41 0.0169197 0.984421 0.0508651 -0.167458 
97.0256 1824.18 59.2354 -1095.81 0.0169547 0.981929 0.0510715 -0.181435 
97.1293 1823.64 59.3685 -1097.24 0.0165848 0.979222 0.0511189 -0.195538 
97.2331 1823.06 59.4951 -1098.65 0.0160929 0.976262 0.0508285 -0.209928 
97.3368 1822.36 59.6068 -1099.99 0.0157349 0.97308 0.0500088 -0.224427 
97.4404 1821.68 59.7205 -1101.36 0.0151209 0.969621 0.0498395 -0.239002 
97.5442 1820.89 59.8423 -1102.66 0.0147681 0.965916 0.049509 -0.253648 
97.6479 1820.14 59.9436 -1103.99 0.0139942 0.962014 0.0494232 -0.268123 
97.7516 1819.35 60.0521 -1105.31 0.0139853 0.95791 0.0493229 -0.282454 
97.8552 1818.45 60.1596 -1106.54 0.0138591 0.953598 0.0494591 -0.29667 
97.959 1817.59 60.2709 -1107.8 0.0134935 0.949077 0.0494112 -0.310852 
98.0627 1816.69 60.3835 -1109.03 0.0134387 0.944337 0.0487537 -0.325071 
98.1665 1815.68 60.4913 -1110.18 0.0129328 0.939394 0.0484407 -0.339154 
98.2701 1814.72 60.6023 -1111.35 0.0124043 0.934245 0.047524 -0.353232 
98.3738 1813.65 60.7122 -1112.44 0.0124173 0.928844 0.0472572 -0.367236 
98.4775 1812.61 60.8208 -1113.55 0.0122982 0.923239 0.0476929 -0.381056 
98.5811 1811.55 60.9301 -1114.63 0.0119475 0.917371 0.0471091 -0.395056 
98.6848 1810.38 61.0359 -1115.62 0.0113704 0.911298 0.0464019 -0.408966 
98.7884 1809.25 61.1442 -1116.63 0.0109473 0.90513 0.0450867 -0.422595 
98.8922 1808.09 61.2488 -1117.61 0.0103651 0.89885 0.0439534 -0.435923 
98.9958 1806.83 61.349 -1118.51 0.0100858 0.892443 0.0434645 -0.448949 
99.0995 1805.6 61.4484 -1119.41 0.00993387 0.885915 0.0434456 -0.461702 
99.2031 1804.28 61.5468 -1120.25 0.00977516 0.879228 0.043911 -0.474273 
99.3067 1803.01 61.6458 -1121.09 0.00939595 0.872486 0.0433194 -0.486624 
99.4104 1801.71 61.7435 -1121.89 0.0085029 0.865706 0.0426314 -0.498662 
99.514 1800.32 61.8391 -1122.62 -0.00865558 -0.858927 -0.042316 0.510274 
99.6177 1798.96 61.9342 -1123.36 -0.00869244 -0.852232 -0.0418794 0.521412 
99.7213 1797.58 62.0292 -1124.06 -0.00894113 -0.845591 -0.0410881 0.532172 
99.8251 1796.12 62.1173 -1124.69 -0.00890749 -0.838948 -0.0398069 0.54268 
99.9287 1794.7 62.2073 -1125.33 -0.00837096 -0.832315 -0.0395015 0.55283 
100.032 1793.25 62.2953 -1125.93 -0.00870597 -0.825583 -0.0399739 0.562796 
100.136 1791.74 62.3852 -1126.47 -0.00785058 -0.818869 -0.0407101 0.572481 
100.24 1790.26 62.4744 -1127 -0.00755674 -0.812347 -0.0391311 0.581812 
100.344 1788.72 62.5609 -1127.48 -0.0072222 -0.806072 -0.0388291 0.590499 
100.447 1787.19 62.6448 -1127.95 -0.00737913 -0.800079 -0.0385988 0.598607 
100.551 1785.65 62.7281 -1128.39 -0.0078519 -0.794374 -0.037891 0.606196 
100.654 1784.08 62.8087 -1128.79 -0.00818737 -0.789104 -0.037497 0.613059 
100.758 1782.51 62.8908 -1129.18 -0.00831793 -0.784238 -0.0362446 0.619345 
100.862 1780.92 62.9707 -1129.54 -0.00840823 -0.779652 -0.034832 0.625186 
100.965 1779.31 63.0473 -1129.87 -0.00846939 -0.775301 -0.033846 0.630627 
101.069 1777.7 63.1223 -1130.19 -0.00891917 -0.771141 -0.0333247 0.635729 
101.172 1776.08 63.195 -1130.49 -0.00876913 -0.767206 -0.0328114 0.6405 
101.276 1774.44 63.2674 -1130.77 -0.00879669 -0.763394 -0.0325527 0.645052 
101.38 1772.8 63.3392 -1131.04 -0.00800822 -0.759815 -0.0326468 0.64927 
101.483 1771.13 63.4117 -1131.28 -0.00797749 -0.756466 -0.0327088 0.653166 
101.587 1769.48 63.4836 -1131.52 -0.0085486 -0.753692 -0.0330827 0.656339 
101.691 1767.8 63.558 -1131.74 -0.00931205 -0.751499 -0.0332335 0.65883 
101.794 1766.11 63.6322 -1131.95 -0.00959319 -0.749724 -0.0326403 0.660875 
101.898 1764.43 63.706 -1132.15 -0.0097257 -0.74793 -0.032755 0.662898 
102.002 1762.74 63.7787 -1132.35 -0.00968818 -0.746087 -0.0330532 0.664957 
102.105 1761.05 63.8511 -1132.53 -0.00936807 -0.744403 -0.0333827 0.66683 
102.209 1759.35 63.9228 -1132.71 -0.00921989 -0.742988 -0.0335965 0.668398 
102.313 1757.65 63.9948 -1132.88 -0.00929108 -0.741781 -0.0340188 0.669714 
102.416 1755.96 64.0668 -1133.05 -0.00925146 -0.740764 -0.0340299 0.670839 
102.52 1754.26 64.138 -1133.21 -0.00922717 -0.739901 -0.0336979 0.671807 
102.624 1752.57 64.2082 -1133.37 -0.00882801 -0.73919 -0.033363 0.672612 
102.727 1750.86 64.2789 -1133.52 -0.00911573 -0.738607 -0.0332452 0.673255 
102.831 1749.16 64.3481 -1133.67 -0.00904485 -0.7381 -0.0332141 0.673813 
102.935 1747.46 64.4172 -1133.82 -0.00883987 -0.737654 -0.0331689 0.674306 
103.038 1745.76 64.4864 -1133.96 -0.00892683 -0.737247 -0.0330793 0.674754 
103.142 1744.05 64.5566 -1134.11 -0.00947731 -0.736825 -0.0335194 0.675185 
103.246 1742.34 64.6286 -1134.25 -0.00960749 -0.736491 -0.0336967 0.675539 
103.349 1740.63 64.7018 -1134.39 -0.00988051 -0.736045 -0.0340756 0.676003 
103.453 1738.93 64.7756 -1134.53 -0.00985482 -0.735606 -0.0342951 0.676469 
103.557 1737.22 64.8495 -1134.67 -0.00942299 -0.73518 -0.0341474 0.676946 
103.66 1735.52 64.922 -1134.8 -0.00907268 -0.734803 -0.0339172 0.677371 
103.764 1733.81 64.9947 -1134.93 -0.00962422 -0.734383 -0.0343377 0.677798 
103.868 1732.12 65.0658 -1135.06 -0.00965964 -0.733918 -0.0349206 0.678271 
103.971 1730.43 65.1367 -1135.19 -0.00957748 -0.733432 -0.0348527 0.678802 
104.075 1728.75 65.2051 -1135.32 -0.00834447 -0.733068 -0.0344897 0.679229 
104.179 1727.08 65.2717 -1135.44 -0.00755528 -0.732557 -0.0338669 0.679821 
104.282 1725.4 65.3348 -1135.56 -0.0070517 -0.732051 -0.0333806 0.680395 
104.386 1723.74 65.3948 -1135.68 -0.00662352 -0.731494 -0.0328297 0.681025 
104.49 1722.08 65.4527 -1135.79 -0.00658379 -0.730711 -0.0325836 0.681877 
104.593 1720.43 65.5124 -1135.89 -0.0071061 -0.72944 -0.0328583 0.683218 
104.697 1718.79 65.5695 -1135.99 -0.00693377 -0.727712 -0.0335705 0.685025 
104.801 1717.16 65.6247 -1136.09 -0.00629839 -0.725485 -0.0335798 0.68739 
104.905 1715.54 65.6795 -1136.16 -0.0058415 -0.722709 -0.0339972 0.690292 
105.008 1713.93 65.732 -1136.22 -0.00520328 -0.71952 -0.033922 0.693623 
105.112 1712.34 65.7823 -1136.27 -0.00516495 -0.715902 -0.0336275 0.697372 
105.216 1710.75 65.8327 -1136.3 -0.00504283 -0.711808 -0.0342354 0.701521 
105.319 1709.18 65.8801 -1136.31 -0.00459893 -0.706984 -0.034763 0.70636 
105.423 1707.61 65.9272 -1136.29 -0.0041829 -0.701532 -0.034936 0.711769 
105.527 1706.08 65.9713 -1136.25 -0.00351143 -0.695542 -0.0348218 0.717632 
105.631 1704.57 66.0123 -1136.19 -0.00242551 -0.689056 -0.0340039 0.723906 
105.734 1703.03 66.0478 -1136.09 -0.00169719 -0.681951 -0.0331805 0.730643 
105.838 1701.55 66.0812 -1135.97 -0.00100223 -0.67439 -0.0323339 0.737666 
105.942 1700.08 66.1104 -1135.82 -0.000717306 -0.666341 -0.0315547 0.744979 
106.046 1698.59 66.1365 -1135.61 -0.000900082 -0.657755 -0.0314035 0.752576 
106.149 1697.15 66.1621 -1135.4 -0.000803193 -0.64836 -0.0306975 0.760714 
106.253 1695.67 66.1865 -1135.1 0.000208691 -0.638147 -0.0299337 0.769332 
106.357 1694.24 66.2104 -1134.79 0.000666493 -0.627357 -0.0291417 0.778186 
106.461 1692.84 66.218 -1134.47 0.00109114 -0.616155 -0.0275906 0.787141 
106.564 1691.37 66.2073 -1134.07 0.00112147 -0.604716 -0.0251382 0.796044 
106.668 1689.99 66.1959 -1133.67 0.00142147 -0.592999 -0.0238598 0.804848 
106.772 1688.62 66.1712 -1133.23 0.000998018 -0.580781 -0.022247 0.813755 
106.876 1687.2 66.1439 -1132.69 0.000639287 -0.567977 -0.0214885 0.822764 
106.979 1685.87 66.0964 -1132.17 0.000231529 -0.554488 -0.021026 0.831926 
107.083 1684.48 66.0623 -1131.54 0.000177432 -0.54019 -0.0205486 0.841292 
107.187 1683.2 66.0178 -1130.93 0.00104341 -0.525323 -0.0201608 0.850663 
107.29 1681.96 65.9845 -1130.28 0.00236019 -0.5101 -0.0188252 0.859906 
107.394 1680.64 65.9424 -1129.52 0.00363847 -0.494744 -0.017342 0.868858 
107.498 1679.46 65.9076 -1128.78 0.00351655 -0.47951 -0.0165862 0.877373 
107.602 1678.31 65.871 -1128 0.00373639 -0.46397 -0.0153294 0.885711 
107.705 1677.08 65.8276 -1127.1 0.00435465 -0.447982 -0.014387 0.893916 
107.809 1675.99 65.789 -1126.24 0.0042266 -0.43189 -0.0141129 0.901806 
107.913 1674.83 65.7459 -1125.27 0.00443371 -0.415549 -0.0141293 0.90945 
108.016 1673.81 65.7067 -1124.33 0.00532695 -0.398946 -0.0130065 0.916867 
108.12 1672.83 65.6632 -1123.36 0.00695038 -0.382361 -0.0119422 0.92391 
108.224 1671.79 65.6131 -1122.27 0.0079529 -0.365852 -0.0100971 0.930584 
108.328 1670.88 65.5628 -1121.23 0.00863193 -0.349314 -0.00857161 0.936927 
108.431 1670.03 65.5095 -1120.15 0.00947552 -0.332469 -0.00695575 0.943041 
108.535 1669.1 65.4475 -1118.97 0.0101295 -0.315653 -0.00573049 0.948803 
108.639 1668.32 65.3889 -1117.83 0.0108374 -0.298928 -0.0039195 0.954206 
108.743 1667.48 65.3222 -1116.6 0.0123277 -0.28238 -0.00249366 0.95922 
108.846 1666.78 65.2539 -1115.41 0.0142898 -0.26629 -0.000456505 0.963787 
108.95 1666.12 65.185 -1114.18 0.0150397 -0.250791 0.00106573 0.967924 
109.053 1665.41 65.1046 -1112.88 0.0139189 -0.235961 0.00212897 0.971661 
109.157 1664.82 65.0325 -1111.61 0.0139422 -0.221244 0.00371651 0.975112 
109.26 1664.27 64.9583 -1110.32 0.0145999 -0.206473 0.00522691 0.978329 
109.364 1663.68 64.8765 -1108.96 0.0159363 -0.191676 0.00698817 0.981304 
109.468 1663.21 64.7951 -1107.64 0.0180373 -0.176776 0.00925028 0.984042 
109.572 1662.78 64.7129 -1106.3 0.018298 -0.161437 0.00924133 0.98667 
109.675 1662.3 64.6243 -1104.88 0.0165939 -0.145328 0.00870674 0.989206 
109.779 1661.96 64.538 -1103.51 0.0154159 -0.12842 0.00705066 0.991575 
109.883 1661.56 64.4691 -1102.06 0.0191862 -0.11115 0.00751687 0.99359 
109.986 1661.32 64.3632 -1100.68 0.0258813 -0.0939249 0.00780567 0.995212 
110.09 1661.12 64.2655 -1099.28 0.0280008 -0.0772346 0.00757532 0.996591 
110.194 1660.88 64.1444 -1097.8 0.0256296 -0.060933 0.0086781 0.997775 
110.298 1660.77 64.0517 -1096.37 0.0223547 -0.0444335 0.0104867 0.998707 
110.401 1660.72 63.9535 -1094.94 0.0215819 -0.0276029 0.0125575 0.999307 
110.505 1660.62 63.8605 -1093.44 0.0231112 -0.0106286 0.013574 0.999584 
110.609 1660.67 63.7565 -1092.01 0.0258381 0.006247 0.0141012 0.999547 
110.713 1660.66 63.6535 -1090.52 0.0281933 0.022974 0.0143428 0.999236 
110.816 1660.81 63.539 -1089.08 0.0298682 0.0397665 0.0147098 0.998654 
110.92 1661 63.4239 -1087.65 0.0304471 0.0566724 0.0139189 0.997831 
111.024 1661.14 63.3055 -1086.16 0.0301768 0.0735837 0.0136529 0.996739 
111.127 1661.42 63.1884 -1084.74 0.0297853 0.0903899 0.0122055 0.995386 
111.231 1661.75 63.0726 -1083.31 0.0307148 0.10682 0.0119526 0.993732 
111.335 1662.05 62.9569 -1081.84 0.031099 0.1225 0.0116412 0.991913 
111.438 1662.47 62.8424 -1080.42 0.0311159 0.137464 0.0116149 0.98995 
111.542 1662.87 62.7241 -1078.97 0.0308452 0.151703 0.0123246 0.987868 
111.646 1663.37 62.6149 -1077.56 0.0299655 0.165052 0.0129563 0.985744 
111.749 1663.91 62.5042 -1076.15 0.0294477 0.177559 0.0132582 0.98358 
111.853 1664.44 62.3967 -1074.72 0.0298056 0.189384 0.0140795 0.98135 
111.957 1665.06 62.2866 -1073.33 0.0307764 0.200098 0.0143307 0.979188 
112.06 1665.69 62.1766 -1071.93 0.0318978 0.209507 0.0160282 0.977155 
112.164 1666.33 62.0622 -1070.53 0.0325771 0.218032 0.017142 0.975247 
112.268 1667.04 61.9526 -1069.13 0.0315309 0.22593 0.0185903 0.973456 
112.371 1667.75 61.8436 -1067.76 0.0301481 0.233511 0.0187751 0.971705 
112.475 1668.47 61.7387 -1066.37 0.0303813 0.241125 0.0193878 0.969825 
112.578 1669.23 61.6328 -1064.99 0.0311402 0.247937 0.0191795 0.968086 
112.682 1670.01 61.526 -1063.61 0.0323013 0.253538 0.0205105 0.966568 
112.786 1670.82 61.4185 -1062.23 0.03165 0.257606 0.0215035 0.965492 
112.89 1671.64 61.3103 -1060.84 0.0309912 0.260484 0.0215154 0.964741 
112.992 1672.45 61.2048 -1059.46 0.0307944 0.262694 0.0209863 0.964159 
113.096 1673.29 61.0989 -1058.08 0.0306395 0.264412 0.0204293 0.963706 
113.2 1674.13 60.9943 -1056.68 0.0298447 0.265606 0.020448 0.963403 
113.303 1674.99 60.8909 -1055.28 0.028365 0.266536 0.0209339 0.96318 
113.407 1675.85 60.79 -1053.86 0.0278551 0.267463 0.020986 0.962937 
113.51 1676.72 60.6911 -1052.45 0.0279517 0.26839 0.0209902 0.962676 
113.614 1677.59 60.5921 -1051.03 0.0282401 0.269372 0.0210237 0.962393 
113.718 1678.47 60.4919 -1049.6 0.0287073 0.270244 0.0210026 0.962135 
113.824 1679.38 60.3845 -1048.14 0.0294336 0.271157 0.0196888 0.961884 
113.925 1680.26 60.2809 -1046.74 0.0293766 0.272165 0.0198465 0.961597 
114.029 1681.17 60.1761 -1045.29 0.0280179 0.273111 0.0209391 0.961346 
