0.000000 -0.0000524 0.0000277 0.0000479 0.0000237 0.0000115 -0.0000061 1.0000000
0.104499 -0.0032453 -0.0022069 0.0614937 -0.0001308 0.0023014 -0.0010085 0.9999968
0.207793 -0.0033485 -0.0030016 0.1152632 -0.0003124 0.0030892 -0.0011177 0.9999946
0.311634 -0.0030398 -0.0039517 0.1692057 -0.0005548 0.0033570 -0.0008086 0.9999939
0.415494 -0.0026449 -0.0047447 0.2235007 -0.0004976 0.0036304 -0.0006319 0.9999931
0.519644 -0.0022655 -0.0056148 0.2780165 -0.0005717 0.0039887 -0.0006004 0.9999917
0.623401 -0.0015996 -0.0064761 0.3329230 -0.0001580 0.0041584 -0.0007650 0.9999911
0.727346 -0.0017268 -0.0074768 0.3863440 -0.0000646 0.0047887 -0.0006707 0.9999883
0.831180 -0.0016244 -0.0083714 0.4397178 -0.0007194 0.0049737 -0.0002084 0.9999874
1.038877 -0.0013129 -0.0103580 0.5462710 -0.0010479 0.0031705 0.0006605 0.9999942
1.246636 -0.0016346 -0.0121397 0.6530551 -0.0008488 0.0015706 0.0004465 0.9999983
1.454410 -0.0017441 -0.0136158 0.7602358 -0.0007342 0.0008225 -0.0002239 0.9999993
1.662157 -0.0014361 -0.0154392 0.8675087 -0.0011823 -0.0000141 0.0004798 0.9999992
1.870090 -0.0013849 -0.0172075 0.9735915 -0.0004018 -0.0009477 0.0003399 0.9999994
2.077874 -0.0020614 -0.0189350 1.0788023 -0.0004746 -0.0016634 -0.0000670 0.9999985
2.285652 -0.0029572 -0.0205152 1.1824853 -0.0004446 -0.0026111 -0.0000324 0.9999965
2.493488 -0.0042121 -0.0223567 1.2865469 -0.0013908 -0.0034102 0.0008832 0.9999928
2.701441 -0.0058314 -0.0247019 1.3901318 -0.0007995 -0.0041783 0.0012228 0.9999902
2.909338 -0.0072598 -0.0266515 1.4924132 -0.0012158 -0.0047983 0.0008622 0.9999874
3.117132 -0.0088343 -0.0285881 1.5964286 -0.0015029 -0.0054442 0.0018065 0.9999824
3.221000 -0.0091356 -0.0291649 1.6473224 -0.0013680 -0.0059642 0.0018357 0.9999796
3.428991 -0.0110355 -0.0307746 1.7502736 -0.0024063 -0.0059208 0.0022093 0.9999771
3.636879 -0.0131586 -0.0320430 1.8523111 -0.0025576 -0.0056221 0.0013138 0.9999800
3.844868 -0.0144496 -0.0331822 1.9548606 -0.0035433 -0.0054740 -0.0005754 0.9999785
4.052745 -0.0159505 -0.0339228 2.0569766 -0.0064267 -0.0036574 -0.0007916 0.9999723
4.260741 -0.0170700 -0.0339926 2.1587877 -0.0086660 -0.0021030 -0.0008448 0.9999599
4.364619 -0.0171567 -0.0337932 2.2096891 -0.0078538 -0.0013625 -0.0001459 0.9999682
4.572617 -0.0181487 -0.0342268 2.3101075 -0.0068640 -0.0002882 -0.0006742 0.9999762
4.676494 -0.0181716 -0.0343647 2.3605037 -0.0065778 -0.0003937 -0.0005323 0.9999781
4.884244 -0.0187923 -0.0344310 2.4603176 -0.0060937 -0.0014623 -0.0003792 0.9999803
4.988118 -0.0192131 -0.0345050 2.5103509 -0.0065969 -0.0021557 -0.0001612 0.9999759
5.195994 -0.0203959 -0.0349334 2.6094542 -0.0067141 -0.0032257 -0.0005978 0.9999720
5.299899 -0.0208505 -0.0351274 2.6589451 -0.0066611 -0.0035590 -0.0008819 0.9999711
5.403745 -0.0216364 -0.0353224 2.7081399 -0.0063676 -0.0035233 -0.0003930 0.9999734
5.611618 -0.0227135 -0.0358088 2.8064065 -0.0065952 -0.0039290 0.0000566 0.9999706
5.715493 -0.0235113 -0.0359882 2.8549888 -0.0073699 -0.0039095 0.0001237 0.9999652
5.819513 -0.0243905 -0.0361395 2.9039142 -0.0064764 -0.0040464 -0.0001218 0.9999709
5.923372 -0.0252981 -0.0363279 2.9524353 -0.0058527 -0.0039089 -0.0010697 0.9999747
6.131261 -0.0266026 -0.0369321 3.0498905 -0.0061712 -0.0040391 -0.0031085 0.9999680
6.235244 -0.0276315 -0.0371141 3.0983438 -0.0062230 -0.0038158 -0.0041301 0.9999648
6.443120 -0.0288983 -0.0374717 3.1948919 -0.0071234 -0.0023361 -0.0053783 0.9999574
6.651123 -0.0292605 -0.0381122 3.2912397 -0.0034803 0.0002095 -0.0032425 0.9999887
6.755121 -0.0296600 -0.0385163 3.3389788 -0.0032495 0.0016414 -0.0040410 0.9999852
6.859122 -0.0294963 -0.0391256 3.3870993 -0.0051273 0.0029637 -0.0032413 0.9999772
7.067120 -0.0293838 -0.0398811 3.4818931 -0.0048578 0.0068602 -0.0035319 0.9999585
7.275124 -0.0283840 -0.0405993 3.5752540 -0.0014599 0.0104773 -0.0023821 0.9999412
7.483122 -0.0259255 -0.0421275 3.6664758 -0.0019599 0.0140219 -0.0021715 0.9998974
7.691125 -0.0235064 -0.0432484 3.7583563 -0.0010145 0.0177960 -0.0025996 0.9998378
7.899123 -0.0200338 -0.0447244 3.8490741 0.0003111 0.0210175 -0.0023243 0.9997764
8.107122 -0.0154817 -0.0458297 3.9396591 -0.0008707 0.0237537 -0.0015134 0.9997163
8.315124 -0.0108971 -0.0470372 4.0296307 -0.0021503 0.0262103 -0.0004531 0.9996541
8.627137 -0.0039964 -0.0487816 4.1628900 0.0021940 0.0296290 0.0002491 0.9995585
8.835121 0.0007183 -0.0505944 4.2532029 0.0023113 0.0308352 0.0002026 0.9995218
9.147125 0.0084140 -0.0529177 4.3909326 0.0002820 0.0287821 0.0002677 0.9995856
9.355001 0.0130048 -0.0542987 4.4831066 0.0000965 0.0259676 -0.0002157 0.9996628
9.562998 0.0162568 -0.0555322 4.5756817 0.0001482 0.0221993 -0.0009911 0.9997531
9.770876 0.0197044 -0.0569055 4.6688499 -0.0007663 0.0179243 -0.0012363 0.9998383
9.978770 0.0222224 -0.0583453 4.7621107 -0.0011348 0.0132849 -0.0015561 0.9999099
10.186620 0.0236263 -0.0596435 4.8553700 -0.0009232 0.0083556 -0.0022495 0.9999622
10.394630 0.0241442 -0.0610861 4.9488387 -0.0006862 0.0042051 -0.0037471 0.9999839
10.602630 0.0241664 -0.0622856 5.0443602 -0.0005099 0.0026497 -0.0053792 0.9999819
10.810750 0.0245045 -0.0636830 5.1400766 -0.0010750 0.0014513 -0.0071092 0.9999731
11.018750 0.0236803 -0.0646796 5.2356601 -0.0021854 0.0008042 -0.0088962 0.9999577
11.226750 0.0229944 -0.0656813 5.3311601 -0.0036018 0.0002763 -0.0086851 0.9999558
11.538630 0.0223424 -0.0668158 5.4750791 -0.0041632 -0.0006573 -0.0059908 0.9999732
11.746630 0.0219797 -0.0675751 5.5714111 -0.0056415 -0.0008621 -0.0035237 0.9999775
11.954620 0.0215818 -0.0682073 5.6676693 -0.0042144 -0.0005565 -0.0002003 0.9999909
12.162500 0.0208895 -0.0688209 5.7640214 -0.0041719 -0.0001070 0.0000520 0.9999913
12.370380 0.0205022 -0.0693977 5.8604407 -0.0059391 0.0005387 -0.0013807 0.9999813
12.578370 0.0197508 -0.0701403 5.9552946 -0.0042406 0.0010992 -0.0016260 0.9999891
12.786250 0.0195536 -0.0712198 6.0502496 -0.0008288 0.0014833 -0.0008329 0.9999982
12.994130 0.0195464 -0.0728495 6.1443763 0.0013324 0.0018855 -0.0007674 0.9999970
13.306000 0.0196853 -0.0751697 6.2841597 0.0005664 0.0016171 -0.0009709 0.9999980
13.514010 0.0192044 -0.0766758 6.3776388 0.0006040 0.0013040 -0.0015043 0.9999979
13.721880 0.0190068 -0.0782000 6.4700174 -0.0000981 0.0005820 -0.0015092 0.9999987
13.929750 0.0185181 -0.0793980 6.5611024 0.0004751 -0.0000059 -0.0023115 0.9999972
14.137750 0.0179094 -0.0813355 6.6508312 0.0009240 -0.0006401 -0.0032312 0.9999942
14.449650 0.0168583 -0.0841800 6.7873726 0.0015980 -0.0016853 -0.0034013 0.9999915
14.657500 0.0153097 -0.0859946 6.8778591 0.0007957 -0.0019580 -0.0032874 0.9999924
14.969380 0.0141940 -0.0884823 7.0142355 0.0010571 -0.0032126 -0.0040184 0.9999862
15.177250 0.0124552 -0.0900323 7.1044817 0.0011678 -0.0034810 -0.0046440 0.9999825
15.385130 0.0111895 -0.0916353 7.1957970 0.0028846 -0.0034837 -0.0036226 0.9999832
15.593130 0.0102688 -0.0935195 7.2869864 0.0009484 -0.0038542 -0.0022616 0.9999896
15.801010 0.0079430 -0.0949931 7.3761115 -0.0008496 -0.0030359 -0.0026659 0.9999915
16.009010 0.0075940 -0.0962469 7.4638100 0.0017606 -0.0037368 -0.0034347 0.9999856
16.320880 0.0057809 -0.0988618 7.5927639 -0.0000680 -0.0033544 -0.0034450 0.9999884
16.632880 0.0048805 -0.1013515 7.7204494 0.0005902 -0.0014050 -0.0028503 0.9999948
16.944760 0.0038507 -0.1035575 7.8466978 0.0013273 0.0008740 -0.0028517 0.9999946
17.152760 0.0040598 -0.1051622 7.9313412 0.0004276 0.0021039 -0.0031047 0.9999928
17.568750 0.0039730 -0.1082924 8.0936909 0.0004943 0.0043913 -0.0029880 0.9999858
17.880630 0.0050935 -0.1105095 8.2114649 0.0002256 0.0049908 -0.0024104 0.9999846
18.192630 0.0056910 -0.1129279 8.3245354 0.0002526 0.0042588 -0.0024071 0.9999880
18.400630 0.0057844 -0.1144646 8.3957920 0.0007534 0.0038259 -0.0025368 0.9999892
18.608520 0.0053941 -0.1158559 8.4656963 0.0004156 0.0027294 -0.0021749 0.9999938
18.920510 0.0048548 -0.1177515 8.5673943 -0.0010082 -0.0003767 -0.0017604 0.9999979
19.336510 0.0027757 -0.1200932 8.6936283 -0.0007067 -0.0058260 -0.0025286 0.9999796
19.648650 0.0005438 -0.1218192 8.7810793 0.0001694 -0.0104568 -0.0030203 0.9999408
19.856630 -0.0011844 -0.1230439 8.8353739 0.0005978 -0.0130742 -0.0040086 0.9999063
20.168880 -0.0040675 -0.1247756 8.9118223 -0.0004703 -0.0128655 -0.0045609 0.9999067
20.377010 -0.0056689 -0.1258413 8.9602566 0.0007442 -0.0124056 -0.0045576 0.9999124
20.585260 -0.0069827 -0.1268945 9.0079041 0.0025510 -0.0113440 -0.0046797 0.9999214
20.897510 -0.0084761 -0.1284161 9.0780916 0.0030854 -0.0089967 -0.0045318 0.9999445
21.105630 -0.0092608 -0.1295472 9.1242094 0.0033459 -0.0070098 -0.0043349 0.9999604
21.313760 -0.0098620 -0.1308347 9.1698475 0.0026341 -0.0040089 -0.0038516 0.9999810
21.521880 -0.0101515 -0.1319846 9.2148552 0.0024257 -0.0010366 -0.0032494 0.9999912
21.730010 -0.0102726 -0.1330168 9.2593508 0.0027439 0.0020816 -0.0029577 0.9999897
21.938260 -0.0100974 -0.1340203 9.3037529 0.0034911 0.0049675 -0.0033728 0.9999759
22.146400 -0.0095948 -0.1350592 9.3490210 0.0028087 0.0076755 -0.0035689 0.9999602
22.354510 -0.0088429 -0.1361066 9.3946457 0.0037476 0.0098148 -0.0038118 0.9999375
22.562760 -0.0080380 -0.1371985 9.4406738 0.0057964 0.0111131 -0.0029830 0.9999170
22.770760 -0.0073695 -0.1384840 9.4874821 0.0061275 0.0114597 -0.0024453 0.9999126
22.978890 -0.0063234 -0.1397308 9.5349312 0.0066108 0.0113779 -0.0034306 0.9999076
23.186890 -0.0052116 -0.1411092 9.5825891 0.0086470 0.0116359 -0.0008467 0.9998946
23.499010 -0.0042041 -0.1420208 9.6551590 0.0045694 0.0126644 -0.0026413 0.9999059
23.915260 -0.0013608 -0.1446335 9.7559404 0.0086219 0.0180937 -0.0031227 0.9997942
24.227390 0.0015117 -0.1469262 9.8337107 0.0058579 0.0230299 -0.0016246 0.9997163
24.539510 0.0055210 -0.1493163 9.9126253 0.0057505 0.0271997 -0.0015582 0.9996123
24.851760 0.0099941 -0.1511125 9.9916391 0.0061467 0.0309915 -0.0029534 0.9994964
25.163760 0.0147315 -0.1531566 10.0701895 0.0056317 0.0353541 -0.0039118 0.9993513
25.475770 0.0203578 -0.1551606 10.1488237 0.0057015 0.0382168 -0.0012459 0.9992524
25.683760 0.0240754 -0.1567348 10.2014542 0.0056797 0.0387424 -0.0007840 0.9992328
25.891640 0.0278369 -0.1580540 10.2545700 0.0052755 0.0384811 -0.0012126 0.9992447
26.099520 0.0314770 -0.1597574 10.3071823 0.0059114 0.0370395 -0.0009692 0.9992958
26.307390 0.0349182 -0.1611380 10.3600712 0.0065422 0.0354966 -0.0023361 0.9993457
26.515270 0.0379152 -0.1628233 10.4121819 0.0063449 0.0337513 -0.0032666 0.9994048
26.723140 0.0412797 -0.1642997 10.4649601 0.0045165 0.0301054 -0.0026146 0.9995331
27.035140 0.0447554 -0.1663052 10.5420408 0.0026832 0.0229151 -0.0016755 0.9997324
27.243260 0.0462885 -0.1675776 10.5917053 0.0023601 0.0183214 -0.0007018 0.9998291
27.451390 0.0473230 -0.1687647 10.6396332 0.0026136 0.0143136 -0.0007303 0.9998938
27.659410 0.0479330 -0.1700217 10.6850471 0.0025552 0.0105259 -0.0007065 0.9999411
27.971390 0.0474189 -0.1717291 10.7477474 0.0046159 0.0030684 -0.0017517 0.9999831
28.698520 0.0387278 -0.1758128 10.8761282 0.0055754 -0.0554053 -0.0060089 0.9984303
29.009770 0.0289805 -0.1772850 10.9236593 0.0037638 -0.1021569 -0.0070833 0.9947360
29.321000 0.0144351 -0.1780641 10.9679594 0.0006012 -0.1600985 -0.0080669 0.9870679
29.632160 -0.0047383 -0.1788039 11.0068340 -0.0022270 -0.2249523 -0.0075890 0.9743377
29.943280 -0.0293136 -0.1791223 11.0422726 -0.0047087 -0.2971462 -0.0062020 0.9548002
30.150890 -0.0491338 -0.1790867 11.0626001 -0.0054257 -0.3477745 -0.0059513 0.9375436
30.462040 -0.0817194 -0.1792216 11.0885792 -0.0121894 -0.4299867 -0.0019138 0.9027509
30.877140 -0.1304307 -0.1786633 11.1110287 -0.0138239 -0.5407240 -0.0093154 0.8410349
31.188640 -0.1705778 -0.1779119 11.1192989 -0.0185234 -0.6163625 -0.0107544 0.7871712
31.500160 -0.2141424 -0.1768802 11.1205053 -0.0237508 -0.6899617 -0.0142565 0.7233156
31.811650 -0.2615921 -0.1752964 11.1119137 -0.0311787 -0.7591361 -0.0207243 0.6498544
32.123290 -0.3117342 -0.1723334 11.0923967 -0.0373129 -0.8199040 -0.0231308 0.5708154
32.435430 -0.3636374 -0.1680511 11.0608139 0.0386040 0.8693874 0.0219948 -0.4921295
32.748020 -0.4169869 -0.1636466 11.0159988 0.0412917 0.9045141 0.0228779 -0.4238230
32.956400 -0.4527307 -0.1604492 10.9790993 0.0483946 0.9241986 0.0234714 -0.3781057
33.164770 -0.4884639 -0.1564318 10.9342270 0.0477058 0.9412182 0.0223126 -0.3336683
33.373140 -0.5217581 -0.1526775 10.8833742 0.0453127 0.9552492 0.0181376 -0.2917478
33.581640 -0.5537229 -0.1494371 10.8256083 0.0441812 0.9667310 0.0166378 -0.2514010
33.790020 -0.5830574 -0.1466850 10.7606783 0.0428593 0.9764243 0.0161108 -0.2109480
33.998280 -0.6093199 -0.1436664 10.6895647 0.0461118 0.9842132 0.0159016 -0.1701328
34.206650 -0.6305635 -0.1408741 10.6123400 0.0482454 0.9899909 0.0175268 -0.1314655
34.414890 -0.6475621 -0.1375663 10.5292664 0.0477066 0.9941743 0.0156622 -0.0953739
34.623270 -0.6600816 -0.1347065 10.4409256 0.0468003 0.9968559 0.0140378 -0.0623782
34.831660 -0.6673416 -0.1324569 10.3462353 0.0462788 0.9983146 0.0136549 -0.0322468
35.040020 -0.6692618 -0.1299577 10.2476501 0.0449892 0.9988668 0.0140631 -0.0065835
35.248400 -0.6668169 -0.1279905 10.1440163 0.0432021 0.9988475 0.0141986 0.0153489
35.456920 -0.6603591 -0.1263125 10.0370111 0.0385644 0.9987367 0.0124355 0.0297175
35.665520 -0.6515089 -0.1252210 9.9267359 0.0347280 0.9986705 0.0141454 0.0353706
35.874180 -0.6425514 -0.1233174 9.8104153 0.0324025 0.9987963 0.0128841 0.0344966
36.082520 -0.6339174 -0.1217122 9.6920137 0.0318220 0.9988945 0.0138068 0.0317259
36.290910 -0.6260726 -0.1199976 9.5735531 0.0304827 0.9990565 0.0149845 0.0270612
36.499150 -0.6195850 -0.1182870 9.4521513 0.0300466 0.9991713 0.0168947 0.0216478
36.707280 -0.6142151 -0.1164684 9.3316431 0.0290021 0.9993039 0.0166102 0.0165771
36.915280 -0.6100181 -0.1147368 9.2110605 0.0277339 0.9994278 0.0160078 0.0108931
37.123280 -0.6073618 -0.1125850 9.0914545 0.0279197 0.9994152 0.0187961 0.0060320
37.331150 -0.6062437 -0.1099580 8.9711475 0.0287940 0.9994144 0.0183688 0.0020671
37.539030 -0.6057339 -0.1080764 8.8510313 0.0287700 0.9994514 0.0163997 -0.0004564
37.746770 -0.6053161 -0.1057331 8.7280331 0.0281810 0.9994648 0.0163760 -0.0028088
37.954400 -0.6055076 -0.1033140 8.6052885 0.0285374 0.9994320 0.0174430 -0.0041204
38.162020 -0.6060401 -0.1008859 8.4829788 0.0294796 0.9994041 0.0175273 -0.0038839
38.369530 -0.6065487 -0.0989629 8.3593683 0.0308272 0.9993927 0.0159520 -0.0030715
38.577050 -0.6067203 -0.0964784 8.2351437 0.0319816 0.9993283 0.0177806 -0.0020111
38.784650 -0.6066368 -0.0936293 8.1102543 0.0306976 0.9993562 0.0185476 -0.0009514
38.992150 -0.6060480 -0.0911898 7.9843750 0.0289323 0.9994168 0.0181344 -0.0001833
39.199650 -0.6056187 -0.0891390 7.8614507 0.0291784 0.9994351 0.0166748 0.0002591
39.407270 -0.6050379 -0.0870217 7.7334571 0.0295811 0.9994101 0.0174444 0.0002596
39.614780 -0.6038811 -0.0846655 7.6078582 0.0292078 0.9994020 0.0185014 0.0004115
39.822150 -0.6031693 -0.0827898 7.4797778 0.0297319 0.9993949 0.0180466 0.0004568
40.029660 -0.6019250 -0.0799240 7.3536725 0.0302435 0.9993590 0.0191568 0.0002986
40.237040 -0.6028345 -0.0786901 7.2289858 0.0305514 0.9993731 0.0178593 0.0009993
40.548280 -0.6008703 -0.0742632 7.0411553 0.0302319 0.9993968 0.0170716 0.0007678
40.755780 -0.6002835 -0.0702108 6.9161334 0.0294828 0.9993939 0.0184720 0.0011594
41.067040 -0.5986406 -0.0665351 6.7317772 0.0302654 0.9993718 0.0184213 0.0008223
41.274530 -0.5975130 -0.0637756 6.6104479 0.0299565 0.9993393 0.0205813 -0.0000594
41.482150 -0.5971466 -0.0615603 6.4935985 0.0295060 0.9993418 0.0210661 -0.0012400
41.793530 -0.5973065 -0.0575553 6.3206062 0.0293551 0.9993572 0.0204133 -0.0026009
42.001030 -0.5976359 -0.0547014 6.2072725 0.0292924 0.9993600 0.0202752 -0.0032389
42.208530 -0.5980027 -0.0523597 6.0963764 0.0288752 0.9993578 0.0208352 -0.0040145
42.416050 -0.5985588 -0.0496282 5.9857221 0.0287960 0.9993318 0.0219182 -0.0051345
42.623660 -0.5996522 -0.0469458 5.8780499 0.0286148 0.9993531 0.0206624 -0.0069063
42.831160 -0.6003891 -0.0447740 5.7732062 0.0294063 0.9992694 0.0226319 -0.0091456
43.038660 -0.6018021 -0.0421267 5.6728673 0.0298555 0.9992405 0.0222630 -0.0114616
43.246160 -0.6034132 -0.0396788 5.5724649 0.0296086 0.9991851 0.0236564 -0.0138826
43.453690 -0.6062543 -0.0370447 5.4766965 0.0304445 0.9991293 0.0238392 -0.0156681
43.764790 -0.6104448 -0.0334517 5.3383536 0.0309271 0.9990511 0.0254006 -0.0171810
44.075920 -0.6139641 -0.0297427 5.2073331 0.0310307 0.9990802 0.0241810 -0.0170616
44.283280 -0.6161680 -0.0274660 5.1241679 0.0307854 0.9990812 0.0245766 -0.0168841
44.490780 -0.6181525 -0.0253505 5.0460663 0.0308074 0.9990544 0.0258584 -0.0165100
44.802160 -0.6208354 -0.0225831 4.9360199 0.0305283 0.9991112 0.0244211 -0.0157609
45.113530 -0.6234784 -0.0198817 4.8338695 0.0301489 0.9991128 0.0252159 -0.0151274
45.425030 -0.6256298 -0.0174723 4.7383494 0.0296543 0.9991363 0.0253718 -0.0142643
45.632780 -0.6269373 -0.0155523 4.6778116 0.0316654 0.9991373 0.0228943 -0.0140665
45.944410 -0.6287488 -0.0130612 4.5915093 0.0319841 0.9991484 0.0221261 -0.0137804
46.152410 -0.6303319 -0.0119107 4.5365238 0.0332363 0.9991292 0.0211660 -0.0137150
46.464300 -0.6324165 -0.0102146 4.4560590 0.0336415 0.9990973 0.0216065 -0.0143502
46.880280 -0.6348082 -0.0078709 4.3530388 0.0355912 0.9990825 0.0182763 -0.0152785
47.192290 -0.6367304 -0.0062816 4.2770991 0.0342518 0.9991637 0.0154459 -0.0161314
47.504410 -0.6390749 -0.0051786 4.2020965 0.0344637 0.9991186 0.0171737 -0.0167128
47.816410 -0.6402856 -0.0041063 4.1281157 0.0317919 0.9993012 0.0101553 -0.0168298
48.232410 -0.6420550 -0.0030529 4.0242977 0.0253402 0.9994735 0.0133861 -0.0152117
48.544410 -0.6434364 -0.0015427 3.9428566 0.0245377 0.9995624 0.0122830 -0.0110438
48.856410 -0.6438767 -0.0000053 3.8566904 0.0231329 0.9995744 0.0166470 -0.0062294
49.168540 -0.6439582 0.0028995 3.7648635 0.0254930 0.9995271 0.0171728 -0.0008691
49.480540 -0.6429760 0.0051776 3.6678617 0.0279720 0.9994723 0.0157051 0.0050943
49.792540 -0.6402352 0.0080762 3.5650096 0.0304992 0.9993272 0.0171678 0.0109635
50.104550 -0.6363647 0.0105135 3.4566514 0.0318668 0.9992549 0.0135521 0.0170404
50.416540 -0.6309965 0.0127381 3.3419423 0.0314665 0.9992408 0.0120341 0.0195690
50.728660 -0.6248738 0.0155345 3.2223291 0.0327077 0.9992380 0.0101511 0.0187238
51.040790 -0.6201577 0.0184519 3.0971019 0.0319458 0.9992428 0.0125332 0.0183357
51.352790 -0.6139884 0.0206984 2.9689760 0.0304099 0.9993339 0.0111691 0.0168006
51.560790 -0.6101642 0.0227701 2.8804102 0.0305434 0.9993445 0.0118058 0.0154367
51.768790 -0.6061334 0.0241196 2.7898414 0.0298765 0.9993963 0.0119025 0.0131396
51.976790 -0.6033698 0.0261909 2.6963620 0.0276023 0.9995077 0.0104827 0.0106075
52.184660 -0.6010371 0.0274932 2.6026773 0.0274026 0.9995869 0.0042309 0.0075590
52.392670 -0.5992182 0.0278933 2.5060720 0.0276297 0.9995458 0.0110772 0.0046971
52.600670 -0.5980796 0.0297231 2.4089870 0.0255401 0.9996223 0.0099988 0.0016946
52.912410 -0.5980512 0.0321348 2.2602010 0.0263305 0.9996096 0.0091513 -0.0018814
53.016420 -0.5981720 0.0327612 2.2092412 0.0262948 0.9996003 0.0099755 -0.0028763
53.120310 -0.5988284 0.0327475 2.1577394 0.0261839 0.9995866 0.0112661 -0.0037597
53.224160 -0.5986044 0.0336728 2.1065791 0.0250061 0.9995964 0.0125066 -0.0050382
53.328040 -0.5986806 0.0340178 2.0568137 0.0245021 0.9995794 0.0142163 -0.0062130
53.535790 -0.5995812 0.0349354 1.9556100 0.0245035 0.9995716 0.0139304 -0.0078872
53.743420 -0.6008762 0.0357497 1.8545681 0.0247079 0.9995607 0.0136989 -0.0089588
53.847310 -0.6016951 0.0362624 1.8050537 0.0244161 0.9995582 0.0141684 -0.0093051
53.951170 -0.6021417 0.0367175 1.7549858 0.0240529 0.9995683 0.0136913 -0.0098608
54.158790 -0.6034950 0.0383237 1.6554532 0.0242600 0.9995677 0.0127591 -0.0106344
54.366290 -0.6056013 0.0397525 1.5554336 0.0242116 0.9995235 0.0157563 -0.0108756
54.573910 -0.6069394 0.0410656 1.4561077 0.0239974 0.9995663 0.0135740 -0.0103524
54.781540 -0.6084489 0.0416980 1.3563480 0.0229207 0.9996265 0.0113560 -0.0096250
54.989170 -0.6103979 0.0422635 1.2566649 0.0231326 0.9996007 0.0135223 -0.0089729
55.196790 -0.6121842 0.0437158 1.1597353 0.0219468 0.9996164 0.0146677 -0.0083740
55.404410 -0.6136969 0.0447507 1.0635096 0.0214075 0.9996725 0.0109833 -0.0087133
55.611910 -0.6150002 0.0454355 0.9681772 0.0221487 0.9996322 0.0125200 -0.0093831
55.819540 -0.6164811 0.0460384 0.8742781 0.0215476 0.9996389 0.0125758 -0.0099808
56.027170 -0.6178634 0.0466008 0.7762759 0.0202523 0.9996670 0.0117951 -0.0107982
56.338420 -0.6209920 0.0467652 0.6338576 0.0229265 0.9996032 0.0120465 -0.0110754
56.546040 -0.6230595 0.0475047 0.5390211 0.0234921 0.9995947 0.0117952 -0.0109291
56.753550 -0.6252328 0.0476245 0.4452515 0.0216550 0.9996368 0.0118175 -0.0108500
56.961060 -0.6273540 0.0477094 0.3525181 0.0211045 0.9996365 0.0128584 -0.0107796
57.272300 -0.6300442 0.0490450 0.2144131 0.0227030 0.9995908 0.0133957 -0.0111094
57.583670 -0.6330115 0.0484171 0.0799277 0.0193026 0.9997050 0.0095948 -0.0111936
57.894920 -0.6355952 0.0480726 -0.0563681 0.0182483 0.9996894 0.0131628 -0.0107192
58.206190 -0.6388443 0.0486910 -0.1947427 0.0237944 0.9995562 0.0147234 -0.0102237
58.413800 -0.6405731 0.0490694 -0.2863449 0.0234842 0.9995911 0.0126910 -0.0102502
58.725190 -0.6435713 0.0486295 -0.4252316 0.0214814 0.9996377 0.0126947 -0.0100887
59.036550 -0.6453328 0.0487373 -0.5652431 0.0212402 0.9996421 0.0123862 -0.0105385
59.140420 -0.6460721 0.0491397 -0.6116619 0.0205333 0.9996607 0.0120522 -0.0105698
59.348040 -0.6474112 0.0497500 -0.7057079 0.0185445 0.9996765 0.0135716 -0.0109004
59.555580 -0.6484895 0.0502613 -0.7992259 0.0178972 0.9997007 0.0122123 -0.0113621
59.763180 -0.6500955 0.0508508 -0.8935141 0.0173606 0.9997089 0.0124604 -0.0112001
59.866920 -0.6504493 0.0509835 -0.9409800 0.0165918 0.9997352 0.0114069 -0.0111433
60.074550 -0.6510614 0.0509685 -1.0354339 0.0158564 0.9997657 0.0093368 -0.0114001
60.282170 -0.6526398 0.0502070 -1.1318487 0.0183253 0.9997125 0.0108350 -0.0110307
60.593420 -0.6541196 0.0494155 -1.2745092 0.0183482 0.9997209 0.0101767 -0.0108541
60.801050 -0.6552470 0.0496009 -1.3711574 0.0176413 0.9997070 0.0128600 -0.0104526
61.008550 -0.6565259 0.0500737 -1.4659432 0.0197123 0.9996784 0.0124446 -0.0099877
61.216170 -0.6576688 0.0498378 -1.5620854 0.0213973 0.9996280 0.0138507 -0.0097027
61.423670 -0.6589434 0.0504345 -1.6572149 0.0236099 0.9995744 0.0143006 -0.0094428
61.631300 -0.6599634 0.0510470 -1.7522928 0.0257730 0.9995050 0.0154646 -0.0092866
61.838800 -0.6610116 0.0508018 -1.8466063 0.0279270 0.9994975 0.0119256 -0.0090829
62.046420 -0.6615644 0.0509627 -1.9412311 0.0284570 0.9994723 0.0127405 -0.0091175
62.253920 -0.6619775 0.0510614 -2.0352371 0.0279007 0.9994804 0.0131206 -0.0093938
62.461550 -0.6628888 0.0516236 -2.1300440 0.0276211 0.9994804 0.0136407 -0.0094778
62.669050 -0.6628373 0.0519426 -2.2236784 0.0272635 0.9994950 0.0124197 -0.0105938
62.980550 -0.6637173 0.0512923 -2.3651812 0.0280374 0.9994477 0.0128995 -0.0123189
63.291930 -0.6647034 0.0510431 -2.5068357 0.0269850 0.9994339 0.0142492 -0.0141631
63.499550 -0.6660959 0.0521495 -2.6019988 0.0257978 0.9994478 0.0142840 -0.0153151
63.811050 -0.6678876 0.0520212 -2.7466464 0.0263790 0.9994442 0.0129958 -0.0156998
64.018680 -0.6697739 0.0523802 -2.8393328 0.0269867 0.9994298 0.0134888 -0.0151605
64.226180 -0.6713285 0.0523664 -2.9318702 0.0282732 0.9993678 0.0161507 -0.0142748
64.433800 -0.6725622 0.0534135 -3.0299931 0.0272654 0.9994337 0.0139819 -0.0139062
64.745300 -0.6739866 0.0539602 -3.1690884 0.0258431 0.9994398 0.0160064 -0.0140006
65.056690 -0.6758351 0.0558282 -3.3047922 0.0261816 0.9994192 0.0164142 -0.0143698
65.368050 -0.6771167 0.0573620 -3.4402616 0.0244629 0.9994481 0.0158322 -0.0159513
65.575680 -0.6775116 0.0587632 -3.5360513 0.0234532 0.9994230 0.0162256 -0.0184486
65.886930 -0.6791565 0.0598685 -3.6805832 0.0232871 0.9993774 0.0173788 -0.0200108
66.198300 -0.6838924 0.0621706 -3.8214159 0.0233079 0.9993651 0.0170867 -0.0208385
66.405950 -0.6860248 0.0631069 -3.9175045 0.0227748 0.9993525 0.0173217 -0.0218155
66.613430 -0.6885471 0.0640753 -4.0085344 0.0222876 0.9993537 0.0168199 -0.0226379
66.821050 -0.6897426 0.0652154 -4.1016669 0.0225919 0.9993121 0.0166018 -0.0242749
67.028680 -0.6935678 0.0668712 -4.1924028 0.0227164 0.9993082 0.0172220 -0.0238866
67.236300 -0.6962596 0.0677524 -4.2822027 0.0225219 0.9993269 0.0170920 -0.0233748
67.443820 -0.7000612 0.0687588 -4.3740144 0.0230311 0.9992985 0.0184076 -0.0230910
67.651550 -0.7025710 0.0705853 -4.4635262 0.0228626 0.9993030 0.0186233 -0.0228900
67.859060 -0.7055948 0.0726831 -4.5609937 0.0211109 0.9992856 0.0184419 -0.0253476
68.066810 -0.7049187 0.0736760 -4.6567502 0.0198026 0.9992182 0.0192683 -0.0282774
68.274430 -0.7089033 0.0750121 -4.7562404 0.0176949 0.9991384 0.0209581 -0.0311468
68.585930 -0.7297429 0.0852784 -4.8972912 0.0177534 0.9992685 0.0170775 -0.0292531
68.793560 -0.7606491 0.1040843 -5.0114827 0.0173940 0.9995468 0.0119298 -0.0214782
69.105050 -0.7642000 0.1005996 -5.2043777 0.0205494 0.9993483 0.0158839 -0.0250664
69.312800 -0.7458434 0.1056123 -5.2652302 0.0164017 0.9991071 0.0149294 -0.0359601
69.624560 -0.7854459 0.1059944 -5.4369621 0.0195027 0.9994062 0.0154211 -0.0238573
69.936320 -0.8309894 0.1177219 -5.5844116 0.0221012 0.9996557 0.0122077 -0.0071492
70.558570 -0.7502700 0.1081196 -5.7462921 0.0270173 0.9990625 0.0169665 0.0292612
71.180310 -0.6942277 0.1030725 -5.9216957 0.0314877 0.9869348 0.0139268 0.1573984
71.595080 -0.6277425 0.1021878 -6.0011067 0.0344909 0.9616470 0.0128420 0.2718098
71.802430 -0.5936399 0.1014701 -6.0449963 0.0351676 0.9407665 0.0125198 0.3369938
72.009810 -0.5512486 0.1023215 -6.0814724 0.0357630 0.9140604 0.0127274 0.4037979
72.217450 -0.5179315 0.1015474 -6.0984483 0.0324854 0.8837767 0.0115510 0.4666370
72.425180 -0.4857070 0.0996826 -6.1094966 0.0313397 0.8493407 0.0102539 0.5268140
72.632930 -0.4553498 0.0982214 -6.1193862 0.0331893 0.8095822 0.0086137 0.5860042
72.840820 -0.4222395 0.0980969 -6.1222367 0.0324873 0.7668563 0.0062343 0.6409658
73.048810 -0.3895014 0.0966420 -6.1225414 0.0279141 0.7189615 0.0121617 0.6943826
73.256690 -0.3561862 0.0970448 -6.1183968 0.0213597 0.6668124 0.0178472 0.7447056
73.464560 -0.3235775 0.0959806 -6.1093988 0.0163454 0.6101709 0.0203921 0.7918386
73.672580 -0.2921119 0.0952231 -6.0948663 0.0145373 0.5506663 0.0225154 0.8342951
73.880450 -0.2595451 0.0949983 -6.0749302 0.0112396 0.4879450 0.0250773 0.8724416
74.088440 -0.2280746 0.0942932 -6.0492382 0.0105512 0.4245251 0.0235628 0.9050480
74.296560 -0.1985042 0.0934744 -6.0178022 0.0143816 0.3630098 0.0236778 0.9313734
74.504810 -0.1726465 0.0921379 -5.9806910 0.0139161 0.3023123 0.0241660 0.9528009
74.712820 -0.1507249 0.0906932 -5.9385843 0.0120863 0.2387357 0.0237929 0.9707178
74.921080 -0.1325648 0.0886833 -5.8918343 0.0102098 0.1776941 0.0219250 0.9837885
75.129560 -0.1193324 0.0875829 -5.8397493 0.0109642 0.1275473 0.0151113 0.9916567
75.338190 -0.1091898 0.0859159 -5.7833271 0.0101980 0.0887165 0.0119964 0.9959325
75.546930 -0.1010247 0.0840240 -5.7225995 0.0087036 0.0553902 0.0110581 0.9983656
75.755680 -0.0957890 0.0828885 -5.6570034 0.0091654 0.0306129 0.0062828 0.9994696
75.964710 -0.0934212 0.0811778 -5.5878935 0.0104217 0.0183189 0.0009473 0.9997774
76.173710 -0.0910334 0.0792968 -5.5153542 0.0098651 0.0158374 -0.0010873 0.9998253
76.382460 -0.0905390 0.0761027 -5.4348626 0.0083940 0.0152888 -0.0001060 0.9998479
76.591060 -0.0901541 0.0727423 -5.3500772 0.0084527 0.0136756 0.0000273 0.9998708
76.903560 -0.0883998 0.0682986 -5.2182598 0.0057034 0.0113256 0.0005976 0.9999194
77.215940 -0.0846218 0.0624473 -5.0744686 0.0059206 0.0085598 0.0015314 0.9999447
77.424060 -0.0828718 0.0594443 -4.9728088 0.0063754 0.0078413 0.0006335 0.9999487
77.736190 -0.0794813 0.0535190 -4.8145843 0.0049202 0.0081463 0.0000672 0.9999547
77.944210 -0.0784998 0.0510177 -4.7074490 0.0075884 0.0100645 -0.0004425 0.9999205
78.152070 -0.0762661 0.0479395 -4.5990796 0.0090080 0.0109289 0.0005522 0.9998996
78.359820 -0.0750641 0.0448682 -4.4838729 0.0087243 0.0108318 0.0016880 0.9999018
78.567580 -0.0732551 0.0405148 -4.3688636 0.0103257 0.0091771 0.0015354 0.9999034
78.775190 -0.0716613 0.0365191 -4.2529693 0.0084229 0.0062970 0.0016916 0.9999433
78.982940 -0.0696132 0.0326407 -4.1300278 0.0086467 0.0043585 0.0015292 0.9999520
79.190690 -0.0692975 0.0283936 -4.0037646 0.0092858 0.0033778 0.0018442 0.9999495
79.294440 -0.0682327 0.0264927 -3.9405992 0.0090494 0.0020434 0.0006767 0.9999567
79.502200 -0.0696623 0.0222587 -3.8140252 0.0064814 0.0029454 0.0001527 0.9999747
79.709940 -0.0684501 0.0190491 -3.6840050 0.0036799 0.0032847 0.0005343 0.9999877
79.917560 -0.0670900 0.0173682 -3.5503829 -0.0019352 0.0032406 0.0000034 0.9999928
80.021460 -0.0671888 0.0164486 -3.4822505 -0.0035001 0.0034902 -0.0008219 0.9999874
80.228940 -0.0650241 0.0153081 -3.3498216 -0.0049585 0.0024891 -0.0011203 0.9999840
80.332810 -0.0660029 0.0142683 -3.2872586 -0.0044218 0.0035898 -0.0007249 0.9999835
80.540440 -0.0644368 0.0127029 -3.1620889 -0.0037697 0.0041603 0.0002790 0.9999842
80.748100 -0.0608278 0.0121738 -3.0372496 -0.0048926 0.0042907 0.0007731 0.9999785
80.955700 -0.0609259 0.0108559 -2.9321880 -0.0047202 0.0060318 0.0009434 0.9999702
81.163210 -0.0590595 0.0114053 -2.8264306 -0.0069962 0.0067507 0.0011715 0.9999521
81.370700 -0.0546268 0.0127348 -2.7111259 -0.0066448 0.0053054 0.0020707 0.9999617
81.682070 -0.0545245 0.0146383 -2.5230608 -0.0031432 0.0061470 -0.0015053 0.9999750
81.889700 -0.0555948 0.0132036 -2.4019482 -0.0028829 0.0068314 -0.0005519 0.9999723
82.097310 -0.0540291 0.0129961 -2.2765198 -0.0044108 0.0064281 0.0001523 0.9999696
82.304840 -0.0529025 0.0125891 -2.1517253 -0.0017275 0.0052774 0.0002901 0.9999846
82.512440 -0.0524847 0.0116609 -2.0330424 -0.0046142 0.0048076 0.0004934 0.9999776
82.719960 -0.0515971 0.0107826 -1.9146147 -0.0044645 0.0042821 0.0004121 0.9999808
82.927570 -0.0460638 0.0099609 -1.7958485 -0.0044778 0.0025470 -0.0001990 0.9999867
83.135190 -0.0472298 0.0105774 -1.6848768 -0.0040167 0.0037761 -0.0006740 0.9999846
83.342820 -0.0475727 0.0088972 -1.5754594 -0.0043462 0.0031115 0.0009998 0.9999852
83.550440 -0.0521938 0.0063189 -1.4611280 -0.0060545 0.0048449 0.0030556 0.9999653
83.758190 -0.0467786 0.0073093 -1.3502667 -0.0052614 0.0043705 0.0022950 0.9999740
83.965950 -0.0398793 0.0091703 -1.2475106 -0.0036867 0.0029361 0.0006002 0.9999887
84.173690 -0.0381973 0.0098994 -1.1556703 -0.0056426 0.0043608 -0.0004909 0.9999744
84.381590 -0.0387571 0.0102681 -1.0703464 -0.0049857 0.0068427 -0.0014845 0.9999630
84.693200 -0.0387941 0.0079494 -0.9495437 -0.0061537 0.0096245 -0.0001092 0.9999347
84.900940 -0.0357567 0.0081605 -0.8574567 -0.0012761 0.0103220 -0.0021246 0.9999437
85.212450 -0.0249374 0.0066647 -0.7100839 0.0001528 0.0091450 -0.0016350 0.9999568
85.420190 -0.0191151 0.0056283 -0.6112317 -0.0015891 0.0084856 -0.0010098 0.9999622
85.627820 -0.0150045 0.0046220 -0.4994447 -0.0009430 0.0068900 0.0003397 0.9999757
85.835320 -0.0160922 0.0041542 -0.3950463 -0.0005200 0.0084811 -0.0007521 0.9999636
86.042820 -0.0142412 0.0030610 -0.2899135 -0.0013609 0.0072473 -0.0011525 0.9999722
86.250460 -0.0109486 0.0018253 -0.1861231 -0.0009717 0.0053076 -0.0006372 0.9999852
86.458070 -0.0098804 -0.0002465 -0.0826204 0.0000278 0.0048832 0.0001027 0.9999881
86.665690 -0.0080415 -0.0018097 0.0173370 -0.0009202 0.0045003 -0.0002546 0.9999894
87.288320 -0.0037497 -0.0073488 0.3749658 -0.0004244 0.0007735 -0.0002850 0.9999996
91.647600 -0.0187760 -0.0354545 2.7479465 -0.0064611 -0.0070255 0.0003545 0.9999544
95.073200 -0.0246847 -0.0504451 4.2432857 0.0016316 -0.0032647 0.0018133 0.9999917
96.632830 -0.0391917 -0.0591405 4.8847685 0.0006161 0.0131963 -0.0099467 0.9998633
97.568330 -0.0171614 -0.0644445 5.3010993 -0.0013268 0.0377725 -0.0114550 0.9992198
106.599100 -0.0095103 -0.1312370 9.1873865 0.0027515 -0.0022706 -0.0035384 0.9999874
107.015100 -0.0093355 -0.1335566 9.2852936 0.0025010 0.0062008 -0.0034586 0.9999717
107.431000 -0.0077988 -0.1358669 9.3814631 0.0017425 0.0104166 -0.0031769 0.9999391
110.966800 0.0220271 -0.1585010 10.2686367 0.0053934 0.0269082 -0.0013021 0.9996225
111.590700 0.0286215 -0.1633657 10.4416513 0.0057034 0.0198830 -0.0044343 0.9997762
112.110600 0.0325749 -0.1672398 10.5851727 0.0035793 0.0148273 -0.0042647 0.9998746
112.630600 0.0348952 -0.1709143 10.7225189 0.0035687 0.0118886 -0.0050831 0.9999101
113.046600 0.0360418 -0.1741384 10.8229542 0.0075057 0.0119638 -0.0095373 0.9998548
113.462600 0.0373600 -0.1774663 10.9207830 0.0087394 0.0146422 -0.0128979 0.9997714
113.878500 0.0398391 -0.1804772 11.0144749 0.0051410 0.0146851 -0.0118457 0.9998088
114.294300 0.0423454 -0.1828156 11.1094732 0.0032895 0.0110829 -0.0093863 0.9998891
