4.252293 0.0000000 0.0000000 0.0000000 0.0000000 0.0000000 0.0000000 1.0000000
4.355974 0.0004846 -0.0002158 0.0346710 -0.0003370 0.0073328 0.0012003 0.9999723
4.459609 0.0016686 -0.0005638 0.0692728 -0.0008984 0.0139151 0.0014366 0.9999018
4.563217 0.0030989 -0.0007936 0.1040247 -0.0007624 0.0200508 0.0013010 0.9997978
4.666947 0.0048227 -0.0011299 0.1390511 0.0006419 0.0257459 0.0014613 0.9996672
4.770559 0.0069135 -0.0014354 0.1744128 0.0023447 0.0308173 0.0017175 0.9995208
4.874319 0.0095962 -0.0016019 0.2108634 0.0036859 0.0355510 0.0023174 0.9993584
4.977967 0.0125607 -0.0018492 0.2478925 0.0042985 0.0393114 0.0021644 0.9992154
5.185269 0.0189586 -0.0027062 0.3238009 0.0054585 0.0448043 0.0025533 0.9989776
5.288943 0.0226498 -0.0033856 0.3622756 0.0062101 0.0470193 0.0019521 0.9988728
5.496314 0.0304213 -0.0044564 0.4417591 0.0063181 0.0505280 0.0021374 0.9987004
5.703641 0.0393934 -0.0056423 0.5242159 0.0047483 0.0527985 0.0025593 0.9985906
5.910955 0.0486623 -0.0065035 0.6088881 0.0050808 0.0543248 0.0040020 0.9985024
6.118447 0.0580687 -0.0076196 0.6953946 0.0056797 0.0548043 0.0043201 0.9984716
6.325669 0.0678923 -0.0088081 0.7842624 0.0065649 0.0537806 0.0048664 0.9985194
6.533021 0.0775359 -0.0102636 0.8759143 0.0064174 0.0525789 0.0050512 0.9985834
6.740399 0.0873551 -0.0117250 0.9701219 0.0069718 0.0516149 0.0055102 0.9986275
7.051471 0.1028174 -0.0140108 1.1162089 0.0052269 0.0502754 0.0074130 0.9986942
7.258923 0.1121301 -0.0160279 1.2138894 0.0063980 0.0495911 0.0091611 0.9987071
7.569925 0.1270599 -0.0184996 1.3661975 0.0056665 0.0490501 0.0088710 0.9987409
7.881024 0.1428721 -0.0207556 1.5228424 0.0060489 0.0489021 0.0099811 0.9987354
8.192118 0.1599354 -0.0231747 1.6835642 0.0072270 0.0500534 0.0085064 0.9986842
8.399546 0.1682390 -0.0253356 1.7922626 0.0066405 0.0519949 0.0081519 0.9985920
8.710698 0.1863128 -0.0278114 1.9599323 0.0073647 0.0540588 0.0062678 0.9984909
8.918107 0.1998876 -0.0303523 2.0736341 0.0073044 0.0581965 0.0056468 0.9982625
9.229148 0.2207453 -0.0340089 2.2442968 0.0082992 0.0650394 0.0043287 0.9978388
9.332783 0.2281848 -0.0353973 2.3019369 0.0091332 0.0675037 0.0038369 0.9976698
9.540126 0.2443291 -0.0385180 2.4179802 0.0090048 0.0722959 0.0026900 0.9973390
9.747566 0.2611759 -0.0409151 2.5359790 0.0087428 0.0783080 0.0014403 0.9968898
9.954854 0.2795287 -0.0436179 2.6542847 0.0093812 0.0842132 0.0018758 0.9964018
10.162270 0.2991670 -0.0465422 2.7726407 0.0098873 0.0905326 0.0019222 0.9958426
10.473330 0.3298270 -0.0512001 2.9524956 0.0108574 0.1002497 0.0008886 0.9949027
10.680800 0.3558449 -0.0537045 3.0730684 0.0110842 0.1039105 0.0030820 0.9945201
10.888380 0.3833882 -0.0549931 3.1930299 0.0130391 0.1060664 0.0028686 0.9942694
11.096280 0.4103391 -0.0587771 3.3135967 0.0137171 0.1091625 0.0014848 0.9939281
11.199650 0.4234982 -0.0608056 3.3746252 0.0140958 0.1116616 0.0007927 0.9936460
11.303360 0.4370175 -0.0634079 3.4340878 0.0136232 0.1139502 0.0005605 0.9933929
11.407080 0.4508061 -0.0657189 3.4939167 0.0138623 0.1162839 0.0009154 0.9931189
11.510570 0.4646944 -0.0678710 3.5535014 0.0141927 0.1186009 0.0007220 0.9928403
11.718020 0.4927471 -0.0713090 3.6723921 0.0141131 0.1232324 0.0004888 0.9922774
11.925060 0.5226285 -0.0764391 3.7906444 0.0140995 0.1275314 0.0014610 0.9917333
12.132140 0.5544996 -0.0810974 3.9102547 0.0153832 0.1310263 0.0015828 0.9912583
12.339620 0.5868288 -0.0853938 4.0300822 0.0164143 0.1344609 0.0014912 0.9907818
12.546850 0.6194881 -0.0905330 4.1489773 0.0165192 0.1383264 0.0016714 0.9902475
12.754210 0.6542312 -0.0954222 4.2695298 0.0166014 0.1420565 0.0037896 0.9897121
12.961450 0.6902739 -0.1007359 4.3909822 0.0159577 0.1449390 0.0042611 0.9893028
13.168790 0.7268218 -0.1057504 4.5124016 0.0175567 0.1478747 0.0034836 0.9888441
13.376170 0.7638935 -0.1111035 4.6338716 0.0189952 0.1512968 0.0024164 0.9883029
13.583380 0.8010368 -0.1164716 4.7553635 0.0197810 0.1551905 0.0018680 0.9876847
13.790730 0.8399264 -0.1222381 4.8768678 0.0189169 0.1591319 0.0017811 0.9870745
13.998450 0.8808633 -0.1276921 4.9986448 0.0190659 0.1629818 0.0014711 0.9864438
14.205920 0.9224021 -0.1337955 5.1201577 0.0197403 0.1665782 0.0009504 0.9858302
14.412870 0.9652122 -0.1399552 5.2424474 0.0196260 0.1694343 0.0018435 0.9853444
14.620330 1.0083398 -0.1457573 5.3638444 0.0195743 0.1721876 0.0035433 0.9848633
14.827390 1.0513529 -0.1514055 5.4858856 0.0201938 0.1751072 0.0030144 0.9843376
15.138550 1.1171114 -0.1602245 5.6708412 0.0220881 0.1798040 0.0018083 0.9834528
15.345730 1.1635540 -0.1679325 5.7923703 0.0219345 0.1827474 0.0031753 0.9829100
15.553070 1.2096784 -0.1742022 5.9143815 0.0213917 0.1859459 0.0031821 0.9823219
15.760420 1.2572721 -0.1809421 6.0357623 0.0214435 0.1894168 0.0017021 0.9816611
15.967780 1.3057778 -0.1875347 6.1570773 0.0214583 0.1931944 0.0011448 0.9809251
16.175170 1.3552625 -0.1937319 6.2770567 0.0213823 0.1972474 0.0005522 0.9801204
16.382370 1.4056879 -0.2009972 6.3980131 0.0217799 0.2013608 0.0004811 0.9792749
16.589730 1.4570123 -0.2070708 6.5175786 0.0222084 0.2052187 0.0006200 0.9784639
16.900690 1.5354730 -0.2178227 6.6974545 0.0227335 0.2112170 0.0003881 0.9771747
17.212260 1.6146969 -0.2268049 6.8789430 0.0247194 0.2172345 0.0027774 0.9758024
17.522740 1.6991910 -0.2383160 7.0587049 0.0269972 0.2217634 0.0052593 0.9747126
17.833610 1.7850802 -0.2505816 7.2396612 0.0279367 0.2273123 0.0055994 0.9734050
18.041020 1.8453072 -0.2585876 7.3612967 0.0282450 0.2305213 0.0043783 0.9726474
18.248220 1.9073033 -0.2665156 7.4836950 0.0281827 0.2329768 0.0061940 0.9720541
18.455670 1.9690964 -0.2742241 7.6066895 0.0278764 0.2353861 0.0065786 0.9714798
18.663050 2.0283751 -0.2815575 7.7296925 0.0275649 0.2389100 0.0075853 0.9706208
18.869920 2.0931804 -0.2898618 7.8532414 0.0278380 0.2410454 0.0078442 0.9700828
19.077140 2.1604598 -0.2978831 7.9785075 0.0292304 0.2437137 0.0066706 0.9693837
19.284530 2.2266388 -0.3057284 8.1047554 0.0275706 0.2494355 0.0046463 0.9679877
19.491840 2.2959471 -0.3138849 8.2313004 0.0275020 0.2546454 0.0052874 0.9666289
19.699070 2.3670380 -0.3218353 8.3577499 0.0282562 0.2593003 0.0063742 0.9653623
19.802840 2.4037964 -0.3260159 8.4213610 0.0280986 0.2613352 0.0068068 0.9648150
20.010030 2.4771476 -0.3349539 8.5455656 0.0264448 0.2655175 0.0070601 0.9637174
20.217270 2.5579171 -0.3462081 8.6733923 0.0257691 0.2687977 0.0089175 0.9628106
20.320880 2.5948727 -0.3498024 8.7355270 0.0257109 0.2712718 0.0093952 0.9621134
20.528120 2.6744227 -0.3579561 8.8633766 0.0247143 0.2755812 0.0088830 0.9609190
20.631730 2.7152164 -0.3619581 8.9279861 0.0243591 0.2773037 0.0092243 0.9604292
20.735350 2.7559743 -0.3660220 8.9919491 0.0239505 0.2786539 0.0095668 0.9600452
20.942580 2.8398542 -0.3735266 9.1236916 0.0244486 0.2816886 0.0062764 0.9591738
21.046320 2.8819630 -0.3776951 9.1886415 0.0247495 0.2829824 0.0047503 0.9587939
21.149940 2.9240370 -0.3817813 9.2535286 0.0237313 0.2845531 0.0043735 0.9583566
21.253550 2.9646237 -0.3857824 9.3169508 0.0231898 0.2864928 0.0053403 0.9577868
21.357170 3.0050681 -0.3893623 9.3797626 0.0235426 0.2885502 0.0046927 0.9571638
21.460820 3.0454197 -0.3933059 9.4408455 0.0231679 0.2900864 0.0039349 0.9567119
21.564620 3.0858345 -0.3972667 9.5022612 0.0214578 0.2920569 0.0036189 0.9561533
21.668140 3.1269302 -0.4008832 9.5636234 0.0203071 0.2938572 0.0026257 0.9556300
21.875360 3.2091043 -0.4079992 9.6848907 0.0204232 0.2972802 0.0027896 0.9545677
22.082650 3.2916992 -0.4150293 9.8059969 0.0198289 0.3007761 0.0028560 0.9534844
22.290250 3.3747032 -0.4221455 9.9262495 0.0195141 0.3044458 -0.0043067 0.9523200
22.497250 3.4564669 -0.4310058 10.0428543 0.0267359 0.3080668 -0.0052868 0.9509743
22.704440 3.5394928 -0.4395284 10.1592665 0.0206676 0.3101321 0.0003321 0.9504687
22.911770 3.6239700 -0.4453331 10.2756109 0.0132407 0.3141013 -0.0032205 0.9492916
23.119010 3.7071829 -0.4503806 10.3885212 0.0151172 0.3176338 -0.0013461 0.9480920
23.326370 3.7913384 -0.4568344 10.4991417 0.0195848 0.3206053 0.0003879 0.9470103
23.533710 3.8770170 -0.4633861 10.6099625 0.0189755 0.3241637 0.0010822 0.9458100
23.741080 3.9560192 -0.4673561 10.7200775 0.0185973 0.3275022 0.0011042 0.9446667
23.948430 4.0469208 -0.4755736 10.8283319 0.0184666 0.3289799 0.0021519 0.9441539
24.155650 4.1271143 -0.4803696 10.9294844 0.0170786 0.3308238 0.0038664 0.9435301
24.363000 4.2046080 -0.4844432 11.0276957 0.0169861 0.3332717 0.0039883 0.9426694
24.673870 4.3176508 -0.4920068 11.1519556 0.0176828 0.3364662 0.0002750 0.9415295
24.984880 4.4131794 -0.5002436 11.2656994 0.0170045 0.3421261 -0.0025572 0.9394967
25.295560 4.4961758 -0.5044034 11.3447218 0.0125755 0.3459270 0.0041474 0.9381680
25.502780 4.5732708 -0.4968948 11.3922691 0.0118414 0.3427607 0.0011036 0.9393474
25.710010 4.6595078 -0.5005908 11.4386635 0.0126532 0.3388758 -0.0061018 0.9407263
25.917260 4.7489295 -0.5031386 11.4851360 0.0132518 0.3335912 -0.0060810 0.9426051
26.228100 4.7981153 -0.5101924 11.5539074 0.0132153 0.3309137 -0.0094563 0.9435211
26.435440 4.8194170 -0.5161830 11.6135893 0.0102942 0.3323520 -0.0168102 0.9429494
26.746310 4.8759756 -0.5218334 11.6716433 0.0087935 0.3298775 -0.0144603 0.9438720
27.057260 4.9133501 -0.5237745 11.7126789 0.0086398 0.3277327 -0.0182584 0.9445545
27.368230 4.9517946 -0.5266131 11.7624702 0.0091463 0.3265491 -0.0157031 0.9450055
27.679200 4.9793515 -0.5269273 11.7855101 0.0090427 0.3234822 -0.0136980 0.9460919
27.990170 4.9826589 -0.5284801 11.8020830 0.0096032 0.3243561 -0.0157216 0.9457557
28.301020 4.9963984 -0.5293971 11.8196888 0.0078687 0.3243710 -0.0166515 0.9457507
28.611870 5.0109754 -0.5300624 11.8368893 0.0082863 0.3244009 -0.0167501 0.9457350
28.922840 5.0273690 -0.5305777 11.8544254 0.0066602 0.3240799 -0.0171294 0.9458512
29.233840 5.0403414 -0.5314609 11.8721313 0.0071528 0.3247208 -0.0170389 0.9456294
29.648260 5.0586519 -0.5324630 11.8952961 0.0072138 0.3250860 -0.0178842 0.9454878
29.959120 5.0729437 -0.5334371 11.9129391 0.0062121 0.3247387 -0.0172161 0.9456267
30.373580 5.0942545 -0.5341189 11.9333000 0.0059872 0.3232296 -0.0176443 0.9461371
30.788170 5.1149130 -0.5351798 11.9558859 0.0040949 0.3232058 -0.0176380 0.9461554
31.202760 5.1352859 -0.5360999 11.9766531 0.0055247 0.3232357 -0.0179871 0.9461314
31.617470 5.1559491 -0.5366719 11.9972258 0.0058541 0.3224586 -0.0165961 0.9464200
32.032190 5.1777034 -0.5362376 12.0097885 0.0051211 0.3208680 -0.0151113 0.9469895
32.447030 5.1990385 -0.5376130 12.0331841 0.0031861 0.3197231 -0.0157641 0.9473745
32.861740 5.2195702 -0.5389706 12.0613785 0.0041098 0.3185948 -0.0143896 0.9477729
33.276450 5.2407627 -0.5397068 12.0874023 0.0045336 0.3171446 -0.0146982 0.9482524
33.794940 5.2601957 -0.5410244 12.1154766 0.0039816 0.3167603 -0.0168749 0.9483472
34.209730 5.2769661 -0.5419509 12.1387091 0.0028811 0.3171477 -0.0170535 0.9482184
34.624450 5.2950821 -0.5428280 12.1625586 0.0041617 0.3169921 -0.0166487 0.9482729
35.142780 5.3171339 -0.5440583 12.1922779 0.0037362 0.3167242 -0.0165407 0.9483661
35.661090 5.3390398 -0.5451736 12.2213278 0.0034028 0.3159875 -0.0173109 0.9485993
36.179530 5.3618155 -0.5463409 12.2517262 0.0042385 0.3147971 -0.0167328 0.9490020
36.594140 5.3789368 -0.5472300 12.2748785 0.0029158 0.3140989 -0.0163273 0.9492454
37.008850 5.3957043 -0.5480354 12.2978411 0.0038034 0.3135299 -0.0169093 0.9494202
37.423720 5.4129190 -0.5489390 12.3212709 0.0034883 0.3142848 -0.0182374 0.9491472
37.838400 5.4306765 -0.5498985 12.3450222 0.0028891 0.3153062 -0.0176063 0.9488223
38.356480 5.4529095 -0.5509231 12.3735924 0.0040311 0.3150217 -0.0168607 0.9489262
38.771060 5.4712210 -0.5519558 12.3956213 0.0042731 0.3136097 -0.0166997 0.9493955
39.289260 5.4935498 -0.5529554 12.4235010 0.0032627 0.3120816 -0.0155735 0.9499220
39.703850 5.5118961 -0.5532651 12.4457111 0.0051567 0.3100494 -0.0157730 0.9505756
40.222330 5.5338988 -0.5542310 12.4742441 0.0054594 0.3081127 -0.0170823 0.9511808
40.740630 5.5554981 -0.5553501 12.5031853 0.0048836 0.3076936 -0.0167009 0.9513264
41.258960 5.5782480 -0.5560551 12.5315475 0.0055005 0.3064214 -0.0148751 0.9517638
41.777290 5.5965729 -0.5572127 12.5574903 0.0077578 0.3043953 -0.0146171 0.9524021
42.295640 5.6143308 -0.5578389 12.5823107 0.0076559 0.3021241 -0.0160661 0.9531025
42.917430 5.6646786 -0.5617656 12.6229343 0.0068405 0.2985736 -0.0171534 0.9542080
43.642870 5.6641521 -0.5611627 12.6457462 0.0068867 0.3026538 -0.0171008 0.9529222
44.264680 5.6880064 -0.5625298 12.6742592 0.0084811 0.3010545 -0.0182879 0.9533938
44.886500 5.7004471 -0.5632053 12.6988268 0.0079384 0.2982421 -0.0165815 0.9543132
45.508320 5.7224760 -0.5652863 12.7267656 0.0068218 0.2951176 -0.0166483 0.9552915
46.130280 5.7358646 -0.5657142 12.7525215 0.0056102 0.2964678 -0.0192461 0.9548324
46.648340 5.7536292 -0.5669163 12.7752609 0.0051029 0.2950362 -0.0178407 0.9553059
47.166550 5.7686362 -0.5679963 12.7976627 0.0041528 0.2936546 -0.0164815 0.9557605
47.684770 5.7839737 -0.5688858 12.8200340 0.0026669 0.2900059 -0.0142327 0.9569153
48.203200 5.7990398 -0.5696018 12.8418751 0.0024340 0.2868848 -0.0151744 0.9578418
48.617800 5.8112717 -0.5701162 12.8599386 0.0013938 0.2848868 -0.0143683 0.9584525
49.136000 5.8245034 -0.5710461 12.8830004 0.0019414 0.2843100 -0.0153577 0.9586074
49.550580 5.8312364 -0.5710552 12.8909035 0.0007181 0.2828392 -0.0147630 0.9590535
50.068530 5.8349247 -0.5724717 12.9024630 -0.0005444 0.2841473 -0.0154392 0.9586562
50.586610 5.8420243 -0.5728481 12.9144487 -0.0013270 0.2829951 -0.0138110 0.9590210
51.208670 5.8398385 -0.5738853 12.9184179 -0.0010508 0.2772469 -0.0119558 0.9607238
51.727120 5.8395572 -0.5739179 12.9178658 -0.0069322 0.2773809 -0.0114688 0.9606666
52.245440 5.8455305 -0.5737004 12.9312029 -0.0044193 0.2778679 -0.0106263 0.9605504
52.763900 5.8534966 -0.5738141 12.9449587 -0.0037077 0.2778556 -0.0099969 0.9605637
53.282240 5.8614011 -0.5745183 12.9588337 -0.0028547 0.2771738 -0.0091853 0.9607716
54.422370 5.8781767 -0.5747921 12.9897289 -0.0034972 0.2761565 -0.0089984 0.9610642
55.458900 5.8932738 -0.5748835 13.0177650 -0.0040107 0.2735465 -0.0128464 0.9617646
55.977290 5.9023209 -0.5750087 13.0324926 -0.0016830 0.2704707 -0.0116583 0.9626561
56.391700 5.9091554 -0.5751565 13.0445452 -0.0062219 0.2693706 -0.0126316 0.9629337
56.806030 5.9163318 -0.5751570 13.0566988 -0.0043106 0.2689417 -0.0151464 0.9630277
57.220620 5.9226551 -0.5754261 13.0681353 -0.0045857 0.2685235 -0.0112363 0.9631967
57.634950 5.9295130 -0.5754914 13.0802364 -0.0000722 0.2667420 -0.0091772 0.9637243
58.256810 5.9399495 -0.5756404 13.0981894 -0.0044196 0.2642870 -0.0087278 0.9643945
58.671360 5.9467325 -0.5760570 13.1104174 -0.0039949 0.2626616 -0.0085179 0.9648421
59.189810 5.9554715 -0.5760124 13.1257505 -0.0037258 0.2602443 -0.0093168 0.9654906
59.708260 5.9639802 -0.5762169 13.1413374 -0.0028013 0.2582357 -0.0100777 0.9660253
60.123100 5.9712167 -0.5765353 13.1538496 -0.0023225 0.2560715 -0.0092394 0.9666109
60.537830 5.9781995 -0.5767145 13.1663837 -0.0032018 0.2556249 -0.0110937 0.9667071
60.952400 5.9853158 -0.5769348 13.1791239 -0.0036232 0.2563258 -0.0100047 0.9665319
61.263370 5.9905310 -0.5770876 13.1886292 -0.0021620 0.2567031 -0.0091068 0.9664450
61.677850 5.9977269 -0.5772405 13.2013626 -0.0010865 0.2562790 -0.0087993 0.9665622
62.092420 6.0050430 -0.5773281 13.2142057 -0.0046998 0.2555845 -0.0078540 0.9667434
62.403410 6.0101805 -0.5773396 13.2236090 -0.0040498 0.2552397 -0.0102979 0.9668145
62.817730 6.0171781 -0.5775017 13.2362757 -0.0020684 0.2537409 -0.0092299 0.9672260
63.335690 6.0259848 -0.5778315 13.2521868 -0.0037514 0.2519999 -0.0076657 0.9676896
63.750030 6.0328803 -0.5779008 13.2649870 -0.0024104 0.2494518 -0.0074407 0.9683557
64.060730 6.0384145 -0.5781769 13.2748384 -0.0007366 0.2468410 -0.0073678 0.9690277
64.475200 6.0447102 -0.5786034 13.2875204 -0.0008500 0.2453153 -0.0082457 0.9694079
64.785940 6.0499120 -0.5786632 13.2975035 0.0003391 0.2444407 -0.0082165 0.9696293
65.200410 6.0567760 -0.5789153 13.3107481 -0.0013083 0.2435544 -0.0081362 0.9698522
65.614970 6.0629420 -0.5789642 13.3232651 -0.0010701 0.2421288 -0.0070333 0.9702181
66.029810 6.0671806 -0.5794177 13.3349943 0.0038033 0.2419888 -0.0073365 0.9702439
66.444520 6.0706096 -0.5788031 13.3459110 0.0007492 0.2426780 -0.0081135 0.9700727
66.755490 6.0765238 -0.5790776 13.3573418 0.0018720 0.2417154 -0.0076913 0.9703149
67.066340 6.0825853 -0.5793856 13.3688822 0.0027052 0.2402685 -0.0071013 0.9706767
67.480800 6.0899854 -0.5798422 13.3837423 0.0029360 0.2391929 -0.0065721 0.9709454
67.791520 6.0956402 -0.5801350 13.3950653 0.0046685 0.2383485 -0.0063327 0.9711478
68.205860 6.1035619 -0.5805131 13.4104967 0.0045352 0.2369061 -0.0063025 0.9715015
68.620200 6.1112742 -0.5809761 13.4258413 0.0063860 0.2357152 -0.0078141 0.9717698
68.930920 6.1171150 -0.5812951 13.4374399 0.0061759 0.2349693 -0.0072799 0.9719559
69.345250 6.1245379 -0.5817882 13.4520903 0.0075055 0.2340812 -0.0081918 0.9721535
69.759720 6.1305971 -0.5818996 13.4655552 0.0075129 0.2331437 -0.0076034 0.9723836
70.174050 6.1356397 -0.5824282 13.4776545 0.0078279 0.2331284 -0.0088139 0.9723745
70.588760 6.1435962 -0.5829375 13.4937630 0.0091976 0.2319119 -0.0084118 0.9726569
71.003350 6.1500530 -0.5834031 13.5069437 0.0118541 0.2301963 -0.0092527 0.9730280
71.418080 6.1563597 -0.5840360 13.5204248 0.0111331 0.2290883 -0.0107772 0.9732823
71.832900 6.1630754 -0.5846175 13.5347023 0.0113621 0.2275866 -0.0093688 0.9736465
72.247600 6.1657286 -0.5848688 13.5442390 0.0133479 0.2275943 -0.0097604 0.9736156
72.662320 6.1762424 -0.5864361 13.5625000 0.0133830 0.2245677 -0.0102268 0.9743129
73.077160 6.1825995 -0.5870677 13.5753651 0.0151874 0.2231945 -0.0112995 0.9745901
73.491740 6.1891427 -0.5877389 13.5889645 0.0151257 0.2222749 -0.0118999 0.9747941
73.906330 6.1954393 -0.5881726 13.6003456 0.0149480 0.2197257 -0.0119930 0.9753734
74.321040 6.2023215 -0.5887225 13.6134939 0.0142609 0.2176968 -0.0111471 0.9758486
74.839370 6.2112203 -0.5895972 13.6319132 0.0149284 0.2164180 -0.0116652 0.9761170
75.253960 6.2187777 -0.5905641 13.6483030 0.0133273 0.2166300 -0.0124045 0.9760840
75.565050 6.2238965 -0.5903536 13.6556845 0.0130180 0.2153420 -0.0124796 0.9763722
75.979760 6.2317767 -0.5902309 13.6694469 0.0139151 0.2140553 -0.0124325 0.9766433
77.326390 6.2500134 -0.5937010 13.7135677 0.0130225 0.2110498 -0.0113220 0.9773230
77.740860 6.2559242 -0.5944461 13.7268753 0.0104537 0.2099916 -0.0110590 0.9775847
78.362800 6.2645445 -0.5953053 13.7464523 0.0112828 0.2079590 -0.0112847 0.9780074
78.777380 6.2702646 -0.5960020 13.7597761 0.0090630 0.2095455 -0.0121861 0.9776810
79.191840 6.2758837 -0.5965880 13.7727118 0.0098256 0.2113017 -0.0127159 0.9772888
79.606430 6.2816234 -0.5970860 13.7856150 0.0101215 0.2127197 -0.0122692 0.9769838
80.021040 6.2871633 -0.5976425 13.7981396 0.0090692 0.2163560 -0.0124527 0.9761930
80.435600 6.2930861 -0.5981570 13.8107891 0.0081129 0.2216699 -0.0130299 0.9750010
80.850320 6.2991433 -0.5988350 13.8230476 0.0079088 0.2276400 -0.0137276 0.9736165
81.368770 6.3069558 -0.5994611 13.8388224 0.0066520 0.2336314 -0.0130044 0.9722155
81.783110 6.3133087 -0.5998915 13.8512478 0.0076837 0.2359773 -0.0110547 0.9716653
83.026880 6.3276644 -0.6015149 13.8880796 0.0053711 0.2391265 -0.0102302 0.9709197
83.337860 6.3315582 -0.6016235 13.8967190 0.0062978 0.2366652 -0.0112053 0.9715062
83.752550 6.3399324 -0.6024884 13.9079447 0.0079927 0.2288339 -0.0087981 0.9733929
84.167410 6.3453469 -0.6027601 13.9194927 0.0063071 0.2250928 -0.0085107 0.9742798
84.582130 6.3502989 -0.6030498 13.9309425 0.0050977 0.2238264 -0.0111072 0.9745524
84.996840 6.3551507 -0.6033136 13.9425478 0.0043417 0.2241539 -0.0119591 0.9744707
85.411440 6.3595448 -0.6036397 13.9538431 0.0049228 0.2250611 -0.0116547 0.9742625
85.826500 6.3647523 -0.6039746 13.9652061 0.0035803 0.2244454 -0.0102311 0.9744264
86.240760 6.3702297 -0.6043364 13.9765177 0.0034338 0.2222851 -0.0098399 0.9749260
86.655630 6.3753958 -0.6046971 13.9876270 0.0022833 0.2194720 -0.0105790 0.9755588
87.485350 6.3849750 -0.6052768 14.0097809 0.0010978 0.2160103 -0.0110120 0.9763284
87.900120 6.3895950 -0.6056480 14.0205002 0.0000136 0.2165411 -0.0065428 0.9762516
88.314960 6.3938346 -0.6056768 14.0313177 0.0003438 0.2191616 -0.0108227 0.9756285
88.418530 6.3948636 -0.6057225 14.0336828 -0.0001742 0.2195696 -0.0112814 0.9755316
88.729780 6.3982754 -0.6059594 14.0415649 -0.0022792 0.2216220 -0.0121984 0.9750537
89.040970 6.4019160 -0.6060668 14.0490227 -0.0037342 0.2238314 -0.0112912 0.9745553
89.351910 6.4054470 -0.6061759 14.0565424 -0.0038121 0.2259583 -0.0065120 0.9741077
89.662760 6.4089441 -0.6062916 14.0638599 -0.0023255 0.2280914 -0.0018550 0.9736352
89.973980 6.4124603 -0.6063870 14.0710649 -0.0006258 0.2310113 0.0018534 0.9729491
90.285080 6.4158611 -0.6064730 14.0779505 0.0001705 0.2348906 0.0062952 0.9720014
90.596170 6.4192467 -0.6065902 14.0846338 0.0006758 0.2410631 0.0084050 0.9704728
90.907270 6.4226413 -0.6067031 14.0911150 0.0002640 0.2519554 0.0100429 0.9676867
91.218370 6.4261541 -0.6068209 14.0973225 0.0012022 0.2694033 0.0083773 0.9629903
91.529590 6.4298134 -0.6069336 14.1031380 0.0025410 0.2924730 0.0115927 0.9562001
91.840690 6.4336061 -0.6070433 14.1085443 0.0030481 0.3184508 0.0148103 0.9478188
92.151900 6.4376259 -0.6071351 14.1136675 0.0044729 0.3473782 0.0172481 0.9375558
92.463120 6.4417996 -0.6071860 14.1182671 0.0049830 0.3790784 0.0194704 0.9251463
92.774250 6.4458647 -0.6072687 14.1218853 0.0057071 0.4121721 0.0196625 0.9108760
93.085450 6.4505396 -0.6072830 14.1257839 0.0033258 0.4477008 0.0226725 0.8938897
93.396540 6.4549208 -0.6073563 14.1291838 0.0055670 0.4835184 0.0229426 0.8750158
93.707670 6.4604692 -0.6073195 14.1323338 0.0065017 0.5189610 0.0246566 0.8544175
94.122480 6.4681430 -0.6072556 14.1357718 0.0096302 0.5670149 0.0265212 0.8232242
94.433570 6.4740276 -0.6072818 14.1377163 0.0077618 0.6020204 0.0270445 0.7979848
94.744540 6.4800820 -0.6072441 14.1391926 0.0087100 0.6345042 0.0280143 0.7723625
95.159370 6.4884186 -0.6072149 14.1403503 0.0095258 0.6755548 0.0293526 0.7366637
95.781570 6.5011897 -0.6070117 14.1404762 0.0117296 0.7306195 0.0311873 0.6819713
96.403410 6.5140409 -0.6072631 14.1384630 0.0129485 0.7826370 0.0302289 0.6216092
96.610910 6.5184994 -0.6068081 14.1377993 0.0130162 0.8001921 0.0309423 0.5988036
96.921840 6.5251212 -0.6066741 14.1356039 0.0144089 0.8247283 0.0306944 0.5645118
97.129320 6.5293784 -0.6065679 14.1338358 0.0142325 0.8404710 0.0312815 0.5407655
97.336810 6.5335059 -0.6064799 14.1318512 0.0146571 0.8560371 0.0310561 0.5157724
97.544160 6.5376043 -0.6063589 14.1295576 0.0144481 0.8711212 0.0310625 0.4898717
97.751640 6.5414896 -0.6062571 14.1270618 0.0146552 0.8853192 0.0315155 0.4636830
98.062740 6.5471420 -0.6060572 14.1228161 0.0146269 0.9051841 0.0322208 0.4235440
98.270110 6.5506239 -0.6059206 14.1197615 0.0147844 0.9174604 0.0317412 0.3962832
98.477450 6.5540314 -0.6057452 14.1164227 0.0146848 0.9289113 0.0327155 0.3685620
98.684800 6.5572624 -0.6055696 14.1127682 0.0154016 0.9396120 0.0323026 0.3403655
98.892150 6.5602961 -0.6053889 14.1090164 0.0160526 0.9493890 0.0309522 0.3121615
99.099510 6.5630155 -0.6052291 14.1051645 0.0159456 0.9579912 0.0314109 0.2846259
99.306750 6.5656085 -0.6050084 14.1009903 0.0158971 0.9656385 0.0318202 0.2574435
99.513970 6.5679917 -0.6048107 14.0966291 0.0157685 0.9723236 0.0315278 0.2309635
99.721330 6.5700951 -0.6046320 14.0921745 0.0164385 0.9779003 0.0317760 0.2059883
99.928690 6.5720415 -0.6044023 14.0874968 0.0173626 0.9826495 0.0313297 0.1819807
100.136200 6.5737724 -0.6041790 14.0827293 0.0158096 0.9866965 0.0325748 0.1584893
100.343500 6.5753574 -0.6039206 14.0777311 0.0162795 0.9899856 0.0317124 0.1365933
100.550800 6.5766644 -0.6036963 14.0727453 0.0172601 0.9924449 0.0323376 0.1170879
100.758000 6.5778408 -0.6034228 14.0675974 0.0186172 0.9942408 0.0317957 0.1006363
100.965200 6.5788832 -0.6031718 14.0623322 0.0201884 0.9955889 0.0307497 0.0863111
101.172400 6.5798111 -0.6028931 14.0569572 0.0212222 0.9965978 0.0306770 0.0734944
101.379800 6.5805073 -0.6025835 14.0517273 0.0211141 0.9973773 0.0303156 0.0622385
101.587000 6.5810595 -0.6023031 14.0465536 0.0214044 0.9978648 0.0314335 0.0531004
101.794300 6.5814695 -0.6020788 14.0412598 0.0216827 0.9981314 0.0319929 0.0473293
102.001600 6.5819039 -0.6018198 14.0358419 0.0212252 0.9983561 0.0327029 0.0420127
102.208900 6.5824351 -0.6015218 14.0303450 0.0208723 0.9985400 0.0329096 0.0374045
102.416200 6.5828953 -0.6012298 14.0247803 0.0204878 0.9986522 0.0331958 0.0342368
102.623600 6.5832777 -0.6009464 14.0192175 0.0208542 0.9987375 0.0326741 0.0319516
102.830900 6.5836697 -0.6006441 14.0134649 0.0213983 0.9987826 0.0325418 0.0302718
103.038300 6.5840292 -0.6003716 14.0077877 0.0216319 0.9988142 0.0325890 0.0289846
103.245700 6.5843377 -0.6000933 14.0021353 0.0215877 0.9988102 0.0335906 0.0279949
103.556700 6.5848107 -0.5996550 13.9937363 0.0208839 0.9988699 0.0337297 0.0261740
103.867700 6.5852885 -0.5991889 13.9852762 0.0203760 0.9988950 0.0346473 0.0243554
104.178700 6.5857377 -0.5987344 13.9770393 0.0195741 0.9990316 0.0325557 0.0222013
104.489800 6.5862136 -0.5983428 13.9687071 0.0199147 0.9991351 0.0310753 0.0191486
104.697300 6.5864201 -0.5981119 13.9634352 0.0197136 0.9991893 0.0317905 0.0148790
105.008400 6.5866737 -0.5977511 13.9553728 0.0176966 0.9993325 0.0318436 0.0027283
105.215900 6.5867205 -0.5975012 13.9501572 0.0175028 0.9992895 0.0322844 -0.0084799
105.526900 6.5864797 -0.5971650 13.9426527 0.0157896 0.9988632 0.0322389 -0.0313619
105.838100 6.5858355 -0.5968258 13.9350176 0.0157839 0.9975800 0.0299275 -0.0607403
106.149400 6.5846901 -0.5965217 13.9277182 0.0161327 0.9948462 0.0300383 -0.0954902
106.460800 6.5829659 -0.5961739 13.9203367 0.0167322 0.9900247 0.0278742 -0.1370918
106.771900 6.5806952 -0.5958741 13.9134550 0.0190472 0.9828752 0.0259788 -0.1814351
107.083200 6.5777121 -0.5955568 13.9066057 0.0198840 0.9725970 0.0269612 -0.2300712
107.394300 6.5741138 -0.5952728 13.9003372 0.0187969 0.9591501 0.0244718 -0.2812096
107.705400 6.5698304 -0.5949385 13.8943157 0.0192767 0.9427732 0.0233401 -0.3320578
108.016400 6.5650401 -0.5946534 13.8889503 0.0184927 0.9233369 0.0235451 -0.3828221
108.223900 6.5615268 -0.5944449 13.8857193 0.0175579 0.9093060 0.0205573 -0.4152488
108.431200 6.5578027 -0.5942550 13.8826904 0.0179719 0.8938690 0.0181067 -0.4476017
108.638800 6.5537853 -0.5940603 13.8798542 0.0174452 0.8773887 0.0159231 -0.4791985
108.845900 6.5495467 -0.5939518 13.8772774 -0.0159854 -0.8604445 -0.0122634 0.5091456
109.053200 6.5450444 -0.5938390 13.8749752 -0.0166276 -0.8440099 -0.0116396 0.5359434
109.260500 6.5406094 -0.5937148 13.8730354 -0.0171442 -0.8272426 -0.0100748 0.5614930
109.467900 6.5360222 -0.5936140 13.8713722 -0.0162701 -0.8098241 -0.0058988 0.5864174
109.675300 6.5312424 -0.5935176 13.8699570 -0.0156998 -0.7906652 -0.0081490 0.6119932
109.882700 6.5264053 -0.5934376 13.8688335 -0.0114287 -0.7690158 -0.0077883 0.6390801
110.090100 6.5215254 -0.5933832 13.8680658 -0.0042971 -0.7470676 -0.0028429 0.6647281
110.297600 6.5165453 -0.5933772 13.8676405 -0.0094316 -0.7246526 -0.0051057 0.6890309
110.505100 6.5116205 -0.5933359 13.8675566 -0.0092670 -0.7006947 -0.0033871 0.7133930
110.712500 6.5066319 -0.5933666 13.8678007 -0.0047540 -0.6765291 -0.0005843 0.7364003
110.920000 6.5017099 -0.5933734 13.8683529 -0.0022275 -0.6514477 0.0006591 0.7586900
111.127300 6.4973021 -0.5933607 13.8694801 -0.0003382 -0.6262086 -0.0014443 0.7796541
111.334700 6.4937277 -0.5934368 13.8704309 0.0020384 -0.6009890 -0.0013542 0.7992536
111.542000 6.4935703 -0.5934144 13.8701801 0.0021459 -0.5762933 -0.0015031 0.8172387
111.749400 6.4928322 -0.5935584 13.8713799 0.0010960 -0.5571496 -0.0032592 0.8304050
111.956600 6.4924521 -0.5936189 13.8719845 0.0023782 -0.5400867 -0.0034315 0.8415990
112.163800 6.4926090 -0.5935906 13.8716335 0.0016539 -0.5250011 -0.0008351 0.8510996
112.370900 6.4924469 -0.5936099 13.8718443 -0.0005563 -0.5126333 -0.0032134 0.8586015
112.578200 6.4921579 -0.5936546 13.8722916 0.0006973 -0.5014086 -0.0042157 0.8652001
112.785600 6.4919219 -0.5937237 13.8728065 -0.0005726 -0.4956270 -0.0044936 0.8685237
112.992400 6.4917874 -0.5937443 13.8730145 -0.0008343 -0.4924570 -0.0069906 0.8703083
113.199600 6.4916096 -0.5937669 13.8732500 -0.0013247 -0.4910881 -0.0091352 0.8710610
113.407300 6.4914637 -0.5937884 13.8734875 -0.0031454 -0.4911638 -0.0118951 0.8709803
113.717900 6.4911895 -0.5938196 13.8738070 -0.0024802 -0.4897854 -0.0130249 0.8717422
113.925200 6.4909821 -0.5938424 13.8740120 -0.0021123 -0.4882946 -0.0147774 0.8725511
