0.000000 0.0000000 0.0000000 0.0000000 0.0000000 0.0000000 0.0000000 1.0000000
0.103391 -0.0003200 -0.0001571 0.0844813 0.0023167 0.0007289 -0.0004170 0.9999970
0.207106 -0.0000918 -0.0000459 0.1684532 0.0027085 0.0010539 0.0007114 0.9999955
0.310262 -0.0002684 -0.0000127 0.2525284 0.0007236 0.0012157 0.0014718 0.9999979
0.413621 -0.0001585 -0.0001536 0.3366613 -0.0023067 0.0008902 0.0026567 0.9999934
0.517929 -0.0001077 -0.0000200 0.4191107 -0.0023078 0.0002383 0.0043933 0.9999877
0.620389 -0.0001903 0.0004173 0.5014812 -0.0007839 -0.0001726 0.0056427 0.9999837
0.827211 -0.0004005 0.0005354 0.6650686 0.0011620 -0.0010273 0.0058190 0.9999819
1.034070 -0.0014971 0.0006281 0.8276499 -0.0011022 -0.0018066 0.0055098 0.9999826
1.244258 -0.0026063 0.0012044 0.9893737 -0.0022696 -0.0026127 0.0062041 0.9999748
1.447568 -0.0031190 0.0020015 1.1499408 -0.0015103 -0.0036187 0.0067366 0.9999696
1.757843 -0.0069882 0.0022992 1.3882271 0.0003730 -0.0056569 0.0074161 0.9999564
1.964724 -0.0097359 0.0023335 1.5456189 0.0009064 -0.0074197 0.0060885 0.9999535
2.171620 -0.0130602 0.0018489 1.7020338 -0.0002960 -0.0088952 0.0061113 0.9999417
2.378626 -0.0168652 0.0019782 1.8560023 -0.0004718 -0.0102359 0.0064652 0.9999266
2.585514 -0.0207404 0.0021908 2.0086875 -0.0003635 -0.0117237 0.0063492 0.9999111
2.793694 -0.0254203 0.0024941 2.1585233 -0.0027675 -0.0125076 0.0066799 0.9998956
2.999556 -0.0298254 0.0027136 2.3050721 -0.0029886 -0.0131689 0.0062196 0.9998895
3.206573 -0.0348028 0.0032337 2.4456697 -0.0008136 -0.0139282 0.0053760 0.9998882
3.413963 -0.0399387 0.0034490 2.5846391 -0.0003565 -0.0149669 0.0047499 0.9998766
3.620721 -0.0446466 0.0029500 2.7213027 0.0000419 -0.0170482 0.0048920 0.9998427
3.827725 -0.0498460 0.0035996 2.8547978 -0.0015931 -0.0190976 0.0050572 0.9998035
4.034871 -0.0562626 0.0035926 2.9847972 -0.0024590 -0.0209859 0.0040067 0.9997687
4.243437 -0.0629443 0.0042950 3.1106064 -0.0015785 -0.0227957 0.0020667 0.9997368
4.449183 -0.0700773 0.0046438 3.2339101 -0.0031035 -0.0240878 0.0010983 0.9997044
4.760815 -0.0802764 0.0038736 3.4103472 -0.0009647 -0.0226547 -0.0028204 0.9997389
5.073257 -0.0882098 0.0048969 3.5808446 -0.0015937 -0.0184369 -0.0059215 0.9998112
5.381142 -0.0945896 0.0053793 3.7402396 -0.0038860 -0.0117364 -0.0123132 0.9998478
5.588095 -0.0976451 0.0057607 3.8389928 -0.0056495 -0.0054852 -0.0169365 0.9998255
5.898736 -0.0986095 0.0062925 3.9733844 -0.0054611 0.0054663 -0.0222957 0.9997215
6.209506 -0.0967806 0.0069251 4.0908294 -0.0027334 0.0174972 -0.0257429 0.9995117
6.524037 -0.0916060 0.0069614 4.1905503 -0.0042169 0.0299295 -0.0276979 0.9991593
6.934429 -0.0828102 0.0064422 4.2937622 -0.0041531 0.0489893 -0.0312675 0.9983011
7.245330 -0.0718675 0.0062365 4.3606215 0.0005883 0.0693999 -0.0315899 0.9970885
7.763356 -0.0459452 0.0049708 4.4680042 0.0016896 0.1153329 -0.0320327 0.9928088
8.177962 -0.0155715 0.0032214 4.5515151 0.0027301 0.1636754 -0.0357122 0.9858639
8.593446 0.0284166 0.0004559 4.6331854 0.0045461 0.2263288 -0.0346004 0.9734256
8.903911 0.0726731 -0.0017880 4.6919508 0.0096741 0.2837872 -0.0350240 0.9581986
9.214197 0.1291187 -0.0051468 4.7530775 0.0104905 0.3479621 -0.0407530 0.9365637
9.630085 0.2358167 -0.0113548 4.8344965 0.0114711 0.4437033 -0.0393472 0.8952361
9.939685 0.3401619 -0.0177432 4.8863573 0.0124265 0.5179603 -0.0376802 0.8544840
10.250360 0.4638277 -0.0234876 4.9285393 0.0100421 0.5855962 -0.0393018 0.8095873
10.562990 0.6022099 -0.0317233 4.9484105 0.0182347 0.6405307 -0.0272294 0.7672330
10.767050 0.7036690 -0.0373149 4.9573083 0.0229041 0.6678792 -0.0247041 0.7435069
10.973420 0.8094096 -0.0437027 4.9606018 0.0261466 0.6879696 -0.0193517 0.7250102
11.284150 0.9790324 -0.0524196 4.9606972 0.0285437 0.7057322 -0.0173323 0.7076913
11.488980 1.0973914 -0.0592314 4.9576321 0.0316499 0.7129951 -0.0167219 0.7002547
11.695270 1.2210493 -0.0661723 4.9530973 0.0335748 0.7168980 -0.0155377 0.6961958
11.901710 1.3510046 -0.0731655 4.9495473 0.0285350 0.7191247 -0.0138340 0.6941570
12.211190 1.5530349 -0.0838587 4.9407806 0.0288736 0.7196082 -0.0090945 0.6937200
12.521050 1.7601981 -0.0928559 4.9343314 0.0357535 0.7177616 -0.0139622 0.6952302
12.830730 1.9769393 -0.1062431 4.9295058 0.0301968 0.7152212 -0.0106401 0.6981644
13.141650 2.1911411 -0.1183609 4.9257531 0.0356069 0.7119913 -0.0134763 0.7011555
13.452770 2.4084694 -0.1326098 4.9241452 0.0350919 0.7079474 -0.0096972 0.7053262
13.761270 2.6263280 -0.1455391 4.9266858 0.0353107 0.7043530 -0.0131047 0.7088499
14.071640 2.8443332 -0.1594563 4.9287186 0.0389252 0.7006410 -0.0085297 0.7124003
14.485500 3.1364291 -0.1787533 4.9360428 0.0389643 0.6960773 -0.0066163 0.7168782
14.795970 3.3579891 -0.1913054 4.9449277 0.0387307 0.6929210 -0.0084037 0.7199234
15.106400 3.5803671 -0.2051852 4.9572053 0.0375108 0.6900211 -0.0113146 0.7227280
15.416750 3.8062284 -0.2203984 4.9705358 0.0380317 0.6863161 -0.0163057 0.7261254
15.727200 4.0367761 -0.2374729 4.9868212 0.0374565 0.6826487 -0.0173461 0.7295799
16.140910 4.3487206 -0.2599223 5.0138545 0.0358772 0.6761550 -0.0207588 0.7355925
16.453450 4.5842009 -0.2791491 5.0394301 0.0393939 0.6682721 -0.0287907 0.7423151
16.761400 4.8270254 -0.2995681 5.0710115 0.0359327 0.6599404 -0.0274007 0.7499578
17.073430 5.0682998 -0.3179440 5.1079879 0.0289128 0.6516788 -0.0235437 0.7575781
17.383340 5.3016949 -0.3358423 5.1478415 0.0334226 0.6445549 -0.0277821 0.7633218
17.795780 5.6052074 -0.3620262 5.2053456 0.0313177 0.6368501 -0.0248188 0.7699514
18.003090 5.7524362 -0.3733849 5.2358437 0.0255406 0.6342840 -0.0235217 0.7723201
18.417190 6.0319228 -0.3940030 5.2967863 0.0263903 0.6305496 -0.0297160 0.7751307
18.830950 6.2984662 -0.4154405 5.3572898 0.0273944 0.6283680 -0.0317297 0.7767860
19.141510 6.4884324 -0.4307343 5.3990684 0.0259825 0.6288503 -0.0300267 0.7765118
19.452110 6.6681013 -0.4456765 5.4373055 0.0290283 0.6310720 -0.0323469 0.7745057
19.660070 6.7843232 -0.4547315 5.4605274 0.0294109 0.6326666 -0.0316581 0.7732178
19.866980 6.8980017 -0.4647921 5.4834466 0.0265746 0.6345837 -0.0294377 0.7718359
20.073350 7.0071192 -0.4738800 5.5045972 0.0295620 0.6361949 -0.0272452 0.7704802
20.280310 7.1133089 -0.4817426 5.5233049 0.0325355 0.6376659 -0.0273802 0.7691385
20.590890 7.2722354 -0.4951563 5.5516500 0.0350994 0.6383705 -0.0246757 0.7685325
20.797730 7.3797364 -0.5031696 5.5719481 0.0371683 0.6369701 -0.0216167 0.7696885
21.108200 7.5426402 -0.5160583 5.6050849 0.0362968 0.6307039 -0.0218751 0.7748655
21.417970 7.7096958 -0.5291014 5.6459231 0.0339946 0.6208974 -0.0226309 0.7828274
21.730330 7.8807759 -0.5421983 5.6933713 0.0329505 0.6090952 -0.0272102 0.7919450
22.038410 8.0598373 -0.5566733 5.7485609 0.0323185 0.5960467 -0.0310619 0.8016976
22.245290 8.1839762 -0.5661371 5.7905006 0.0312033 0.5872900 -0.0330682 0.8080986
22.555690 8.3773069 -0.5803128 5.8594198 0.0273452 0.5737849 -0.0262168 0.8181294
22.865960 8.5810061 -0.5934055 5.9377356 0.0283962 0.5614703 -0.0187997 0.8267958
23.072970 8.7197447 -0.6018769 5.9933424 0.0291169 0.5554628 -0.0099732 0.8309716
23.384670 8.9287558 -0.6143611 6.0838923 0.0384043 0.5454727 -0.0104865 0.8371825
23.798210 9.2013998 -0.6360159 6.2131224 0.0362736 0.5370433 -0.0184972 0.8425714
24.108220 9.3950195 -0.6535538 6.3084517 0.0356699 0.5317953 -0.0224485 0.8458235
24.522420 9.6442080 -0.6757585 6.4329972 0.0326086 0.5247492 -0.0215314 0.8503596
24.935580 9.8775253 -0.6957563 6.5521188 0.0334822 0.5206562 -0.0194176 0.8528886
25.349360 10.0961838 -0.7153391 6.6669097 0.0366190 0.5156419 -0.0179158 0.8558338
25.659630 10.2502203 -0.7299572 6.7497983 0.0378207 0.5110111 -0.0152535 0.8586062
26.074530 10.4466372 -0.7474707 6.8586087 0.0403940 0.5035196 -0.0141420 0.8629231
26.486950 10.6352167 -0.7670339 6.9744759 0.0444200 0.4921282 -0.0252013 0.8690233
27.003850 10.8763237 -0.7914361 7.1349311 0.0316221 0.4767892 -0.0330162 0.8778280
27.417420 11.0769548 -0.8099799 7.2781262 0.0294961 0.4634387 -0.0394431 0.8847591
27.727690 11.2370377 -0.8249239 7.3977804 0.0266488 0.4527165 -0.0442412 0.8901575
28.141050 11.4612331 -0.8438382 7.5745969 0.0234261 0.4360783 -0.0454984 0.8984525
28.451340 11.6343937 -0.8586736 7.7212992 0.0226002 0.4247665 -0.0463743 0.9038319
28.761830 11.8143978 -0.8759907 7.8744078 0.0240993 0.4185714 -0.0412388 0.9069270
29.073550 12.0021734 -0.8918495 8.0359068 0.0254976 0.4129971 -0.0309719 0.9098483
29.279330 12.1272945 -0.9031989 8.1478157 0.0253657 0.4090306 -0.0309868 0.9116415
29.486390 12.2530308 -0.9132792 8.2637720 0.0235416 0.4047173 -0.0363777 0.9134147
29.692890 12.3800468 -0.9238266 8.3831844 0.0179844 0.4009233 -0.0356150 0.9152424
29.899820 12.5075722 -0.9327257 8.5041027 0.0138943 0.3960730 -0.0321060 0.9175524
30.211630 12.6991806 -0.9459686 8.6881237 0.0254035 0.3868314 -0.0248502 0.9214655
30.416690 12.8258238 -0.9557604 8.8147097 0.0267897 0.3794561 -0.0224248 0.9245499
30.623580 12.9520826 -0.9669954 8.9463253 0.0274072 0.3723776 -0.0177196 0.9275073
30.830330 13.0756674 -0.9777058 9.0785437 0.0311893 0.3667317 -0.0179477 0.9296305
31.037350 13.2005901 -0.9893249 9.2138786 0.0296896 0.3629508 -0.0141503 0.9312277
31.244240 13.3255835 -1.0000784 9.3496437 0.0282044 0.3616956 -0.0099587 0.9318163
31.451260 13.4495459 -1.0098841 9.4868860 0.0271807 0.3615100 -0.0101023 0.9319172
31.763200 13.6347084 -1.0253068 9.6926460 0.0276098 0.3639173 -0.0150797 0.9308999
32.074110 13.8210230 -1.0410085 9.8961525 0.0247249 0.3683454 -0.0181388 0.9291831
32.382560 14.0080070 -1.0564345 10.0938768 0.0252433 0.3737542 -0.0172172 0.9270244
32.694680 14.1935101 -1.0720454 10.2878990 0.0286739 0.3806122 -0.0244251 0.9239673
33.106800 14.4458027 -1.0939293 10.5392637 0.0232309 0.3893982 -0.0235255 0.9204759
33.417090 14.6371231 -1.1102439 10.7211103 0.0287233 0.3959726 -0.0204975 0.9175841
33.727760 14.8327446 -1.1228349 10.9032097 0.0293499 0.4038866 -0.0202202 0.9141145
34.037880 15.0299358 -1.1404297 11.0798712 0.0321240 0.4144419 -0.0279362 0.9090795
34.244700 15.1640615 -1.1539704 11.1940603 0.0289621 0.4221682 -0.0277336 0.9056302
34.555090 15.3804026 -1.1703103 11.3723555 0.0183411 0.4344967 -0.0282433 0.9000437
34.866170 15.5978241 -1.1854832 11.5419674 0.0280986 0.4469608 -0.0289980 0.8936418
35.279490 15.8982744 -1.2115736 11.7552958 0.0277923 0.4626418 -0.0232397 0.8858048
35.589680 16.1226044 -1.2303436 11.9050713 0.0281787 0.4722629 -0.0190120 0.8808021
35.900040 16.3430843 -1.2483505 12.0502310 0.0258893 0.4797380 -0.0193218 0.8768169
36.108200 16.4862347 -1.2590595 12.1416616 0.0305631 0.4832128 -0.0216714 0.8747009
36.417070 16.6990433 -1.2755849 12.2738037 0.0261652 0.4875062 -0.0179786 0.8725421
36.623970 16.8384953 -1.2858987 12.3584890 0.0275688 0.4902277 -0.0131455 0.8710591
36.830740 16.9735298 -1.2962402 12.4401350 0.0317753 0.4922084 -0.0163363 0.8697438
37.040370 17.1060810 -1.3070940 12.5204487 0.0377222 0.4943535 -0.0184503 0.8682461
37.244700 17.2384262 -1.3180017 12.5987968 0.0265888 0.4972598 -0.0167272 0.8670328
37.451400 17.3671818 -1.3274287 12.6765604 0.0214721 0.4997916 -0.0188562 0.8656741
37.658150 17.4940586 -1.3355677 12.7500668 0.0256695 0.5023549 -0.0189877 0.8640718
37.865070 17.6180439 -1.3441808 12.8212910 0.0241446 0.5049012 -0.0187244 0.8626361
38.072390 17.7393532 -1.3530773 12.8888502 0.0245620 0.5074496 -0.0181617 0.8611398
38.382320 17.9181232 -1.3657478 12.9871082 0.0274359 0.5136201 -0.0195477 0.8573561
38.692720 18.0935822 -1.3779364 13.0784245 0.0323830 0.5217165 -0.0213591 0.8522365
39.106870 18.3356686 -1.3974402 13.1989002 0.0300590 0.5337967 -0.0266591 0.8446578
39.313880 18.4592915 -1.4077563 13.2574234 0.0315299 0.5405749 -0.0302059 0.8401620
39.624300 18.6533375 -1.4241470 13.3436947 0.0333343 0.5505872 -0.0343729 0.8334033
39.934800 18.8592396 -1.4431909 13.4270248 0.0353511 0.5602825 -0.0338760 0.8268532
40.245190 19.0758934 -1.4621161 13.5102634 0.0311187 0.5699719 -0.0312407 0.8204802
40.452080 19.2280006 -1.4740118 13.5653877 0.0283038 0.5750937 -0.0271823 0.8171458
40.764080 19.4625607 -1.4910128 13.6462669 0.0329339 0.5817242 -0.0252389 0.8123271
41.072760 19.7044582 -1.5097197 13.7238293 0.0453693 0.5871471 -0.0245882 0.8078337
41.486770 20.0426369 -1.5415149 13.8292847 0.0462706 0.5950987 -0.0248457 0.8019347
41.900180 20.3899822 -1.5730309 13.9336109 0.0402066 0.6041352 -0.0272582 0.7954000
42.313830 20.7469597 -1.6059775 14.0313931 0.0438725 0.6115762 -0.0257414 0.7895487
42.727360 21.1175270 -1.6392875 14.1271191 0.0418303 0.6166971 -0.0244992 0.7857065
43.037390 21.4016705 -1.6666663 14.1969433 0.0409564 0.6188809 -0.0275645 0.7839319
43.450910 21.7673588 -1.7020302 14.2838116 0.0394056 0.6215827 -0.0237132 0.7819973
43.762280 22.0389881 -1.7261726 14.3474655 0.0428433 0.6236460 -0.0278733 0.7800341
44.071640 22.3160839 -1.7535913 14.4100676 0.0383674 0.6272203 -0.0259078 0.7774647
44.382090 22.5945282 -1.7784667 14.4684906 0.0369491 0.6318385 -0.0253144 0.7738050
44.692960 22.8676777 -1.8019414 14.5224781 0.0367569 0.6367022 -0.0247093 0.7698368
44.899580 23.0525532 -1.8179231 14.5578108 0.0355983 0.6399041 -0.0256972 0.7671995
45.209900 23.3270187 -1.8404351 14.6081276 0.0325627 0.6443168 -0.0292057 0.7635068
45.520350 23.5991039 -1.8634572 14.6559792 0.0334506 0.6481488 -0.0365737 0.7598990
45.727180 23.7821903 -1.8799068 14.6848440 0.0308485 0.6506745 -0.0347845 0.7579321
45.933940 23.9626522 -1.8960189 14.7132034 0.0300825 0.6532773 -0.0326750 0.7558149
46.140840 24.1434307 -1.9112704 14.7394285 0.0305693 0.6561940 -0.0332132 0.7532409
46.347740 24.3247585 -1.9261339 14.7630939 0.0329400 0.6600499 -0.0298752 0.7499043
46.554470 24.5054855 -1.9420198 14.7859612 0.0318225 0.6638036 -0.0280782 0.7467019
46.761380 24.6823921 -1.9566020 14.8046675 0.0423084 0.6668788 -0.0352576 0.7431282
46.968250 24.8608532 -1.9759315 14.8252668 0.0395993 0.6711065 -0.0367773 0.7393885
47.175200 25.0411072 -1.9934440 14.8420496 0.0338437 0.6750543 -0.0345530 0.7361809
47.382040 25.2190113 -2.0102897 14.8571053 0.0303067 0.6798624 -0.0363753 0.7318097
47.692300 25.4817944 -2.0317898 14.8748837 0.0269197 0.6877072 -0.0356153 0.7246141
47.899190 25.6549950 -2.0457821 14.8823605 0.0303413 0.6923125 -0.0365971 0.7200302
48.209330 25.9165955 -2.0686200 14.8917255 0.0288612 0.6992313 -0.0342366 0.7134917
48.519480 26.1758575 -2.0910683 14.8948431 0.0327258 0.7038125 -0.0356205 0.7087370
48.829380 26.4353886 -2.1149082 14.8953199 0.0339452 0.7063530 -0.0305348 0.7063857
49.139410 26.6947250 -2.1373966 14.8944559 0.0367862 0.7074029 -0.0291336 0.7052511
49.346620 26.8636875 -2.1525214 14.8942347 0.0396681 0.7069836 -0.0281489 0.7055554
49.656580 27.1101933 -2.1757123 14.8946457 0.0408672 0.7050404 -0.0261588 0.7075052
49.863540 27.2711525 -2.1903307 14.8965578 0.0394525 0.7031906 -0.0240902 0.7094971
50.069330 27.4267807 -2.2045300 14.8992414 0.0368474 0.7006965 -0.0231192 0.7121322
50.276120 27.5774269 -2.2177582 14.9041452 0.0348285 0.6979452 -0.0261354 0.7148261
50.586570 27.7964916 -2.2361307 14.9127274 0.0320609 0.6940412 -0.0250647 0.7187842
50.896200 28.0040932 -2.2531519 14.9226475 0.0318205 0.6897618 -0.0255430 0.7228857
51.103000 28.1336098 -2.2640815 14.9306202 0.0331091 0.6873589 -0.0277200 0.7250332
51.516920 28.3801479 -2.2855504 14.9486361 0.0305277 0.6825621 -0.0304881 0.7295529
51.723400 28.4954033 -2.2948828 14.9583797 0.0306827 0.6802665 -0.0334891 0.7315562
52.033540 28.6614075 -2.3102822 14.9732456 0.0288034 0.6769947 -0.0344746 0.7346156
52.343730 28.8194599 -2.3240838 14.9889736 0.0294284 0.6738559 -0.0357836 0.7374088
52.654640 28.9671383 -2.3375299 15.0042267 0.0305304 0.6715618 -0.0373967 0.7393741
52.964300 29.1128349 -2.3505785 15.0197754 0.0316731 0.6704830 -0.0390074 0.7402214
53.378120 29.3127441 -2.3684311 15.0405025 0.0311182 0.6723389 -0.0389397 0.7385633
53.792070 29.5207977 -2.3888359 15.0585003 0.0400181 0.6753206 -0.0406033 0.7353176
54.205940 29.7507648 -2.4113255 15.0747375 0.0425025 0.6782308 -0.0326091 0.7328937
54.723200 30.0611935 -2.4406767 15.0955029 0.0447872 0.6813450 -0.0314851 0.7299121
55.136960 30.3280354 -2.4657645 15.1140909 0.0460400 0.6839803 -0.0363208 0.7271397
55.550620 30.6118317 -2.4956565 15.1323910 0.0460608 0.6865086 -0.0389665 0.7246143
55.964160 30.9063644 -2.5288544 15.1468096 0.0501451 0.6882033 -0.0357950 0.7228972
56.377670 31.2164211 -2.5622287 15.1595716 0.0533587 0.6894020 -0.0334793 0.7216349
56.791050 31.5382824 -2.5987778 15.1751375 0.0522458 0.6883656 -0.0311535 0.7228088
57.204360 31.8718185 -2.6329584 15.1929331 0.0516010 0.6858864 -0.0282729 0.7253259
57.720780 32.3071823 -2.6785684 15.2211342 0.0531352 0.6809226 -0.0256577 0.7299745
58.030610 32.5779076 -2.7076807 15.2427979 0.0529315 0.6777296 -0.0278959 0.7328729
58.650440 33.1165047 -2.7629809 15.2941380 0.0497158 0.6740492 -0.0276497 0.7364928
59.063680 33.4902458 -2.8021452 15.3285370 0.0477756 0.6732504 -0.0280661 0.7373355
59.580540 33.9393349 -2.8486371 15.3734865 0.0477244 0.6728266 -0.0311833 0.7376004
60.097040 34.3862381 -2.8961201 15.4172211 0.0492603 0.6723060 -0.0320246 0.7379380
60.510030 34.7428780 -2.9327259 15.4520969 0.0544314 0.6694861 -0.0279930 0.7402986
60.923310 35.0913658 -2.9726059 15.4887161 0.0596590 0.6643307 -0.0260287 0.7445992
61.439830 35.5331230 -3.0205712 15.5478992 0.0538416 0.6564531 -0.0251227 0.7520235
62.059540 36.0504417 -3.0787365 15.6334181 0.0517212 0.6388856 -0.0293677 0.7669992
62.576200 36.4711533 -3.1281366 15.7248020 0.0490789 0.6220174 -0.0312801 0.7808374
62.886160 36.7315788 -3.1579080 15.7900190 0.0482805 0.6158246 -0.0323429 0.7857372
63.196200 36.9903221 -3.1874046 15.8573465 0.0481782 0.6103566 -0.0326467 0.7899860
63.506200 37.2526970 -3.2175052 15.9293900 0.0464821 0.6049252 -0.0319294 0.7942830
63.816090 37.5124931 -3.2459040 16.0045147 0.0440249 0.5993851 -0.0300285 0.7986849
64.022620 37.6815796 -3.2643142 16.0558548 0.0446820 0.5955867 -0.0317746 0.8014177
64.435680 38.0156975 -3.3016794 16.1633434 0.0399707 0.5895914 -0.0333791 0.8060212
64.849050 38.3399696 -3.3370500 16.2718868 0.0404643 0.5877581 -0.0401330 0.8070269
65.158820 38.5828972 -3.3640842 16.3532867 0.0336315 0.5876675 -0.0390965 0.8074573
65.468780 38.8222351 -3.3871210 16.4319324 0.0344343 0.5882508 -0.0393573 0.8069859
65.778660 39.0596619 -3.4116778 16.5080853 0.0360836 0.5887458 -0.0360780 0.8067061
66.191750 39.3780212 -3.4438901 16.6110992 0.0389929 0.5890856 -0.0366465 0.8062969
66.605040 39.7066956 -3.4781418 16.7175655 0.0419044 0.5889051 -0.0377192 0.8062333
67.018180 40.0475464 -3.5138149 16.8285255 0.0433975 0.5884252 -0.0337599 0.8066801
67.327990 40.3085365 -3.5411460 16.9117565 0.0472410 0.5869923 -0.0290470 0.8076910
67.741230 40.6571274 -3.5792651 17.0260811 0.0416127 0.5858979 -0.0243253 0.8089501
68.154890 40.9985428 -3.6135530 17.1392841 0.0451085 0.5846748 -0.0240832 0.8096547
68.464300 41.2475319 -3.6393976 17.2235222 0.0436173 0.5845084 -0.0230735 0.8098858
68.981020 41.6443787 -3.6782129 17.3570213 0.0417139 0.5862759 -0.0202250 0.8087839
69.394410 41.9420891 -3.7074621 17.4548016 0.0478192 0.5883307 -0.0256317 0.8067982
69.910950 42.3090706 -3.7453349 17.5721684 0.0452401 0.5906674 -0.0222005 0.8053400
70.429610 42.6701012 -3.7821116 17.6863003 0.0490765 0.5908574 -0.0225090 0.8049673
70.841960 42.9586220 -3.8113685 17.7776527 0.0486968 0.5903702 -0.0221384 0.8053580
71.359740 43.3114357 -3.8494227 17.8926105 0.0466876 0.5868814 -0.0216208 0.8080365
71.874710 43.6408463 -3.8840861 18.0035706 0.0440209 0.5838326 -0.0225663 0.8103657
72.394080 43.9417114 -3.9151511 18.1075706 0.0446606 0.5814377 -0.0214323 0.8120815
72.908190 44.2171707 -3.9427168 18.2045155 0.0436954 0.5793766 -0.0227647 0.8135695
73.425090 44.4671097 -3.9678757 18.2928543 0.0440534 0.5778778 -0.0238697 0.8145838
73.838630 44.6452332 -3.9860353 18.3570709 0.0468942 0.5767034 -0.0252683 0.8152151
74.252330 44.8067818 -4.0038309 18.4147091 0.0442535 0.5786741 -0.0247752 0.8139804
74.665890 44.9500008 -4.0186453 18.4646530 0.0435725 0.5805153 -0.0236764 0.8127379
75.079510 45.0759239 -4.0319705 18.5090733 0.0420411 0.5823644 -0.0243575 0.8114746
75.596260 45.2161217 -4.0459356 18.5557499 0.0435784 0.5838014 -0.0242261 0.8103640
75.906260 45.2947807 -4.0539136 18.5832806 0.0421757 0.5827380 -0.0249715 0.8111807
76.422600 45.4258499 -4.0666685 18.6320820 0.0421007 0.5733750 -0.0259856 0.8177979
76.835380 45.5331497 -4.0777006 18.6784325 0.0422359 0.5530254 -0.0278224 0.8316279
77.248120 45.6429901 -4.0896406 18.7352295 0.0432591 0.5194625 -0.0324858 0.8527790
77.661290 45.7434082 -4.1010485 18.8004265 0.0425055 0.4899755 -0.0415211 0.8697088
78.075790 45.8378944 -4.1122880 18.8566570 0.0431385 0.5042026 -0.0425711 0.8614560
78.593920 45.9558105 -4.1275463 18.9070301 0.0453944 0.5497314 -0.0383743 0.8332239
79.114220 46.0826530 -4.1430979 18.9445095 0.0483133 0.5866835 -0.0327775 0.8077091
79.631890 46.2049904 -4.1565733 18.9795113 0.0474529 0.5978856 -0.0298299 0.7996194
80.144160 46.3021812 -4.1682558 19.0167809 0.0449576 0.5743123 -0.0327994 0.8167425
80.658440 46.3724632 -4.1770444 19.0498829 0.0504021 0.5405019 -0.0291227 0.8393266
81.174860 46.4208069 -4.1828494 19.0847645 0.0439109 0.5080343 -0.0356267 0.8594787
81.691630 46.4579735 -4.1868396 19.1128731 0.0420011 0.4825701 -0.0352109 0.8741409
82.208520 46.4786339 -4.1903310 19.1343384 0.0386577 0.4645478 -0.0430390 0.8836564
