0.103391 -0.011011 -0.0171216 0.961713 0.00216325 0.000767526 -0.000354447 0.999997 
0.207106 -0.0169953 -0.0330416 1.92488 0.00261238 0.00106282 0.000694761 0.999996 
0.310262 -0.031067 -0.0634185 2.88805 0.000457176 0.00109784 0.00143811 0.999998 
0.413621 -0.0446274 -0.0950362 3.84831 -0.00277163 0.00071953 0.00218715 0.999993 
0.517929 -0.0533724 -0.122217 4.80655 -0.00232966 3.49033e-05 0.00440035 0.999988 
0.620389 -0.0645855 -0.144871 5.73896 -0.000806968 -0.000491793 0.00577111 0.999983 
0.724219 -0.0754279 -0.153567 6.6764 0.000726196 -0.000900389 0.00605372 0.999981 
0.827211 -0.0893643 -0.167881 7.60616 0.00105034 -0.00130415 0.00574004 0.999982 
0.930557 -0.101303 -0.179166 8.53549 -0.000105351 -0.00177296 0.00541257 0.999984 
1.03407 -0.114132 -0.186585 9.46587 -0.00157092 -0.00211805 0.00537656 0.999982 
1.13744 -0.127557 -0.19163 10.3889 -0.0022285 -0.00261516 0.0054584 0.999979 
1.24426 -0.142195 -0.199718 11.3395 -0.00256043 -0.00291812 0.00623913 0.999973 
1.34423 -0.154881 -0.21556 12.2234 -0.0025082 -0.00339735 0.00632405 0.999971 
1.44757 -0.169312 -0.235486 13.1333 -0.0017215 -0.00373944 0.00644281 0.999971 
1.55108 -0.184906 -0.260252 14.0414 -0.000619104 -0.00451325 0.00668588 0.999967 
1.65452 -0.199285 -0.276057 14.9455 1.30756e-05 -0.0052603 0.00734372 0.999959 
1.75784 -0.216948 -0.285111 15.8463 0.000287166 -0.00609545 0.00716192 0.999956 
1.86135 -0.236713 -0.293361 16.7431 0.00074024 -0.00682354 0.00651595 0.999955 
1.96472 -0.254852 -0.298244 17.6348 0.00077235 -0.00768546 0.00579258 0.999953 
2.06824 -0.273078 -0.304405 18.5268 0.000288064 -0.00846143 0.00606621 0.999946 
2.17162 -0.293743 -0.31384 19.4142 -0.000405538 -0.0091262 0.00574615 0.999942 
2.27513 -0.314603 -0.323688 20.2948 -0.000575328 -0.00987677 0.00566748 0.999935 
2.37863 -0.333567 -0.32204 21.1689 -0.000551343 -0.010744 0.00624033 0.999923 
2.48201 -0.351775 -0.320509 22.0379 -0.000239194 -0.0115435 0.00634721 0.999913 
2.58551 -0.372549 -0.317219 22.9009 -0.0004711 -0.0120541 0.00631316 0.999907 
2.68902 -0.393368 -0.315927 23.7577 -0.0014517 -0.0125746 0.00620249 0.999901 
2.79369 -0.412104 -0.314024 24.6154 -0.00288996 -0.0129758 0.00685735 0.999888 
2.89614 -0.428033 -0.305738 25.4422 -0.00356632 -0.0133153 0.00668662 0.999883 
2.99956 -0.447402 -0.298849 26.2662 -0.002969 -0.0137008 0.00645391 0.999881 
3.10354 -0.469077 -0.293049 27.0804 -0.00158426 -0.0140892 0.00573796 0.999883 
3.20657 -0.491623 -0.293405 27.877 -0.000780338 -0.0144823 0.00547347 0.99988 
3.31008 -0.514723 -0.298277 28.6696 -0.000545822 -0.014954 0.00511093 0.999875 
3.41396 -0.537729 -0.303039 29.4547 -0.000345943 -0.01566 0.0052183 0.999864 
3.51708 -0.56105 -0.302456 30.2266 -3.69202e-05 -0.0165947 0.00506137 0.999849 
3.62072 -0.58371 -0.289317 30.9932 0.00015123 -0.0175195 0.00506816 0.999834 
3.72467 -0.609883 -0.284946 31.7533 -0.000420494 -0.0185465 0.00523597 0.999814 
3.82773 -0.637347 -0.285958 32.4975 -0.00174768 -0.0195213 0.00525603 0.999794 
3.93124 -0.669497 -0.291316 33.2349 -0.00237473 -0.0204403 0.00488786 0.999776 
4.03487 -0.707028 -0.298099 33.9623 -0.00249059 -0.0214142 0.00416047 0.999759 
4.14215 -0.747597 -0.301181 34.7035 -0.00203478 -0.0223256 0.00283137 0.999745 
4.24344 -0.786123 -0.301299 35.3932 -0.00160672 -0.0232073 0.00207627 0.999727 
4.34597 -0.822501 -0.2935 36.0857 -0.00231473 -0.0239628 0.00185717 0.999708 
4.44918 -0.857974 -0.28456 36.7734 -0.00309357 -0.0244843 0.0012871 0.999695 
4.55252 -0.897984 -0.282922 37.4492 -0.0034267 -0.0244553 -0.000219246 0.999695 
4.65623 -0.935694 -0.27535 38.1112 -0.00235069 -0.0239231 -0.00181854 0.999709 
4.76082 -0.966244 -0.264395 38.7636 -0.000659746 -0.0230335 -0.00266158 0.999731 
4.86379 -0.994069 -0.259033 39.4006 0.000344501 -0.0219564 -0.00286467 0.999755 
4.96682 -1.02297 -0.254691 40.0375 -9.97148e-05 -0.0204287 -0.00346278 0.999785 
5.07326 -1.05457 -0.256142 40.6868 -0.0016561 -0.0186632 -0.00595844 0.999807 
5.17427 -1.08278 -0.255999 41.2921 -0.00350523 -0.0167682 -0.00815071 0.99982 
5.2775 -1.10735 -0.254244 41.8909 -0.00390571 -0.0146207 -0.0106027 0.999829 
5.38114 -1.12746 -0.250493 42.4757 -0.0039684 -0.0119344 -0.0124646 0.999843 
5.48464 -1.14322 -0.247276 43.0442 -0.0049877 -0.00905175 -0.0143117 0.999844 
5.5881 -1.15652 -0.246126 43.5924 -0.00575015 -0.00570156 -0.0168323 0.999826 
5.69162 -1.16369 -0.246331 44.1195 -0.00548125 -0.00213811 -0.0184966 0.999812 
5.79522 -1.16531 -0.246031 44.627 -0.00574466 0.00151436 -0.0202672 0.999777 
5.89874 -1.16528 -0.240157 45.1105 -0.00558513 0.00528131 -0.0225094 0.999717 
6.00237 -1.16212 -0.23485 45.5745 -0.00420129 0.00916564 -0.0247084 0.999644 
6.10587 -1.15391 -0.236866 46.014 -0.00264534 0.0131816 -0.0255737 0.999583 
6.20951 -1.1397 -0.23803 46.4356 -0.00293182 0.0171581 -0.0258206 0.999515 
6.31302 -1.11911 -0.239526 46.8327 -0.00369836 0.0210388 -0.0255905 0.999444 
6.41652 -1.09816 -0.239175 47.2046 -0.00425049 0.0250779 -0.0264945 0.999325 
6.52404 -1.07774 -0.238753 47.5673 -0.00438268 0.0296562 -0.0282466 0.999151 
6.62372 -1.05949 -0.240415 47.8784 -0.00433965 0.0338865 -0.0305907 0.998948 
6.72729 -1.03613 -0.244398 48.1766 -0.00461712 0.0384182 -0.0324176 0.998725 
6.83081 -1.00626 -0.253271 48.4509 -0.00493604 0.0430784 -0.0321812 0.998541 
6.93443 -0.973096 -0.260777 48.7166 -0.00408141 0.0484786 -0.0316472 0.998314 
7.03807 -0.936956 -0.267589 48.9756 -0.00186037 0.0545417 -0.0309237 0.998031 
7.1417 -0.897746 -0.273442 49.2324 6.82406e-05 0.0612442 -0.0313136 0.997631 
7.24533 -0.856742 -0.280568 49.4871 0.00074718 0.0691216 -0.0322004 0.997088 
7.3533 -0.808431 -0.286092 49.7497 0.00103625 0.0776923 -0.0331815 0.996424 
7.45259 -0.757712 -0.291571 49.9862 0.00138146 0.0858907 -0.0333692 0.995745 
7.55658 -0.697158 -0.296762 50.2306 0.00171601 0.0951112 -0.0329814 0.994919 
7.66336 -0.629655 -0.302291 50.4773 0.0016587 0.105249 -0.0325395 0.993912 
7.76336 -0.562625 -0.306784 50.7073 0.00196131 0.115218 -0.0327666 0.992798 
7.86699 -0.488921 -0.311706 50.9453 0.00271972 0.126111 -0.0337506 0.991438 
7.97062 -0.407494 -0.317908 51.1815 0.00336065 0.137792 -0.0343466 0.98986 
8.07425 -0.317219 -0.325504 51.4202 0.00337426 0.15046 -0.0350045 0.98799 
8.17796 -0.221245 -0.33408 51.6593 0.00314708 0.163886 -0.0365481 0.985797 
8.28392 -0.114714 -0.343954 51.9008 0.00303262 0.178498 -0.0378424 0.983208 
8.38596 0.000273587 -0.354496 52.1298 0.00309914 0.193397 -0.0382187 0.980371 
8.48878 0.130953 -0.364272 52.3559 0.00380823 0.209336 -0.0371923 0.977129 
8.59345 0.276032 -0.373394 52.5804 0.00503511 0.226974 -0.0356598 0.973235 
8.69603 0.427978 -0.382435 52.8003 0.00684129 0.245342 -0.0351458 0.968775 
8.79966 0.590791 -0.391907 53.019 0.00881048 0.264494 -0.0356725 0.963687 
8.90391 0.770108 -0.402597 53.2441 0.0103174 0.284532 -0.0364418 0.957918 
9.00803 0.965237 -0.41476 53.4728 0.0112089 0.305496 -0.0378564 0.951374 
9.11058 1.17229 -0.430253 53.6948 0.0112806 0.326822 -0.0400647 0.944169 
9.2142 1.40171 -0.44674 53.9268 0.0111836 0.348797 -0.0425592 0.936165 
9.31783 1.65826 -0.464713 54.1534 0.0115913 0.371746 -0.0431161 0.92726 
9.42146 1.94608 -0.47764 54.3689 0.0114911 0.395609 -0.0420899 0.917382 
9.52511 2.26973 -0.477769 54.5852 0.0118668 0.419602 -0.0414006 0.906686 
9.63008 2.61268 -0.48322 54.7899 0.0122026 0.44446 -0.041317 0.894762 
9.73238 2.97376 -0.479276 54.9838 0.0134936 0.469303 -0.040851 0.881988 
9.83601 3.35926 -0.486089 55.1696 0.013629 0.494222 -0.0404328 0.868288 
9.93969 3.76614 -0.491392 55.3354 0.0129575 0.518292 -0.0399389 0.854172 
10.0439 4.19836 -0.51662 55.484 0.0115291 0.541868 -0.0400868 0.839428 
10.1468 4.64142 -0.539618 55.6185 0.0096599 0.564267 -0.0416683 0.824484 
10.2504 5.10372 -0.564592 55.7214 0.0108727 0.585729 -0.0418331 0.809354 
10.3537 5.58554 -0.595773 55.8023 0.0131709 0.605604 -0.0379188 0.794753 
10.4572 6.08852 -0.62668 55.8562 0.0161706 0.623623 -0.0325067 0.780881 
10.563 6.61237 -0.653241 55.9028 0.0185687 0.640777 -0.029731 0.766927 
10.6645 7.12638 -0.682131 55.9379 0.0207923 0.655281 -0.0298228 0.75451 
10.767 7.65863 -0.724289 55.9541 0.0236674 0.667473 -0.0271912 0.743761 
10.8702 8.20958 -0.773785 55.9714 0.0250954 0.678329 -0.0246812 0.733915 
10.9734 8.77494 -0.813751 55.9775 0.0264562 0.687476 -0.0218488 0.725396 
11.0772 9.35166 -0.857379 55.9832 0.0282227 0.694596 -0.0202419 0.718561 
11.1802 9.93325 -0.902062 55.9818 0.0297771 0.700165 -0.0199005 0.713082 
11.2842 10.5377 -0.947374 55.9798 0.0296263 0.704962 -0.0196592 0.708353 
11.3859 11.1375 -0.996539 55.979 0.0298346 0.709014 -0.0198723 0.704283 
11.489 11.755 -1.05525 55.963 0.0325896 0.712053 -0.0194723 0.701098 
11.5925 12.3828 -1.11719 55.9295 0.0347711 0.714329 -0.0185861 0.698699 
11.6953 13.0203 -1.16798 55.903 0.0344533 0.715976 -0.0182302 0.697035 
11.7995 13.6731 -1.21752 55.8833 0.0327233 0.717298 -0.01826 0.695758 
11.9017 14.3336 -1.26954 55.8585 0.0292805 0.71823 -0.0163744 0.694996 
12.0048 15.0132 -1.31743 55.8215 0.0277071 0.718749 -0.0137758 0.694581 
12.108 15.698 -1.36612 55.779 0.0278792 0.718939 -0.0120713 0.694409 
12.2112 16.3872 -1.41706 55.7407 0.0298046 0.718834 -0.0117877 0.694442 
12.3145 17.0825 -1.46235 55.7032 0.0330564 0.718559 -0.0142537 0.694534 
12.4177 17.7847 -1.50244 55.6721 0.0360332 0.717742 -0.0168316 0.695173 
12.5211 18.5047 -1.54575 55.643 0.0370628 0.716982 -0.0168431 0.695902 
12.6245 19.2416 -1.59391 55.615 0.0349631 0.716305 -0.0154258 0.69674 
12.7274 19.9782 -1.64772 55.5903 0.0322129 0.715495 -0.0128549 0.697757 
12.8307 20.7128 -1.69673 55.569 0.0311915 0.71456 -0.0133958 0.69875 
12.9341 21.4385 -1.74169 55.5369 0.0360544 0.713378 -0.0125358 0.699739 
13.0377 22.1671 -1.78793 55.5101 0.0387162 0.712138 -0.0136994 0.700837 
13.1417 22.9033 -1.83908 55.5054 0.0365195 0.711335 -0.0162313 0.701716 
13.2442 23.6322 -1.89577 55.5016 0.0344156 0.710195 -0.0165736 0.702968 
13.348 24.3733 -1.9558 55.4845 0.0338087 0.708603 -0.0132436 0.704673 
13.4528 25.1116 -2.00847 55.4636 0.0365114 0.707441 -0.0123667 0.70572 
13.5549 25.835 -2.05939 55.4618 0.0377857 0.706311 -0.0139514 0.706755 
13.658 26.5681 -2.1137 55.4726 0.0371034 0.705046 -0.0156362 0.708018 
13.7613 27.3049 -2.16761 55.4896 0.0363431 0.703692 -0.0155284 0.709405 
13.8647 28.0441 -2.22655 55.4977 0.0370181 0.702348 -0.0130044 0.710752 
13.9682 28.7777 -2.28867 55.5103 0.0386331 0.700947 -0.0112811 0.712077 
14.0716 29.5123 -2.34389 55.5223 0.0400817 0.699663 -0.0106421 0.713269 
14.1751 30.2463 -2.3954 55.5362 0.0402927 0.698681 -0.0106794 0.714217 
14.2786 30.9856 -2.44522 55.5486 0.0405437 0.697427 -0.00967565 0.715443 
14.3821 31.7263 -2.49611 55.5619 0.0405254 0.696112 -0.00854869 0.716737 
14.4855 32.465 -2.53744 55.5847 0.0406244 0.695075 -0.00932439 0.717728 
14.589 33.2074 -2.57823 55.6135 0.0401783 0.693954 -0.010774 0.718817 
14.6924 33.951 -2.6206 55.6397 0.0409431 0.692926 -0.0101496 0.719774 
14.796 34.6984 -2.66772 55.6732 0.0398781 0.691915 -0.0109155 0.720794 
14.8995 35.4425 -2.71189 55.7093 0.0398547 0.691172 -0.0115882 0.721497 
15.0029 36.1979 -2.76138 55.7486 0.0383583 0.690023 -0.0127286 0.722658 
15.1064 36.9509 -2.81239 55.787 0.0387487 0.688784 -0.0138467 0.723798 
15.2099 37.7047 -2.86755 55.8266 0.040011 0.687581 -0.0156387 0.724836 
15.3134 38.4657 -2.92299 55.8685 0.0404546 0.68634 -0.0162189 0.725974 
15.4168 39.2301 -2.97341 55.9211 0.0394396 0.685156 -0.0190989 0.727077 
15.5202 40.0022 -3.02432 55.9763 0.0375845 0.684186 -0.0200059 0.728064 
15.6239 40.7783 -3.08093 56.0249 0.0386301 0.682862 -0.0194035 0.729267 
15.7272 41.5555 -3.13592 56.0779 0.0388493 0.681364 -0.0198904 0.730642 
15.8306 42.3395 -3.18877 56.1413 0.0376399 0.680033 -0.0217432 0.731892 
15.9343 43.1303 -3.24433 56.2033 0.0371906 0.678516 -0.02145 0.73333 
16.0394 43.938 -3.29718 56.2697 0.036624 0.676685 -0.0208797 0.735065 
16.1409 44.7137 -3.35254 56.3439 0.0371905 0.674812 -0.0235834 0.736675 
16.2443 45.5044 -3.40258 56.423 0.0401862 0.672421 -0.0272031 0.738576 
16.3483 46.3076 -3.46124 56.5081 0.0412942 0.669551 -0.0291866 0.741043 
16.4535 47.1222 -3.52528 56.6053 0.0408519 0.666769 -0.0312509 0.743487 
16.5544 47.9141 -3.59247 56.7066 0.0387026 0.664149 -0.0317205 0.745924 
16.658 48.7269 -3.66224 56.8119 0.0380498 0.661293 -0.0310747 0.748517 
16.7614 49.5407 -3.72764 56.9216 0.0370335 0.658612 -0.0300283 0.75097 
16.8647 50.3568 -3.79289 57.041 0.0339989 0.655836 -0.028647 0.753593 
16.9681 51.1679 -3.85012 57.1679 0.0307299 0.653182 -0.0270275 0.756095 
17.0734 51.9891 -3.91255 57.2973 0.0292446 0.650289 -0.0259059 0.758681 
17.1756 52.7738 -3.96802 57.4249 0.0306168 0.647532 -0.0267479 0.760953 
17.2795 53.5615 -4.02316 57.5603 0.033028 0.645241 -0.0285457 0.762731 
17.3833 54.3432 -4.08252 57.6985 0.0345322 0.643159 -0.0302736 0.764354 
17.4854 55.1044 -4.1437 57.8375 0.0347014 0.641261 -0.0316611 0.765883 
17.5889 55.8705 -4.20441 57.9795 0.0338922 0.639139 -0.0320315 0.767676 
17.6939 56.6455 -4.26212 58.1203 0.0341029 0.637138 -0.0296564 0.769423 
17.7958 57.3891 -4.31831 58.2625 0.0322475 0.635486 -0.0273487 0.770954 
17.8994 58.1367 -4.36915 58.4136 0.0284132 0.634381 -0.0256818 0.772071 
18.0031 58.876 -4.4208 58.5673 0.0261487 0.633154 -0.0258072 0.773154 
18.1063 59.5996 -4.46762 58.7161 0.0257015 0.631869 -0.0264418 0.774197 
18.2098 60.3124 -4.51637 58.8661 0.0258472 0.630975 -0.0278217 0.774873 
18.3134 61.0132 -4.56453 59.0211 0.0258138 0.630347 -0.0305091 0.775284 
18.4172 61.7044 -4.61479 59.1724 0.0270169 0.62947 -0.0324101 0.775878 
18.5205 62.382 -4.65759 59.3209 0.028884 0.628574 -0.0342292 0.776459 
18.624 63.0559 -4.70638 59.4684 0.0298197 0.627916 -0.0346524 0.776937 
18.7275 63.7223 -4.75876 59.6169 0.0288299 0.627432 -0.0352601 0.777338 
18.831 64.3816 -4.81471 59.7602 0.0277283 0.627221 -0.0343686 0.777589 
18.9347 65.0328 -4.86783 59.9022 0.0266151 0.627087 -0.0334504 0.777776 
19.038 65.6718 -4.91338 60.0352 0.02651 0.627204 -0.0329027 0.777708 
19.1415 66.301 -4.9654 60.1677 0.0262292 0.627831 -0.0326732 0.777221 
19.2455 66.9221 -5.01832 60.2984 0.0259672 0.628491 -0.0333282 0.776668 
19.3518 67.5457 -5.07671 60.4322 0.0268887 0.629369 -0.034802 0.775861 
19.4521 68.1202 -5.13034 60.5544 0.0289159 0.630224 -0.0354 0.775067 
19.5577 68.7247 -5.18206 60.6779 0.029977 0.630944 -0.0348061 0.774467 
19.6601 69.3031 -5.23186 60.8031 0.029257 0.631818 -0.0347707 0.773783 
19.764 69.8829 -5.2859 60.9193 0.0279956 0.632899 -0.0339959 0.772981 
19.867 70.45 -5.34276 61.033 0.0263117 0.63378 -0.0325031 0.772382 
19.9699 71.0007 -5.39305 61.1404 0.0270694 0.634568 -0.0312387 0.771761 
20.0734 71.5454 -5.44083 61.2438 0.0295249 0.635277 -0.0305204 0.771116 
20.1772 72.0865 -5.48536 61.3467 0.031678 0.636234 -0.0298863 0.770266 
20.2803 72.6229 -5.53222 61.4508 0.0323429 0.636835 -0.0309482 0.7697 
20.3838 73.1581 -5.58314 61.5545 0.0331788 0.637292 -0.0317761 0.769252 
20.4876 73.7011 -5.63017 61.657 0.0330748 0.637804 -0.0306145 0.768879 
20.5909 74.2427 -5.67645 61.7495 0.0348515 0.637588 -0.0279823 0.76908 
20.6943 74.7876 -5.7208 61.8418 0.0364908 0.636654 -0.0259846 0.769847 
20.7977 75.3352 -5.76817 61.9447 0.0370578 0.63591 -0.0248545 0.770472 
20.9021 75.8867 -5.81706 62.0582 0.0357679 0.63453 -0.0257097 0.771642 
21.0046 76.4345 -5.86245 62.1712 0.0358581 0.632335 -0.0259846 0.773428 
21.1082 76.9926 -5.91229 62.2914 0.0360908 0.62965 -0.0252837 0.775629 
21.2136 77.5684 -5.96115 62.4239 0.0358023 0.626362 -0.0251122 0.778305 
21.3161 78.1287 -6.00876 62.553 0.0355021 0.623147 -0.0249616 0.780899 
21.418 78.6926 -6.05987 62.6919 0.0338548 0.61954 -0.0258564 0.783809 
21.5243 79.285 -6.10787 62.8458 0.0334461 0.61548 -0.0262525 0.787005 
21.6248 79.8509 -6.15078 63.005 0.0332016 0.61154 -0.0285567 0.79 
21.7303 80.4534 -6.19282 63.1799 0.0330791 0.607495 -0.0305656 0.793045 
21.833 81.0484 -6.23901 63.3568 0.0323846 0.602965 -0.0323787 0.796453 
21.9362 81.6547 -6.28567 63.5411 0.0326399 0.598629 -0.0334382 0.799663 
22.0384 82.2658 -6.32496 63.7405 0.0320928 0.594465 -0.0343248 0.802747 
22.1419 82.8951 -6.37117 63.9481 0.0320979 0.590062 -0.0349612 0.805962 
22.2453 83.5348 -6.41474 64.1668 0.0312375 0.585627 -0.0360939 0.809174 
22.3488 84.194 -6.45846 64.3998 0.0293136 0.581185 -0.0342515 0.812522 
22.4522 84.8614 -6.49861 64.6373 0.0276798 0.576694 -0.0305743 0.815918 
22.5557 85.5388 -6.54501 64.8881 0.0266681 0.571982 -0.0287257 0.819329 
22.6594 86.2245 -6.58558 65.1538 0.0255823 0.567614 -0.027691 0.822431 
22.7625 86.9275 -6.60505 65.4284 0.0267917 0.563737 -0.0244012 0.825159 
22.866 87.6316 -6.62434 65.7033 0.0280966 0.559749 -0.0212975 0.827912 
22.9695 88.3579 -6.64634 65.9934 0.0278982 0.556763 -0.0156174 0.830056 
23.073 89.0769 -6.68407 66.289 0.0290851 0.553549 -0.0124152 0.832216 
23.1766 89.7924 -6.72536 66.5994 0.0299538 0.550251 -0.0120797 0.834374 
23.28 90.5024 -6.76369 66.9071 0.034142 0.546745 -0.0130407 0.836501 
23.3847 91.2181 -6.81338 67.2287 0.0383981 0.543379 -0.0131131 0.838507 
23.4876 91.9218 -6.87074 67.5593 0.0379844 0.540908 -0.0143068 0.840102 
23.5907 92.609 -6.91427 67.9037 0.0355104 0.538776 -0.0172664 0.841523 
23.6945 93.2889 -6.97518 68.2475 0.0343467 0.536866 -0.0200665 0.842729 
23.7982 93.9613 -7.03488 68.5808 0.0355731 0.534814 -0.0213312 0.843951 
23.9035 94.6331 -7.11002 68.9201 0.0362951 0.532781 -0.0234803 0.845148 
24.0046 95.2755 -7.18301 69.2482 0.0362165 0.531115 -0.0252679 0.846148 
24.1082 95.9275 -7.25968 69.5824 0.0349814 0.529237 -0.0250826 0.847381 
24.2132 96.5834 -7.32927 69.913 0.0338997 0.527269 -0.0236631 0.848692 
24.3151 97.2065 -7.39853 70.2361 0.0326548 0.525707 -0.0230719 0.849726 
24.4221 97.8456 -7.46954 70.5697 0.0316889 0.523981 -0.0231729 0.850824 
24.5224 98.4351 -7.53316 70.8839 0.0319747 0.522347 -0.0242089 0.851789 
24.6253 99.0331 -7.59212 71.1979 0.0326569 0.521024 -0.0239889 0.85258 
24.7288 99.6279 -7.65021 71.5089 0.0328065 0.520058 -0.0228387 0.853195 
24.8322 100.212 -7.70974 71.8162 0.0333336 0.519254 -0.0219546 0.853687 
24.9356 100.787 -7.76666 72.1255 0.0326096 0.518374 -0.0223004 0.854241 
25.0391 101.353 -7.82354 72.4326 0.0330645 0.517423 -0.0218357 0.854812 
25.1425 101.906 -7.88334 72.7358 0.0340391 0.51612 -0.0225426 0.855542 
25.246 102.445 -7.94307 73.0324 0.0349572 0.514651 -0.021655 0.856413 
25.3494 102.983 -8.00238 73.3285 0.0358603 0.513178 -0.0207465 0.857282 
25.4528 103.511 -8.05369 73.6209 0.0365182 0.511647 -0.0194118 0.8582 
25.5563 104.036 -8.09662 73.9098 0.0369052 0.509989 -0.0186876 0.859186 
25.6596 104.55 -8.13929 74.1959 0.0372808 0.508436 -0.0182785 0.860098 
25.7632 105.06 -8.18196 74.4823 0.0374017 0.506772 -0.0178545 0.861083 
25.8665 105.564 -8.22375 74.7663 0.0380935 0.505091 -0.0172057 0.862053 
25.9702 106.064 -8.26506 75.054 0.0386886 0.503147 -0.0176791 0.863153 
26.0745 106.565 -8.30837 75.3431 0.0399171 0.501003 -0.0171245 0.864355 
26.1778 107.059 -8.3631 75.6342 0.0406473 0.498574 -0.018784 0.86569 
26.28 107.54 -8.41875 75.9257 0.0421585 0.495732 -0.0213898 0.867188 
26.3845 108.029 -8.47588 76.2288 0.043235 0.492638 -0.024931 0.868802 
26.487 108.508 -8.53028 76.5323 0.0441123 0.489391 -0.0281017 0.870494 
26.5902 108.994 -8.58612 76.8408 0.0451133 0.485984 -0.0301712 0.872281 
26.6936 109.485 -8.64234 77.1609 0.0431143 0.483135 -0.0314994 0.873916 
26.7969 109.986 -8.70646 77.4899 0.039386 0.480281 -0.0329416 0.87561 
26.9004 110.496 -8.76309 77.8245 0.0351779 0.47721 -0.033936 0.877429 
27.0038 111.013 -8.81785 78.1711 0.0309784 0.474122 -0.0350424 0.879216 
27.1073 111.537 -8.86741 78.5196 0.028831 0.470863 -0.0352348 0.881031 
27.2106 112.056 -8.91537 78.8761 0.0285557 0.467269 -0.0374783 0.882859 
27.314 112.583 -8.96322 79.2468 0.0288404 0.463905 -0.0395765 0.88453 
27.4174 113.116 -9.01164 79.6277 0.0293875 0.460459 -0.0412266 0.886236 
27.5207 113.669 -9.05712 80.0189 0.029529 0.456923 -0.0422515 0.888011 
27.6242 114.229 -9.10537 80.4259 0.0284779 0.453388 -0.0433468 0.889803 
27.7277 114.793 -9.158 80.8487 0.0264883 0.449789 -0.0454757 0.891583 
27.8311 115.367 -9.21704 81.2845 0.0252255 0.44585 -0.0448518 0.893627 
27.9345 115.948 -9.2737 81.7293 0.0243736 0.441656 -0.0442053 0.895763 
28.0378 116.53 -9.31781 82.1889 0.0241701 0.43736 -0.0443996 0.897865 
28.141 117.109 -9.36634 82.664 0.0229676 0.432876 -0.046337 0.899969 
28.2444 117.7 -9.41022 83.1511 0.0232789 0.428307 -0.0464846 0.902136 
28.348 118.299 -9.45763 83.6524 0.0229494 0.424288 -0.047086 0.904011 
28.4513 118.907 -9.50146 84.1642 0.0223291 0.421266 -0.0466253 0.905462 
28.5548 119.523 -9.5499 84.6852 0.0220646 0.419135 -0.0459473 0.906492 
28.6609 120.164 -9.59065 85.2239 0.0229083 0.417036 -0.0440943 0.907531 
28.7618 120.781 -9.63523 85.7438 0.0240795 0.415185 -0.0415764 0.908467 
28.8668 121.433 -9.68294 86.2927 0.0247448 0.41316 -0.03752 0.909549 
28.9707 122.085 -9.7287 86.8517 0.0248492 0.411202 -0.0343853 0.910557 
29.0736 122.73 -9.77396 87.405 0.0249484 0.409263 -0.0312357 0.91154 
29.1767 123.378 -9.82035 87.9782 0.0245029 0.407265 -0.0308392 0.91246 
29.2793 124.02 -9.86806 88.5548 0.0251406 0.405351 -0.0314877 0.913273 
29.3848 124.677 -9.91628 89.1605 0.0244835 0.403122 -0.0342935 0.914176 
29.4864 125.311 -9.9644 89.7536 0.0233029 0.401304 -0.0366929 0.914913 
29.5894 125.964 -10.0137 90.3599 0.0207733 0.399543 -0.0360446 0.91577 
29.6929 126.619 -10.0578 90.9768 0.0174165 0.397368 -0.0359502 0.91679 
29.7963 127.276 -10.1009 91.5969 0.0144072 0.395296 -0.0343801 0.917797 
29.8998 127.927 -10.1428 92.2182 0.0135144 0.392501 -0.0324116 0.919081 
30.0032 128.582 -10.1842 92.8408 0.0154501 0.389636 -0.0301103 0.920347 
30.1066 129.225 -10.2334 93.4639 0.0206098 0.386351 -0.0263319 0.921745 
30.2116 129.879 -10.2869 94.1064 0.0257524 0.382846 -0.0252133 0.923109 
30.3133 130.506 -10.3407 94.7443 0.027742 0.379161 -0.0244613 0.924591 
30.4167 131.149 -10.3996 95.4032 0.0270351 0.375417 -0.0226614 0.926184 
30.5201 131.792 -10.456 96.0704 0.0260852 0.371563 -0.0196664 0.927833 
30.6236 132.427 -10.5052 96.742 0.0276012 0.368015 -0.0178701 0.929238 
30.727 133.059 -10.5525 97.4193 0.0303312 0.364875 -0.0175213 0.930397 
30.8303 133.685 -10.6043 98.1044 0.0316427 0.362329 -0.0185079 0.931329 
30.9338 134.319 -10.66 98.7963 0.0306921 0.360206 -0.0167774 0.932217 
31.0373 134.954 -10.7155 99.4886 0.0294769 0.358601 -0.0145143 0.932913 
31.1428 135.601 -10.7714 100.196 0.0289446 0.357683 -0.0125984 0.933309 
31.2442 136.221 -10.82 100.879 0.0282832 0.357331 -0.0105011 0.93349 
31.3477 136.853 -10.8698 101.579 0.0275599 0.35715 -0.0102736 0.933584 
31.4513 137.484 -10.9183 102.28 0.026857 0.357262 -0.0106561 0.933557 
31.5556 138.121 -10.9687 102.985 0.0273073 0.357598 -0.011726 0.933403 
31.6617 138.768 -11.0181 103.701 0.0275149 0.35849 -0.013897 0.933024 
31.7632 139.39 -11.0653 104.383 0.0273939 0.359747 -0.015746 0.932515 
31.8659 140.021 -11.1151 105.073 0.0263638 0.361067 -0.0177619 0.931998 
31.9708 140.669 -11.1641 105.772 0.0255695 0.362708 -0.0185277 0.931368 
32.0741 141.31 -11.2153 106.457 0.0248861 0.364307 -0.0187459 0.930758 
32.1766 141.947 -11.2617 107.133 0.0230276 0.366001 -0.018712 0.930141 
32.2802 142.593 -11.3094 107.806 0.0229118 0.367886 -0.0167226 0.929438 
32.3826 143.23 -11.3597 108.465 0.0249554 0.369809 -0.0181194 0.928596 
32.4861 143.859 -11.4107 109.124 0.0288123 0.371952 -0.0223534 0.927535 
32.5899 144.499 -11.4626 109.784 0.0307432 0.374087 -0.0243595 0.926564 
32.6947 145.154 -11.5214 110.449 0.0274893 0.376554 -0.0246665 0.925658 
32.7966 145.79 -11.5785 111.096 0.0243493 0.378937 -0.0249493 0.924766 
32.9023 146.448 -11.6336 111.754 0.0229572 0.381264 -0.0252705 0.923835 
33.0034 147.083 -11.6826 112.378 0.0228442 0.383395 -0.0251023 0.922961 
33.1068 147.733 -11.7322 113.008 0.0231005 0.385421 -0.0241532 0.922135 
33.2116 148.396 -11.7842 113.639 0.0247099 0.387346 -0.022818 0.921321 
33.3147 149.052 -11.835 114.25 0.0266496 0.389589 -0.0218393 0.920344 
33.4171 149.707 -11.8835 114.843 0.0284261 0.392109 -0.0211632 0.919236 
33.5205 150.376 -11.9278 115.438 0.0286694 0.394637 -0.0214112 0.91814 
33.624 151.048 -11.9758 116.037 0.0282426 0.397238 -0.0223758 0.917008 
33.7278 151.727 -12.0241 116.634 0.0280544 0.400478 -0.0223162 0.915605 
33.8308 152.404 -12.072 117.222 0.028305 0.403912 -0.0237665 0.914051 
33.9346 153.086 -12.125 117.816 0.0293148 0.407662 -0.0268808 0.912266 
34.0379 153.774 -12.1793 118.399 0.0315956 0.411323 -0.0291748 0.910475 
34.1422 154.479 -12.2383 118.989 0.032456 0.415202 -0.0296285 0.908667 
34.2447 155.189 -12.299 119.566 0.0286156 0.419169 -0.028718 0.907002 
34.3481 155.913 -12.365 120.152 0.0222185 0.4234 -0.0292763 0.905197 
34.4516 156.645 -12.4265 120.725 0.0193568 0.427807 -0.0276552 0.903239 
34.5551 157.384 -12.4764 121.298 0.0179363 0.431904 -0.029609 0.901255 
34.6591 158.134 -12.5258 121.868 0.0194119 0.436495 -0.0294415 0.899015 
34.7647 158.906 -12.5837 122.432 0.0226983 0.440199 -0.0282065 0.89717 
34.8662 159.646 -12.6393 122.972 0.0271472 0.444045 -0.0301885 0.895084 
34.969 160.401 -12.7022 123.509 0.0301266 0.448279 -0.0292786 0.892906 
35.0749 161.195 -12.7776 124.064 0.0288665 0.452394 -0.0273946 0.89093 
35.1768 161.964 -12.8519 124.583 0.0275938 0.456354 -0.0245803 0.889031 
35.2795 162.729 -12.9194 125.091 0.0279156 0.459951 -0.0241135 0.887178 
35.3828 163.499 -12.9873 125.602 0.0282434 0.463561 -0.0236464 0.885299 
35.4863 164.27 -13.0553 126.114 0.0285669 0.467164 -0.023159 0.883406 
35.5897 165.042 -13.1223 126.604 0.0278281 0.469996 -0.020313 0.881996 
35.6932 165.801 -13.1829 127.092 0.0262548 0.472687 -0.019251 0.880629 
35.7965 166.553 -13.2395 127.577 0.0249868 0.475025 -0.0194728 0.879402 
35.9 167.292 -13.2998 128.052 0.0261481 0.477399 -0.0204882 0.878058 
36.006 168.047 -13.3643 128.527 0.028296 0.479363 -0.0213231 0.876901 
36.1082 168.764 -13.4243 128.979 0.0308244 0.480847 -0.02277 0.875967 
36.2103 169.476 -13.4846 129.429 0.0305765 0.482604 -0.024329 0.874966 
36.3137 170.193 -13.549 129.882 0.027981 0.484083 -0.0228796 0.874275 
36.4171 170.912 -13.6118 130.321 0.0251701 0.48537 -0.0195673 0.873728 
36.5205 171.621 -13.6712 130.752 0.0248135 0.486764 -0.0169466 0.873016 
36.624 172.321 -13.7281 131.175 0.0271195 0.488127 -0.0149035 0.872224 
36.7274 173.01 -13.7841 131.593 0.0293444 0.489256 -0.0154336 0.87151 
36.8307 173.686 -13.8451 132.007 0.0316763 0.490247 -0.0179571 0.870823 
36.9347 174.355 -13.9063 132.418 0.0348768 0.49128 -0.0211075 0.870047 
37.0404 175.035 -13.9638 132.827 0.0376345 0.492399 -0.0202332 0.86932 
37.141 175.69 -14.0183 133.218 0.0339585 0.493768 -0.0187848 0.868727 
37.2447 176.353 -14.0786 133.631 0.0257003 0.495614 -0.0187367 0.86796 
37.3479 177.007 -14.134 134.03 0.0200434 0.497307 -0.0203661 0.867104 
37.4514 177.652 -14.1809 134.412 0.020554 0.498387 -0.0211503 0.866453 
37.5548 178.294 -14.2229 134.778 0.0238988 0.499519 -0.0211072 0.865716 
37.6581 178.931 -14.2646 135.14 0.0250885 0.500764 -0.0212745 0.864959 
37.7617 179.557 -14.3126 135.505 0.0244596 0.502084 -0.0212035 0.864213 
37.8651 180.175 -14.3632 135.864 0.0234394 0.503475 -0.0211781 0.863432 
37.9686 180.78 -14.4126 136.217 0.0233107 0.504734 -0.0210607 0.862703 
38.0724 181.391 -14.4585 136.558 0.0242546 0.506198 -0.0207007 0.861827 
38.1761 181.99 -14.5031 136.891 0.0255029 0.508092 -0.0209963 0.860669 
38.2788 182.581 -14.5474 137.214 0.0263269 0.510196 -0.021678 0.859382 
38.3823 183.167 -14.591 137.533 0.0271272 0.512505 -0.0222612 0.857967 
38.4858 183.747 -14.631 137.844 0.0281016 0.514987 -0.023177 0.856424 
38.5893 184.328 -14.6715 138.15 0.0301145 0.517788 -0.0237583 0.854649 
38.6927 184.91 -14.7124 138.45 0.0321832 0.520849 -0.0241189 0.852701 
38.7963 185.503 -14.7551 138.753 0.0323305 0.523964 -0.0254071 0.850747 
38.8999 186.097 -14.7976 139.056 0.0309656 0.527163 -0.0273616 0.848759 
39.0032 186.702 -14.845 139.356 0.0297691 0.530269 -0.0289134 0.846813 
39.1069 187.317 -14.8937 139.65 0.029887 0.533262 -0.0293843 0.844911 
39.2104 187.939 -14.9426 139.942 0.0307436 0.536463 -0.0307191 0.842804 
39.3139 188.564 -14.9929 140.235 0.0315103 0.539895 -0.0333234 0.840482 
39.4174 189.198 -15.0391 140.527 0.0321226 0.543358 -0.0351299 0.83815 
39.5209 189.84 -15.0879 140.815 0.0323794 0.546633 -0.0364655 0.835951 
39.6243 190.496 -15.1458 141.098 0.0332315 0.549982 -0.0374922 0.833673 
39.728 191.167 -15.2055 141.381 0.033233 0.553279 -0.0385514 0.831439 
39.8313 191.845 -15.2638 141.654 0.0349391 0.556506 -0.0378112 0.829247 
39.9348 192.539 -15.3253 141.929 0.0352762 0.559688 -0.0369554 0.827127 
40.0383 193.245 -15.3882 142.204 0.0344169 0.563077 -0.0359612 0.824904 
40.1417 193.963 -15.452 142.481 0.0326314 0.566377 -0.0357255 0.822725 
40.2452 194.696 -15.5137 142.754 0.0308895 0.569379 -0.0342803 0.820779 
40.3505 195.46 -15.5731 143.026 0.0307066 0.571969 -0.0321328 0.81907 
40.4521 196.214 -15.6268 143.294 0.0285025 0.574421 -0.0303761 0.8175 
40.5561 196.986 -15.682 143.567 0.0262763 0.576921 -0.0285644 0.815877 
40.6602 197.772 -15.7403 143.834 0.0281917 0.579003 -0.0270856 0.814387 
40.7641 198.559 -15.7985 144.097 0.0323407 0.581076 -0.0287277 0.812699 
40.8659 199.339 -15.8543 144.35 0.039716 0.582842 -0.0307919 0.81103 
40.9694 200.145 -15.9244 144.607 0.0447645 0.584501 -0.0308826 0.809568 
41.0728 200.975 -16.0053 144.868 0.0452183 0.586381 -0.0275916 0.808301 
41.1768 201.824 -16.0886 145.13 0.0442964 0.588516 -0.0228708 0.806947 
41.2828 202.692 -16.176 145.398 0.0427933 0.59064 -0.0205859 0.805537 
41.3851 203.532 -16.2612 145.654 0.0441007 0.59253 -0.0237015 0.803991 
41.4868 204.367 -16.3387 145.908 0.0462091 0.594303 -0.0279209 0.802427 
41.5927 205.25 -16.4265 146.172 0.046122 0.596366 -0.0304052 0.80081 
41.6933 206.105 -16.5161 146.423 0.0424743 0.598716 -0.0298871 0.799276 
41.7967 206.982 -16.6098 146.678 0.0397844 0.601058 -0.0296538 0.797663 
41.9002 207.861 -16.6986 146.926 0.0398681 0.603303 -0.0305966 0.795927 
42.0036 208.747 -16.7844 147.171 0.041123 0.605283 -0.0323237 0.79429 
42.1069 209.644 -16.8739 147.407 0.0424383 0.607214 -0.0314397 0.792781 
42.2103 210.549 -16.9632 147.644 0.0435293 0.608904 -0.0300224 0.791479 
42.3138 211.462 -17.0544 147.881 0.0433826 0.610529 -0.0290735 0.79027 
42.4176 212.381 -17.1439 148.115 0.044077 0.611977 -0.0281548 0.789144 
42.5206 213.3 -17.2338 148.348 0.0435977 0.613118 -0.0277824 0.788298 
42.624 214.227 -17.3224 148.583 0.0425429 0.614275 -0.0277821 0.787455 
42.7274 215.157 -17.4111 148.815 0.0417515 0.615339 -0.0271921 0.786687 
42.8307 216.084 -17.5003 149.049 0.0400041 0.616405 -0.0287527 0.785887 
42.9342 217.009 -17.5891 149.278 0.0404213 0.617051 -0.0299619 0.785313 
43.0374 217.934 -17.6777 149.504 0.0405412 0.617758 -0.0305031 0.78473 
43.1408 218.86 -17.7686 149.726 0.0409348 0.618563 -0.0306271 0.78407 
43.2447 219.794 -17.8589 149.95 0.0397912 0.619141 -0.0297881 0.783705 
43.3476 220.72 -17.9462 150.166 0.0399324 0.61965 -0.0282834 0.783352 
43.4509 221.645 -18.0341 150.382 0.0384498 0.620366 -0.0266651 0.782915 
43.5552 222.574 -18.1204 150.6 0.0396416 0.620973 -0.0281896 0.782321 
43.6603 223.507 -18.2085 150.814 0.0411978 0.621681 -0.0297268 0.781621 
43.7623 224.412 -18.2936 151.022 0.0427603 0.622351 -0.0312465 0.780945 
43.8653 225.328 -18.3864 151.232 0.0423854 0.623435 -0.0318177 0.780077 
43.9714 226.273 -18.4808 151.446 0.04026 0.624634 -0.0311286 0.779258 
44.0716 227.168 -18.5675 151.643 0.0379218 0.625952 -0.0290235 0.778398 
44.1768 228.104 -18.6551 151.845 0.0366182 0.627486 -0.0275961 0.777276 
44.2787 229.006 -18.7366 152.038 0.0363075 0.629041 -0.0283214 0.776007 
44.3821 229.919 -18.8165 152.23 0.0369408 0.630681 -0.0288727 0.774625 
44.4857 230.838 -18.8938 152.418 0.0369043 0.63219 -0.0289412 0.773392 
44.5891 231.759 -18.9699 152.603 0.0366099 0.633903 -0.0287838 0.772009 
44.693 232.69 -19.0411 152.786 0.0363672 0.635502 -0.0282097 0.770726 
44.7968 233.615 -19.1149 152.965 0.0357905 0.637047 -0.0284314 0.769468 
44.8996 234.53 -19.187 153.14 0.0354128 0.63863 -0.0292581 0.768141 
45.0031 235.449 -19.2612 153.313 0.0347175 0.640158 -0.0303454 0.766859 
45.1071 236.379 -19.3337 153.478 0.0335876 0.641763 -0.0309757 0.765541 
45.2099 237.29 -19.4101 153.642 0.0321862 0.643145 -0.0328264 0.764363 
45.3135 238.2 -19.4956 153.803 0.0320758 0.644468 -0.0359169 0.763113 
45.4169 239.105 -19.5793 153.959 0.0331725 0.645626 -0.038668 0.761952 
45.5204 240.019 -19.6644 154.11 0.0331751 0.646916 -0.0397902 0.760799 
45.6237 240.934 -19.7526 154.256 0.0315149 0.648246 -0.0394737 0.759753 
45.7272 241.85 -19.84 154.398 0.0301689 0.649604 -0.038112 0.758717 
45.8306 242.763 -19.9238 154.535 0.0291957 0.650834 -0.0370168 0.757755 
45.9339 243.669 -20.0043 154.668 0.0292692 0.652127 -0.0362706 0.756675 
46.0374 244.576 -20.0839 154.798 0.0295104 0.653453 -0.0361458 0.755527 
46.1408 245.474 -20.164 154.924 0.029917 0.655005 -0.0370583 0.754122 
46.2442 246.368 -20.2453 155.041 0.0306599 0.65677 -0.0380658 0.752505 
46.3477 247.273 -20.3235 155.145 0.0325495 0.658844 -0.0336441 0.750822 
46.4511 248.174 -20.4038 155.252 0.030601 0.660536 -0.0316691 0.749502 
46.5545 249.07 -20.482 155.358 0.0308348 0.6626 -0.0320868 0.74765 
46.658 249.955 -20.5575 155.453 0.0367895 0.663932 -0.035409 0.746047 
46.7614 250.834 -20.6346 155.542 0.0424984 0.665732 -0.0393824 0.743938 
46.865 251.726 -20.7197 155.633 0.0425878 0.667782 -0.0412008 0.741995 
46.9682 252.621 -20.8061 155.721 0.0384802 0.669894 -0.0406944 0.740341 
47.0718 253.514 -20.8945 155.806 0.0350577 0.671885 -0.0392154 0.738785 
47.1752 254.402 -20.9822 155.881 0.0329721 0.673893 -0.0385798 0.737084 
47.2785 255.282 -21.0652 155.956 0.0313473 0.676175 -0.0398444 0.734994 
47.382 256.162 -21.1449 156.025 0.0290754 0.678796 -0.0406751 0.732622 
47.4855 257.043 -21.2238 156.09 0.0260905 0.681528 -0.0405296 0.730203 
47.5889 257.92 -21.3023 156.145 0.0238819 0.684237 -0.0399313 0.727774 
47.6923 258.791 -21.3755 156.185 0.0261843 0.686651 -0.039303 0.725452 
47.7958 259.66 -21.442 156.224 0.0282917 0.688918 -0.0400482 0.723179 
47.8992 260.527 -21.5112 156.258 0.0298218 0.691345 -0.040045 0.720798 
48.0026 261.399 -21.5842 156.288 0.0291622 0.693692 -0.0396494 0.718588 
48.1059 262.272 -21.6535 156.316 0.0275926 0.69599 -0.0389196 0.716465 
48.2093 263.14 -21.7264 156.332 0.0282115 0.698191 -0.0377501 0.714358 
48.3128 264.006 -21.7966 156.345 0.0296689 0.70001 -0.0378442 0.712513 
48.4161 264.866 -21.8671 156.357 0.0308051 0.701608 -0.0393676 0.710807 
48.5195 265.729 -21.9412 156.362 0.032236 0.702858 -0.0389816 0.70953 
48.6229 266.594 -22.0171 156.36 0.0336283 0.703788 -0.0367643 0.70866 
48.7261 267.459 -22.0933 156.36 0.0333697 0.704511 -0.0352241 0.708033 
48.8294 268.321 -22.1675 156.353 0.0334808 0.70523 -0.0339558 0.707373 
48.9328 269.183 -22.2424 156.349 0.0337403 0.705879 -0.0328899 0.706764 
49.0361 270.039 -22.3169 156.344 0.0351767 0.706211 -0.03273 0.706369 
49.1394 270.893 -22.3923 156.341 0.03632 0.706407 -0.032603 0.706121 
49.2428 271.744 -22.4694 156.334 0.0381488 0.70624 -0.0319156 0.706223 
49.3466 272.588 -22.5527 156.33 0.0391502 0.705873 -0.0315714 0.706551 
49.4522 273.437 -22.6373 156.328 0.0397276 0.705387 -0.0311373 0.707023 
49.553 274.241 -22.7174 156.328 0.04036 0.704758 -0.0303228 0.707649 
49.6566 275.056 -22.798 156.33 0.0402953 0.703931 -0.0295557 0.708508 
49.7596 275.862 -22.8778 156.336 0.0398212 0.703033 -0.0284382 0.709471 
49.8635 276.666 -22.9548 156.345 0.0387826 0.701971 -0.027326 0.710624 
49.9663 277.448 -23.0296 156.36 0.0375105 0.700796 -0.0265569 0.71188 
50.0693 278.224 -23.1017 156.378 0.0361903 0.69954 -0.0263939 0.713188 
50.1727 278.986 -23.172 156.403 0.0347597 0.698146 -0.0281212 0.714558 
50.2761 279.738 -23.2384 156.429 0.0343133 0.696749 -0.0294647 0.715888 
50.3793 280.481 -23.3017 156.455 0.0344625 0.695264 -0.0294419 0.717323 
50.4837 281.22 -23.3673 156.485 0.0331259 0.693989 -0.0287784 0.718647 
50.5866 281.938 -23.4319 156.52 0.0313577 0.692873 -0.0282359 0.719824 
50.691 282.651 -23.496 156.56 0.0294205 0.691516 -0.0287215 0.72119 
50.7934 283.338 -23.5516 156.594 0.0308258 0.690072 -0.0284372 0.722524 
50.8962 284.012 -23.6105 156.634 0.0311699 0.688659 -0.0289945 0.723834 
50.9996 284.675 -23.6696 156.676 0.0317562 0.68741 -0.0298669 0.72496 
51.103 285.328 -23.7268 156.717 0.0323393 0.686252 -0.0310203 0.725983 
51.2063 285.967 -23.7813 156.762 0.0312633 0.685086 -0.0323529 0.727071 
51.3097 286.594 -23.8345 156.807 0.0307117 0.683889 -0.0332085 0.728183 
51.4136 287.209 -23.8902 156.852 0.0306491 0.682574 -0.0340548 0.729379 
51.5169 287.811 -23.9434 156.898 0.0295512 0.681501 -0.0337607 0.73044 
51.6223 288.411 -23.9958 156.943 0.0302184 0.680147 -0.0345879 0.731636 
51.7234 288.975 -24.0463 156.992 0.0300613 0.679095 -0.0365488 0.732523 
51.8268 289.549 -24.1017 157.042 0.0294113 0.678148 -0.037022 0.733402 
51.9301 290.11 -24.1512 157.089 0.0287071 0.676925 -0.0371207 0.734555 
52.0335 290.66 -24.1967 157.134 0.0283995 0.67582 -0.0375539 0.735561 
52.1369 291.199 -24.24 157.18 0.0283654 0.674737 -0.0375932 0.736554 
52.2404 291.728 -24.2819 157.229 0.0286657 0.673572 -0.0384243 0.737565 
52.3437 292.249 -24.3219 157.277 0.028622 0.672614 -0.0388762 0.738417 
52.4471 292.76 -24.3612 157.324 0.0294604 0.671685 -0.0388494 0.739231 
52.5505 293.259 -24.4049 157.372 0.0297064 0.670835 -0.0397635 0.739944 
52.6546 293.753 -24.4477 157.421 0.0298305 0.670218 -0.040453 0.740461 
52.7575 294.237 -24.4915 157.468 0.0301551 0.669641 -0.0411911 0.740928 
52.8609 294.725 -24.5375 157.517 0.0304281 0.669238 -0.0417742 0.741248 
52.9643 295.21 -24.585 157.567 0.0309293 0.669199 -0.0416806 0.741269 
53.0678 295.702 -24.6331 157.617 0.0309195 0.669391 -0.0420349 0.741075 
53.1712 296.199 -24.6782 157.669 0.0300594 0.669757 -0.0423437 0.740763 
53.2747 296.701 -24.7233 157.72 0.0293754 0.670311 -0.0421694 0.740298 
53.3781 297.209 -24.7706 157.765 0.0302809 0.671031 -0.0418349 0.739628 
53.4815 297.72 -24.8217 157.809 0.032563 0.671718 -0.0420567 0.738895 
53.5851 298.24 -24.8749 157.848 0.0356766 0.672296 -0.0414411 0.73826 
53.6885 298.768 -24.9237 157.889 0.0386233 0.673075 -0.042304 0.737353 
53.7921 299.311 -24.9696 157.936 0.0395819 0.673896 -0.0438953 0.736458 
53.8955 299.866 -25.0205 157.98 0.0396506 0.674682 -0.0439108 0.735733 
53.999 300.433 -25.085 158.017 0.0402053 0.675392 -0.0413787 0.735199 
54.1024 301.013 -25.1505 158.047 0.041188 0.675998 -0.0362062 0.73486 
54.2059 301.599 -25.2132 158.088 0.0415831 0.676774 -0.0357506 0.734146 
54.3094 302.189 -25.2748 158.142 0.0412476 0.677775 -0.0385452 0.733099 
54.4127 302.79 -25.3387 158.193 0.0408098 0.678462 -0.0400809 0.732405 
54.5163 303.409 -25.4027 158.231 0.0419316 0.678951 -0.0376302 0.732019 
54.6197 304.038 -25.4672 158.268 0.0434087 0.679409 -0.0356432 0.731607 
54.7232 304.681 -25.532 158.31 0.0433642 0.68008 -0.0352203 0.731006 
54.8266 305.333 -25.5982 158.359 0.0425964 0.680961 -0.0370634 0.73014 
54.93 305.995 -25.6622 158.406 0.0419908 0.681665 -0.0383481 0.729451 
55.0335 306.666 -25.7247 158.447 0.0435509 0.682101 -0.0398942 0.728869 
55.137 307.349 -25.795 158.484 0.0444738 0.682738 -0.0400759 0.728206 
55.2404 308.049 -25.8682 158.532 0.0427486 0.683399 -0.041001 0.727638 
55.3437 308.748 -25.9413 158.58 0.0409732 0.684053 -0.0419243 0.727073 
55.447 309.457 -26.0169 158.624 0.0413936 0.684788 -0.0427748 0.726307 
55.5506 310.175 -26.0961 158.661 0.0440798 0.685258 -0.0430668 0.725688 
55.654 310.897 -26.1748 158.698 0.0469217 0.685692 -0.0447241 0.724999 
55.7575 311.633 -26.2545 158.739 0.0483779 0.686089 -0.0461603 0.724438 
55.8607 312.381 -26.3409 158.771 0.0488813 0.68639 -0.0437062 0.724272 
55.9642 313.14 -26.4318 158.802 0.0483243 0.686842 -0.039842 0.724103 
56.0675 313.905 -26.5205 158.834 0.0484397 0.687348 -0.037935 0.723717 
56.1709 314.676 -26.6079 158.868 0.0496732 0.687763 -0.0375937 0.723257 
56.2743 315.454 -26.6938 158.903 0.0506096 0.68799 -0.0380398 0.722953 
56.3777 316.241 -26.7802 158.939 0.0513666 0.688168 -0.0379332 0.722736 
56.4811 317.037 -26.8707 158.976 0.0511701 0.688149 -0.0374617 0.722793 
56.5844 317.844 -26.9632 159.013 0.0507455 0.687879 -0.0366117 0.723123 
56.6877 318.653 -27.0555 159.053 0.0506312 0.687524 -0.0360819 0.723495 
56.791 319.478 -27.1455 159.097 0.050112 0.687087 -0.0355944 0.723971 
56.8944 320.302 -27.2354 159.14 0.0495834 0.686655 -0.0351162 0.72444 
56.9977 321.139 -27.3266 159.185 0.0495206 0.685959 -0.0342224 0.725146 
57.101 321.983 -27.4181 159.232 0.0495611 0.685243 -0.0332065 0.725867 
57.2044 322.834 -27.5086 159.282 0.0496737 0.684557 -0.032879 0.726521 
57.3076 323.691 -27.599 159.332 0.0503319 0.683596 -0.0325691 0.727394 
57.4109 324.557 -27.6894 159.385 0.0504948 0.682548 -0.0316314 0.728407 
57.5142 325.435 -27.7821 159.443 0.050752 0.681519 -0.0307119 0.729392 
57.6175 326.313 -27.8748 159.501 0.0510089 0.680487 -0.029803 0.730374 
57.7208 327.199 -27.9679 159.562 0.0514459 0.67937 -0.0297949 0.731383 
57.8241 328.093 -28.0628 159.622 0.0521963 0.678258 -0.0296778 0.732367 
57.9274 328.988 -28.1579 159.689 0.0524197 0.677156 -0.030239 0.733347 
58.0306 329.888 -28.2578 159.763 0.0518601 0.676114 -0.0315709 0.734291 
58.1339 330.789 -28.3586 159.837 0.0517503 0.675166 -0.0324999 0.73513 
58.2372 331.697 -28.4599 159.915 0.0511152 0.674376 -0.0334596 0.735857 
58.3405 332.606 -28.5625 159.993 0.0503775 0.673795 -0.0330182 0.736459 
58.4438 333.518 -28.6664 160.074 0.0495716 0.673166 -0.0320763 0.73713 
58.5471 334.431 -28.7719 160.159 0.0485252 0.672742 -0.0311416 0.737627 
58.6504 335.346 -28.8735 160.242 0.0492751 0.672335 -0.0307698 0.737964 
58.7537 336.259 -28.9721 160.328 0.0501578 0.672004 -0.030718 0.738208 
58.8571 337.175 -29.0711 160.413 0.0501242 0.671755 -0.0308465 0.738432 
58.9604 338.088 -29.1731 160.502 0.0482557 0.671753 -0.0310599 0.738549 
59.0637 338.998 -29.2752 160.587 0.0464571 0.671742 -0.0313594 0.738661 
59.1671 339.906 -29.3751 160.67 0.0463905 0.671611 -0.0323876 0.738741 
59.2705 340.808 -29.4769 160.751 0.0469143 0.671558 -0.0330043 0.738728 
59.3739 341.712 -29.5778 160.834 0.0468583 0.671455 -0.0332027 0.738817 
59.4772 342.616 -29.6802 160.912 0.0465709 0.671435 -0.0339492 0.738819 
59.5805 343.521 -29.7802 160.989 0.0468971 0.671384 -0.0339265 0.738846 
59.6838 344.424 -29.8776 161.067 0.046631 0.671259 -0.03398 0.738974 
59.7872 345.328 -29.9777 161.145 0.0466399 0.671204 -0.0332293 0.739057 
59.8904 346.224 -30.0771 161.227 0.0463249 0.671074 -0.0336999 0.739174 
59.9937 347.117 -30.1775 161.308 0.0475893 0.670996 -0.0348967 0.739109 
60.097 348.01 -30.2757 161.391 0.0490628 0.670584 -0.0338784 0.739433 
60.2003 348.906 -30.3755 161.474 0.0489003 0.670216 -0.0319009 0.739866 
60.3036 349.806 -30.4741 161.556 0.0489833 0.669559 -0.030348 0.740521 
60.4068 350.698 -30.5695 161.637 0.0517613 0.668445 -0.0299666 0.741353 
60.51 351.59 -30.665 161.718 0.0545399 0.667319 -0.029578 0.742184 
60.6133 352.483 -30.7603 161.798 0.0573923 0.666181 -0.0292064 0.743005 
60.7167 353.378 -30.8605 161.884 0.0576189 0.665018 -0.0279969 0.744075 
60.8199 354.273 -30.961 161.969 0.058484 0.663773 -0.0277285 0.745128 
60.9233 355.17 -31.0557 162.053 0.0590957 0.662562 -0.0278227 0.746154 
61.0266 356.066 -31.1498 162.144 0.0597061 0.661242 -0.0281512 0.747263 
61.1299 356.966 -31.2442 162.24 0.0576703 0.659853 -0.0266963 0.748702 
61.2332 357.863 -31.3427 162.346 0.0554692 0.658309 -0.0263289 0.75024 
61.3364 358.764 -31.4323 162.448 0.0545655 0.656505 -0.0265284 0.751878 
61.4398 359.667 -31.522 162.55 0.0536618 0.654686 -0.0267323 0.75352 
61.5431 360.574 -31.6099 162.654 0.0527383 0.65263 -0.0269271 0.755359 
61.6464 361.476 -31.6996 162.769 0.0524473 0.650233 -0.027322 0.75743 
61.7498 362.376 -31.7918 162.896 0.0522907 0.647471 -0.0282492 0.759769 
61.853 363.272 -31.8846 163.035 0.0520893 0.644112 -0.0292268 0.762595 
61.9563 364.169 -31.9774 163.173 0.0518976 0.640741 -0.030207 0.765405 
62.0595 365.063 -32.0726 163.323 0.0516747 0.637055 -0.0308008 0.768467 
62.1629 365.955 -32.1686 163.485 0.0512388 0.633417 -0.031189 0.771482 
62.2662 366.841 -32.2655 163.659 0.0508267 0.629737 -0.0317207 0.774495 
62.3694 367.727 -32.3655 163.851 0.0501152 0.626254 -0.0321853 0.77734 
62.4728 368.601 -32.467 164.049 0.049675 0.622959 -0.0324616 0.780001 
62.5762 369.477 -32.5639 164.26 0.0489702 0.620193 -0.0329288 0.782226 
62.6794 370.349 -32.6582 164.475 0.0487381 0.617825 -0.0333352 0.784095 
62.7828 371.22 -32.7525 164.696 0.0486003 0.615741 -0.0339778 0.785714 
62.8862 372.093 -32.8487 164.916 0.0482777 0.613877 -0.0340356 0.787189 
62.9895 372.964 -32.9496 165.139 0.0480315 0.611995 -0.0343804 0.788652 
63.0929 373.842 -33.049 165.362 0.0479988 0.610198 -0.0342483 0.790051 
63.1962 374.72 -33.1473 165.591 0.0482012 0.608355 -0.0343457 0.791455 
63.2996 375.6 -33.2471 165.827 0.0480729 0.606627 -0.0343314 0.792789 
63.4028 376.477 -33.3484 166.067 0.0474771 0.604784 -0.0338432 0.794253 
63.5062 377.357 -33.4519 166.315 0.0464469 0.602967 -0.0337466 0.795698 
63.6095 378.23 -33.552 166.566 0.0457223 0.601088 -0.0327871 0.7972 
63.7128 379.096 -33.6515 166.828 0.044939 0.599227 -0.0321321 0.798671 
63.8161 379.948 -33.7507 167.093 0.0444595 0.597437 -0.0321114 0.800038 
63.9194 380.802 -33.8501 167.357 0.0440107 0.595636 -0.0321377 0.801404 
64.0226 381.646 -33.9495 167.622 0.0447322 0.593615 -0.0338339 0.802792 
64.1259 382.48 -34.0517 167.898 0.0451498 0.591687 -0.0356195 0.804114 
64.2291 383.318 -34.1504 168.172 0.0447519 0.589941 -0.0360915 0.805397 
64.3324 384.156 -34.2486 168.449 0.0421951 0.588636 -0.0354571 0.806517 
64.4357 384.986 -34.3489 168.731 0.0397071 0.587688 -0.0356712 0.807325 
64.5391 385.808 -34.4491 169.014 0.0384717 0.587007 -0.0375643 0.807794 
64.6423 386.621 -34.544 169.293 0.0397448 0.586533 -0.039811 0.80797 
64.7457 387.435 -34.639 169.573 0.041037 0.586056 -0.0420706 0.808136 
64.8491 388.247 -34.7378 169.856 0.0403946 0.58584 -0.0427335 0.80829 
64.9523 389.052 -34.8365 170.138 0.0374305 0.585842 -0.0423609 0.808452 
65.0556 389.858 -34.9354 170.42 0.0344467 0.585831 -0.0419868 0.808611 
65.1588 390.651 -35.0312 170.695 0.0331723 0.585858 -0.0418149 0.808654 
65.2621 391.44 -35.1214 170.968 0.0332804 0.586018 -0.0415399 0.808548 
65.3655 392.227 -35.2106 171.238 0.0338514 0.586221 -0.0418034 0.808364 
65.4688 393.015 -35.2982 171.504 0.0341687 0.586373 -0.0421594 0.808222 
65.572 393.816 -35.3781 171.762 0.0349766 0.586637 -0.038857 0.808161 
65.6754 394.616 -35.4595 172.02 0.0349463 0.586644 -0.0381398 0.808191 
65.7787 395.404 -35.543 172.284 0.035459 0.586906 -0.03891 0.807942 
65.882 396.19 -35.623 172.539 0.0385086 0.586862 -0.0399285 0.807784 
65.9852 396.979 -35.7099 172.796 0.0415683 0.586719 -0.0407785 0.807694 
66.0885 397.78 -35.7999 173.064 0.0395772 0.587177 -0.0407895 0.807461 
66.1917 398.586 -35.8911 173.332 0.038361 0.587314 -0.0396024 0.807479 
66.2951 399.394 -35.9874 173.603 0.0381973 0.587431 -0.0399441 0.807385 
66.3984 400.205 -36.0816 173.874 0.0387499 0.587424 -0.0404197 0.80734 
66.5037 401.042 -36.1729 174.146 0.0409622 0.587218 -0.040732 0.807365 
66.605 401.857 -36.2614 174.411 0.0416489 0.587148 -0.0408639 0.807374 
66.7121 402.726 -36.3599 174.699 0.0409561 0.587155 -0.0403356 0.807431 
66.8115 403.54 -36.4565 174.97 0.0400868 0.587071 -0.0391258 0.807595 
66.9148 404.387 -36.5599 175.252 0.0410905 0.586925 -0.0381836 0.807696 
67.0182 405.239 -36.6582 175.53 0.0430481 0.586616 -0.0368167 0.807882 
67.1224 406.099 -36.7613 175.812 0.0446984 0.586293 -0.0355235 0.808084 
67.2247 406.952 -36.8606 176.092 0.0446618 0.585866 -0.0338844 0.808467 
67.328 407.81 -36.9606 176.37 0.0470498 0.585212 -0.0317615 0.808891 
67.4314 408.665 -37.0572 176.655 0.0480603 0.584651 -0.0299242 0.809307 
67.5346 409.522 -37.1487 176.947 0.0460485 0.584582 -0.0297601 0.80948 
67.638 410.381 -37.2373 177.246 0.0421546 0.584617 -0.0287533 0.809703 
67.7412 411.238 -37.3234 177.532 0.0417184 0.584264 -0.0277812 0.810014 
67.8445 412.093 -37.4068 177.816 0.0416589 0.584065 -0.027642 0.810166 
67.9477 412.944 -37.4917 178.092 0.0434232 0.583854 -0.0285221 0.810195 
68.0512 413.801 -37.5727 178.362 0.0446815 0.583435 -0.0285444 0.810428 
68.1549 414.658 -37.6619 178.636 0.0448512 0.5831 -0.0274397 0.810697 
68.2577 415.502 -37.7491 178.907 0.0441885 0.582878 -0.0258558 0.810945 
68.361 416.343 -37.8326 179.178 0.0435155 0.582843 -0.0256415 0.811013 
68.4643 417.168 -37.9166 179.45 0.0431761 0.582967 -0.0262981 0.810921 
68.5678 417.987 -38.001 179.722 0.0431138 0.583089 -0.0265903 0.810827 
68.6709 418.797 -38.0822 179.986 0.0426861 0.58333 -0.0253173 0.810718 
68.7747 419.609 -38.1583 180.246 0.0418371 0.583751 -0.0242504 0.810492 
68.8776 420.401 -38.2331 180.499 0.0409415 0.58421 -0.0238044 0.810219 
68.981 421.185 -38.306 180.748 0.0412326 0.584701 -0.0233815 0.809863 
69.0842 421.959 -38.3748 180.989 0.0427229 0.585148 -0.0233065 0.809465 
69.1876 422.724 -38.4443 181.23 0.0444137 0.585663 -0.0249464 0.808952 
69.291 423.474 -38.5222 181.472 0.0459326 0.58616 -0.0268926 0.808445 
69.3944 424.225 -38.6002 181.715 0.0474782 0.586659 -0.0288868 0.807925 
69.4975 424.971 -38.6818 181.953 0.0478343 0.587031 -0.0290349 0.807628 
69.6009 425.714 -38.7654 182.192 0.0456873 0.58774 -0.028046 0.807272 
69.7045 426.455 -38.8458 182.427 0.0435225 0.588283 -0.026634 0.807044 
69.808 427.191 -38.9186 182.655 0.0436529 0.588593 -0.0256478 0.806843 
69.9109 427.917 -38.9893 182.878 0.044595 0.588833 -0.0252524 0.806628 
70.0142 428.639 -39.0608 183.104 0.0455603 0.588882 -0.0259136 0.806517 
70.118 429.365 -39.1322 183.331 0.0460905 0.588926 -0.0262222 0.806445 
70.2216 430.088 -39.2018 183.557 0.0468583 0.588913 -0.0256572 0.806429 
70.3243 430.805 -39.2666 183.783 0.0477503 0.58882 -0.0255765 0.806447 
70.4296 431.542 -39.3291 184.015 0.0479904 0.588873 -0.0254851 0.806397 
70.5309 432.252 -39.3855 184.242 0.048743 0.588752 -0.0265865 0.806404 
70.6343 432.978 -39.4457 184.476 0.0489795 0.588719 -0.0262117 0.806427 
70.738 433.71 -39.5154 184.706 0.0483514 0.58856 -0.0258497 0.806592 
70.842 434.444 -39.5861 184.937 0.0480884 0.58818 -0.024975 0.806913 
70.9464 435.177 -39.6556 185.168 0.0473871 0.587597 -0.0243223 0.807398 
71.0493 435.894 -39.7268 185.397 0.0468332 0.586943 -0.023513 0.80793 
71.1512 436.593 -39.8019 185.625 0.0462785 0.586268 -0.0231282 0.808463 
71.2554 437.295 -39.88 185.858 0.0460236 0.585443 -0.0238864 0.809053 
71.3597 437.987 -39.9618 186.095 0.0460206 0.584624 -0.0247542 0.80962 
71.4621 438.658 -40.037 186.322 0.0462496 0.583738 -0.0251035 0.810235 
71.5645 439.318 -40.1152 186.55 0.045722 0.582953 -0.0254282 0.810819 
71.668 439.976 -40.1934 186.775 0.0447352 0.582442 -0.025499 0.81124 
71.772 440.629 -40.2669 186.999 0.0436252 0.581997 -0.0254591 0.811621 
71.8747 441.258 -40.333 187.211 0.0435248 0.581517 -0.025533 0.811968 
71.9779 441.889 -40.3994 187.423 0.0434263 0.581035 -0.025605 0.812315 
72.0844 442.524 -40.4691 187.639 0.0435633 0.580573 -0.0254255 0.812644 
72.1847 443.112 -40.5317 187.838 0.0436606 0.580049 -0.0250835 0.813024 
72.288 443.71 -40.5899 188.041 0.0440127 0.579519 -0.0244255 0.813403 
72.3941 444.311 -40.651 188.247 0.0440613 0.579009 -0.0246092 0.813758 
72.4951 444.871 -40.7127 188.44 0.0439158 0.57854 -0.0250296 0.814086 
72.6015 445.449 -40.7768 188.642 0.0437366 0.578075 -0.0253226 0.814417 
72.7014 445.983 -40.8362 188.827 0.0437255 0.577642 -0.0254058 0.814722 
72.8048 446.526 -40.8936 189.016 0.0437158 0.57724 -0.0254766 0.815005 
72.9082 447.056 -40.9472 189.201 0.0430267 0.576945 -0.0257041 0.815244 
73.0116 447.578 -41.0029 189.385 0.0421266 0.5767 -0.0257982 0.815461 
73.1149 448.091 -41.0568 189.564 0.0415061 0.576393 -0.0257062 0.815713 
73.2182 448.591 -41.111 189.74 0.0417605 0.576094 -0.0252679 0.815925 
73.3222 449.082 -41.1651 189.913 0.0424732 0.575791 -0.0254478 0.816097 
73.4251 449.551 -41.2224 190.081 0.04326 0.575536 -0.0267918 0.816191 
73.5285 450.015 -41.2784 190.249 0.0439305 0.575233 -0.0281379 0.816324 
73.6328 450.474 -41.334 190.415 0.0447007 0.574787 -0.0287917 0.816574 
73.7353 450.916 -41.3848 190.57 0.0457208 0.574444 -0.0284285 0.816772 
73.8386 451.353 -41.4312 190.721 0.0461301 0.574207 -0.0280349 0.816929 
73.942 451.776 -41.4778 190.871 0.0453791 0.574523 -0.0276472 0.816762 
74.0454 452.189 -41.5232 191.019 0.0441465 0.575038 -0.0277977 0.816461 
74.1507 452.596 -41.5703 191.161 0.0436714 0.575614 -0.0276346 0.816087 
74.2523 452.975 -41.6161 191.293 0.0434324 0.57617 -0.0274254 0.815714 
74.3557 453.348 -41.6627 191.424 0.0434027 0.576677 -0.0271627 0.815366 
74.4591 453.71 -41.7039 191.55 0.0430859 0.577085 -0.0271769 0.815094 
74.5625 454.056 -41.7471 191.673 0.0428978 0.577517 -0.026776 0.814811 
74.6659 454.402 -41.7902 191.795 0.0427091 0.577949 -0.0263752 0.814528 
74.7693 454.731 -41.8346 191.911 0.0426116 0.578397 -0.0259544 0.814228 
74.8728 455.047 -41.879 192.029 0.0421917 0.578876 -0.026105 0.813905 
74.9761 455.354 -41.9151 192.142 0.0415525 0.57931 -0.0266626 0.813611 
75.0795 455.653 -41.9495 192.247 0.0411198 0.57973 -0.0270553 0.81332 
75.1829 455.946 -41.9762 192.344 0.0413018 0.580239 -0.0269095 0.812953 
75.2863 456.226 -42.007 192.441 0.0419945 0.580643 -0.0267693 0.812633 
75.3895 456.505 -42.0335 192.534 0.0428049 0.580876 -0.0269194 0.81242 
75.4929 456.78 -42.0601 192.63 0.0430437 0.581013 -0.0270083 0.812306 
75.5963 457.05 -42.0898 192.728 0.0425917 0.580927 -0.0270729 0.81239 
75.6997 457.319 -42.1196 192.826 0.0421391 0.580798 -0.0271611 0.812503 
75.803 457.585 -42.1487 192.922 0.0416864 0.580372 -0.0274124 0.812822 
75.9063 457.848 -42.1783 193.016 0.0411699 0.579837 -0.0278214 0.813216 
76.0095 458.11 -42.2011 193.112 0.0407577 0.579037 -0.0283344 0.813789 
76.1129 458.373 -42.223 193.207 0.0407391 0.577813 -0.0284558 0.814655 
76.2162 458.634 -42.2459 193.307 0.0409623 0.575948 -0.0283554 0.815967 
76.3195 458.897 -42.2732 193.411 0.0410944 0.573446 -0.0281756 0.817727 
76.4226 459.157 -42.3021 193.522 0.0411718 0.570163 -0.0286542 0.819999 
76.5267 459.428 -42.3298 193.64 0.0410002 0.56595 -0.0294341 0.822893 
76.6289 459.698 -42.358 193.76 0.0411719 0.561324 -0.0300004 0.826027 
76.7323 459.97 -42.3882 193.884 0.0415442 0.556057 -0.0299394 0.829565 
76.8354 460.249 -42.4164 194.018 0.0412 0.5496 -0.0304683 0.833855 
76.9389 460.532 -42.4452 194.166 0.0409487 0.54227 -0.0317643 0.838604 
77.0418 460.816 -42.47 194.32 0.0405289 0.534141 -0.0332544 0.843768 
77.1449 461.091 -42.4946 194.472 0.0412451 0.525336 -0.0339398 0.849217 
77.2481 461.37 -42.5216 194.632 0.0421049 0.516266 -0.0349967 0.854677 
77.3514 461.646 -42.5521 194.797 0.0426315 0.506824 -0.0354973 0.860263 
77.4545 461.903 -42.5803 194.967 0.0417769 0.497179 -0.0378243 0.865816 
77.5579 462.159 -42.6007 195.14 0.0421295 0.489925 -0.0402718 0.869814 
77.6613 462.41 -42.6202 195.309 0.0412584 0.487447 -0.0437806 0.871078 
77.7649 462.656 -42.6418 195.468 0.0408537 0.487809 -0.045001 0.870832 
77.8686 462.9 -42.6619 195.613 0.0406992 0.490081 -0.045699 0.869526 
77.9722 463.135 -42.6833 195.744 0.0407963 0.49481 -0.0457765 0.866835 
78.0758 463.375 -42.6945 195.865 0.0416435 0.50141 -0.0448307 0.863044 
78.1794 463.586 -42.7001 195.962 0.0427844 0.508503 -0.0434369 0.858899 
78.283 463.853 -42.7195 196.075 0.043971 0.517384 -0.0417322 0.853603 
78.3868 464.101 -42.7371 196.177 0.0444316 0.526938 -0.0409478 0.847753 
78.4904 464.354 -42.7505 196.274 0.0445649 0.536649 -0.0407674 0.841641 
78.5939 464.604 -42.7634 196.364 0.0442876 0.546253 -0.0407591 0.835455 
78.6976 464.87 -42.7845 196.458 0.0441653 0.55536 -0.0401501 0.829465 
78.801 465.139 -42.8119 196.551 0.045172 0.563594 -0.0386012 0.823912 
78.9043 465.402 -42.8386 196.635 0.0465092 0.570852 -0.0366535 0.818915 
79.0077 465.675 -42.8732 196.717 0.0472528 0.577464 -0.0354772 0.814275 
79.1142 465.949 -42.9039 196.8 0.0468648 0.583405 -0.0356453 0.810044 
79.2149 466.211 -42.9343 196.87 0.0462957 0.587625 -0.0347885 0.807058 
79.3223 466.474 -42.9711 196.941 0.0454315 0.591638 -0.033366 0.804231 
79.422 466.714 -43.0033 197.006 0.0453891 0.594308 -0.0326371 0.802292 
79.5245 466.953 -43.0332 197.073 0.0458927 0.595153 -0.0322967 0.80165 
79.6319 467.191 -43.0547 197.142 0.0461994 0.593969 -0.0323751 0.802508 
79.7337 467.41 -43.0762 197.209 0.0464997 0.591206 -0.0316188 0.804558 
79.8337 467.618 -43.0986 197.276 0.0468021 0.587073 -0.0305371 0.807603 
79.9401 467.823 -43.1238 197.349 0.0460435 0.581837 -0.0307696 0.811418 
80.0448 468.005 -43.1513 197.427 0.0447897 0.575973 -0.0331332 0.815568 
80.1442 468.167 -43.1833 197.497 0.043934 0.570154 -0.0352817 0.819603 
80.2459 468.329 -43.2034 197.572 0.0426849 0.563993 -0.0362547 0.823878 
80.3507 468.491 -43.2237 197.643 0.0413241 0.557498 -0.0360974 0.828363 
80.4537 468.628 -43.2414 197.692 0.043567 0.550739 -0.0339057 0.83285 
80.5555 468.763 -43.2591 197.739 0.0457256 0.544023 -0.0316745 0.837224 
80.6584 468.884 -43.2733 197.788 0.0494576 0.536569 -0.0311447 0.84183 
80.7634 468.992 -43.2847 197.852 0.0497941 0.529337 -0.0326169 0.846321 
80.865 469.095 -43.2918 197.918 0.046969 0.52291 -0.035588 0.850349 
80.9716 469.204 -43.2958 197.984 0.0444461 0.516215 -0.0373815 0.854488 
81.0717 469.299 -43.2983 198.035 0.0432978 0.510166 -0.0378285 0.858152 
81.1749 469.387 -43.3068 198.082 0.0429964 0.50435 -0.0375237 0.861612 
81.2781 469.473 -43.3132 198.135 0.0427374 0.498421 -0.0374878 0.865069 
81.3815 469.556 -43.3163 198.181 0.0426326 0.492829 -0.0375202 0.868271 
81.4849 469.634 -43.3135 198.224 0.0424051 0.487544 -0.0370044 0.871283 
81.5881 469.709 -43.3223 198.262 0.0419025 0.482788 -0.0361778 0.873986 
81.6916 469.772 -43.3356 198.303 0.0411388 0.478963 -0.0369758 0.876091 
81.795 469.818 -43.3442 198.349 0.0399411 0.475026 -0.0401041 0.878149 
81.9002 469.858 -43.3494 198.4 0.0387063 0.470139 -0.0447873 0.880605 
82.0018 469.894 -43.352 198.442 0.0380394 0.466899 -0.0478659 0.882195 
82.107 469.937 -43.3575 198.478 0.0377052 0.464338 -0.0475286 0.883578 
82.2085 469.985 -43.3601 198.505 0.0376561 0.461032 -0.0447059 0.885456 
82.312 470.03 -43.3656 198.534 0.037636 0.458463 -0.0419903 0.886923 
82.4154 470.066 -43.3748 198.566 0.0370737 0.456455 -0.0413666 0.888011 
82.5188 470.093 -43.3869 198.6 0.0358648 0.453602 -0.0429915 0.889444 
82.6243 470.117 -43.3898 198.634 0.0347822 0.451098 -0.0453386 0.890643 
82.7262 470.142 -43.3919 198.664 0.0342239 0.44938 -0.0471665 0.891438 
