0.000000 0.0000000000 0.0000000000 0.0000000000 0.0000000000 0.0000000000 0.0000000000 1.0000000000
0.104128 -0.0000837990 -0.0007300483 0.0498500578 -0.0008608614 -0.0001956466 0.0002174922 0.9999995828
0.416625 -0.0006886289 -0.0028515940 0.1986670196 -0.0003518477 -0.0002925688 0.0015577975 0.9999986887
0.937506 -0.0022297939 -0.0064399010 0.4500030875 0.0003964951 -0.0004182557 0.0003333142 0.9999997616
1.250003 -0.0032336270 -0.0093457485 0.6028997302 0.0002459168 -0.0003142574 -0.0027509427 0.9999961257
1.666754 -0.0037503745 -0.0119418167 0.8081462383 0.0003721666 -0.0003376214 0.0015560697 0.9999986887
1.875129 -0.0051845256 -0.0136029245 0.9102683067 0.0002252718 0.0006643827 -0.0011166091 0.9999991059
2.291881 -0.0059382701 -0.0163474251 1.1175913811 -0.0004967325 0.0009245268 0.0020946399 0.9999972582
2.708628 -0.0062666130 -0.0199421234 1.3260639906 0.0019234205 0.0016833433 -0.0004368535 0.9999966621
3.229379 -0.0074702171 -0.0245889947 1.5910959244 0.0002342895 0.0016683931 -0.0048715579 0.9999867082
3.645880 -0.0077815698 -0.0284452084 1.8050577641 0.0003054235 0.0002865623 -0.0038286455 0.9999925494
3.958276 -0.0088496404 -0.0308515411 1.9666737318 -0.0000923790 -0.0012236072 -0.0044881264 0.9999891520
4.270633 -0.0105253272 -0.0339063965 2.1280903816 -0.0013011376 -0.0023618462 -0.0027531588 0.9999925494
4.583132 -0.0118518127 -0.0361228026 2.2888069153 -0.0012613175 -0.0023601260 -0.0006024652 0.9999962449
4.999630 -0.0127842408 -0.0396085493 2.5040025711 -0.0009990624 -0.0017359608 0.0019879178 0.9999960065
5.207869 -0.0147307664 -0.0411255509 2.6096744537 -0.0014590482 -0.0009123022 0.0002050137 0.9999985099
5.624505 -0.0160787068 -0.0438820608 2.8184268475 -0.0019335642 0.0002635969 -0.0069816913 0.9999737144
6.145012 -0.0167471543 -0.0475418717 3.0786714554 -0.0013413703 0.0003891807 -0.0062995767 0.9999791980
6.665511 -0.0188039988 -0.0511362851 3.3371658325 -0.0021371047 -0.0013838616 -0.0048232516 0.9999850988
7.081885 -0.0200796910 -0.0546970554 3.5412664413 -0.0021054479 -0.0027825753 -0.0013969318 0.9999929070
7.602386 -0.0228378642 -0.0585075468 3.7922029495 -0.0021676596 -0.0026412993 -0.0021128098 0.9999919534
8.018763 -0.0251352675 -0.0610274598 3.9878706932 -0.0001701673 -0.0024126354 -0.0020488452 0.9999949932
8.435138 -0.0265824348 -0.0640944168 4.1821355820 -0.0012457094 -0.0011966910 0.0010510777 0.9999979734
8.955763 -0.0277681984 -0.0684067979 4.4248399734 -0.0012644852 0.0016035163 -0.0025515715 0.9999946356
9.268135 -0.0264467560 -0.0712144673 4.5686650276 -0.0011625331 0.0029317965 -0.0032318956 0.9999898076
9.892888 -0.0247163400 -0.0757448673 4.8602228165 -0.0009214457 0.0057789213 -0.0042316383 0.9999739528
10.517510 -0.0236345492 -0.0797935426 5.1465654373 -0.0016160440 0.0048399558 -0.0002565378 0.9999869466
11.142270 -0.0224563256 -0.0843380615 5.4370226860 0.0002279688 0.0014824365 0.0041358639 0.9999903440
11.871260 -0.0225866847 -0.0913803205 5.7716722488 0.0008154495 0.0011664847 0.0121793570 0.9999248385
12.600390 -0.0219005421 -0.0974520370 6.1128258705 0.0002572561 0.0035202999 0.0110572344 0.9999326468
12.808640 -0.0221740641 -0.0993705541 6.2111525536 -0.0003121146 0.0034958737 0.0095042232 0.9999486804
13.329390 -0.0234710611 -0.1042843163 6.4589929581 0.0015274156 0.0036068985 -0.0003397054 0.9999922514
13.641770 -0.0226012338 -0.1075448468 6.6100749969 -0.0001800153 0.0022079912 0.0018350438 0.9999958277
14.162520 -0.0238723475 -0.1129160076 6.8613224030 0.0021221696 0.0002343393 -0.0041097840 0.9999892712
14.787290 -0.0257222243 -0.1181862429 7.1685895920 -0.0004189565 0.0009393075 0.0011159418 0.9999988675
15.412140 -0.0277975798 -0.1240692511 7.4797229767 0.0018145613 0.0029964212 -0.0090125818 0.9999532700
16.036770 -0.0275483616 -0.1294795424 7.7935047150 0.0010446453 0.0017559249 -0.0068758754 0.9999742508
16.557390 -0.0294662751 -0.1329534650 8.0584754944 0.0020481704 0.0014030144 -0.0072091641 0.9999709129
17.390270 -0.0296128225 -0.1414888352 8.4861001968 0.0024226089 0.0002225645 -0.0061131474 0.9999783635
17.702520 -0.0294655506 -0.1438329518 8.6492891312 0.0025350652 -0.0000314967 -0.0056465715 0.9999808669
18.431150 -0.0316633545 -0.1535554230 9.0290699005 0.0014888260 0.0020658139 -0.0066976985 0.9999743104
18.743480 -0.0329676829 -0.1564382613 9.1945915222 0.0009458551 0.0023661884 -0.0070157717 0.9999721646
19.263770 -0.0333164595 -0.1612615734 9.4735794067 0.0004083371 0.0023280152 -0.0067099775 0.9999746680
19.471780 -0.0335910134 -0.1635533869 9.5860691071 0.0002420680 0.0023367251 -0.0045107580 0.9999870658
19.784020 -0.0337003730 -0.1664968580 9.7537336349 -0.0009619885 0.0027205835 -0.0026924005 0.9999921918
20.096150 -0.0333852991 -0.1691838205 9.9197988510 -0.0000551009 0.0033016708 -0.0020050872 0.9999925494
20.512310 -0.0332641304 -0.1732156128 10.1421880722 0.0004165152 0.0054540546 -0.0052269683 0.9999713898
20.720420 -0.0326358378 -0.1749684811 10.2538242340 0.0011105794 0.0063949451 -0.0053495825 0.9999645948
21.032780 -0.0309401602 -0.1785666347 10.4233140945 0.0002304621 0.0073059499 -0.0043440508 0.9999638200
21.448900 -0.0284358710 -0.1836514920 10.6469869614 0.0023204056 0.0062470287 -0.0032748673 0.9999724030
21.761020 -0.0272011310 -0.1875490397 10.8168878555 0.0023999026 0.0051833121 -0.0033385998 0.9999781251
21.969150 -0.0260335132 -0.1902141422 10.9290647507 0.0015427211 0.0040341024 -0.0026490416 0.9999871850
22.385270 -0.0268624499 -0.1941884160 11.1563625336 0.0011672849 0.0052073952 -0.0034545206 0.9999797940
22.593280 -0.0259719789 -0.1962449104 11.2716169357 0.0026623288 0.0054502124 -0.0021705178 0.9999792576
23.009400 -0.0247672796 -0.2014401108 11.5037145615 0.0014531978 0.0029536600 -0.0032037331 0.9999894500
23.425400 -0.0245706886 -0.2056131065 11.7389068604 0.0001806656 0.0036050801 -0.0011378895 0.9999928474
23.945650 -0.0222923905 -0.2099173069 12.0327758789 0.0000105134 0.0046407366 -0.0013361826 0.9999883175
24.361780 -0.0207956210 -0.2134976834 12.2652292252 0.0014964485 0.0045240987 -0.0023922215 0.9999857545
24.882030 -0.0193658397 -0.2216447443 12.5549287796 -0.0003985949 0.0018865931 -0.0054277978 0.9999834299
25.194150 -0.0193229616 -0.2233410031 12.7281646729 -0.0000562262 -0.0005424645 -0.0033907464 0.9999940991
25.610540 -0.0208749492 -0.2278558761 12.9573869705 0.0008947806 -0.0010493143 -0.0019404565 0.9999971390
25.714650 -0.0211262293 -0.2292327285 13.0151433945 0.0011799959 -0.0011456773 -0.0016485223 0.9999972582
26.130900 -0.0223500580 -0.2340097725 13.2445287704 0.0025037359 -0.0012537424 -0.0010235821 0.9999955297
26.443290 -0.0235696267 -0.2372485995 13.4157190323 0.0018038857 -0.0010834798 0.0004178274 0.9999976754
26.862580 -0.0252681822 -0.2420316041 13.6423463821 0.0012922221 -0.0003319355 -0.0013231318 0.9999982119
27.171920 -0.0261936914 -0.2452934980 13.8149833679 0.0020775157 -0.0000584885 -0.0016151994 0.9999965429
27.380140 -0.0269010458 -0.2474988401 13.9301824570 0.0019186548 0.0002209882 -0.0034367316 0.9999922514
27.588410 -0.0276205055 -0.2498009503 14.0445108414 0.0027394865 0.0006196278 -0.0050679352 0.9999831915
27.796540 -0.0279360190 -0.2520371079 14.1571912766 0.0023280496 0.0009220703 -0.0058175465 0.9999799728
28.108940 -0.0287244990 -0.2550004721 14.3266019821 0.0023554964 0.0016231297 -0.0062489337 0.9999763966
