0.000000 0.0158639830 0.0022785070 0.0108398665 -0.0000370419 -0.0005654807 0.0001740772 0.9999998212
0.415622 0.0118365679 0.0018298330 0.0495071746 0.0008454657 -0.0158205964 -0.0007008236 0.9998742342
0.934622 -0.0006998181 0.0011632377 0.1178609207 0.0020893998 -0.0560791604 0.0004766342 0.9984240532
2.490144 -0.1561543643 -0.0051388447 0.3839008808 0.0024094938 -0.3113908470 -0.0121709872 0.9502009153
3.008248 -0.2724732161 -0.0047028349 0.4673028588 -0.0011014186 -0.4415030181 -0.0080394931 0.8972230554
3.319374 -0.3659461141 -0.0039168010 0.5075663924 -0.0049721152 -0.5206544399 -0.0076377871 0.8537188768
3.734395 -0.5171001554 -0.0030415971 0.5412724018 -0.0117989611 -0.6170383096 -0.0081980899 0.7868019342
4.150266 -0.7048926950 0.0011088289 0.5475100279 -0.0097372402 -0.6856897473 -0.0097622164 0.7277633548
4.566885 -0.9216094613 0.0055300603 0.5339786410 -0.0061113723 -0.7257995605 -0.0063726516 0.6878495812
4.879959 -1.1069992781 0.0074232696 0.5152047276 -0.0065298919 -0.7390812039 -0.0066202898 0.6735521555
5.505749 -1.5214951038 0.0118122399 0.4690851569 -0.0087901549 -0.7417558432 -0.0097333509 0.6705418229
6.130876 -2.0020408630 0.0208111703 0.4218188524 -0.0089099277 -0.7383981347 -0.0131537942 0.6741778851
6.859377 -2.6208901405 0.0312783681 0.3674257696 -0.0070967902 -0.7357649803 -0.0084934672 0.6771464348
7.483251 -3.1807215214 0.0385706574 0.3175374568 -0.0123360343 -0.7361592650 -0.0149826966 0.6765300035
8.418880 -4.0042424202 0.0519355498 0.2433515191 -0.0070354789 -0.7358824611 -0.0129269389 0.6769493222
9.354505 -4.8148603439 0.0661925375 0.1698448062 -0.0050010658 -0.7354706526 -0.0140797589 0.6773918271
9.978133 -5.3494887352 0.0707975700 0.1231232584 -0.0119189397 -0.7385523319 -0.0123673650 0.6739773154
10.497760 -5.7818922997 0.0758559555 0.0761022568 -0.0047565810 -0.7403261065 -0.0153127685 0.6720566750
11.121380 -6.2847785950 0.0803991705 0.0258148909 -0.0083504161 -0.7414109111 -0.0195653532 0.6707140207
11.953260 -6.9012813568 0.0886048228 -0.0354274511 -0.0047753444 -0.7373711467 -0.0166196562 0.6752664447
13.099880 -7.5525202751 0.0976845175 -0.0226656199 -0.0065834341 -0.6463848352 -0.0190033652 0.7627464533
14.039380 -7.9191651344 0.1017560512 0.1837601662 -0.0172009170 -0.4485456347 0.0036279708 0.8935870528
14.456380 -8.0418739319 0.1020495445 0.3240363598 -0.0014657840 -0.3454324603 0.0057187518 0.9384250641
14.873160 -8.1473474503 0.1011341959 0.5141990185 0.0025919366 -0.2343876064 0.0044957218 0.9721293449
15.392480 -8.2493181229 0.0951017141 0.8120024204 0.0017046010 -0.1404429525 -0.0040076193 0.9900791645
16.118550 -8.3554878235 0.0907776430 1.3157163858 -0.0016223502 -0.0847208500 -0.0095853899 0.9963573217
16.741260 -8.4216022491 0.0851823464 1.8177826405 0.0020797984 -0.0532784462 -0.0106322700 0.9985209107
17.467890 -8.4798660278 0.0791939795 2.4284172058 -0.0058580460 -0.0412241146 -0.0098967738 0.9990837574
17.987010 -8.5153121948 0.0713289827 2.8532965183 0.0044586430 -0.0364489369 -0.0127020022 0.9992448092
18.506260 -8.5464515686 0.0629857183 3.2770152092 -0.0010595808 -0.0315974802 -0.0126849059 0.9994196296
18.921640 -8.5683631897 0.0581781976 3.6168498993 -0.0001589025 -0.0299355444 -0.0127558075 0.9994704127
19.440890 -8.5996408463 0.0517689325 4.0510115623 0.0004128325 -0.0346522257 -0.0135621000 0.9993073344
20.167930 -8.6537275314 0.0404799879 4.6792383194 0.0015418220 -0.0415901653 -0.0130633097 0.9990481734
20.687510 -8.6929969788 0.0346538499 5.1511464119 -0.0003250088 -0.0392806865 -0.0127738072 0.9991465211
21.207140 -8.7299070358 0.0275277384 5.6240310669 -0.0023028944 -0.0360186026 -0.0080349017 0.9993161559
21.934640 -8.7818012238 0.0120374952 6.2746496201 0.0007433539 -0.0337284990 -0.0110133337 0.9993700981
22.454390 -8.8154697418 0.0035595577 6.7228851318 0.0014267691 -0.0395143777 -0.0068317652 0.9991946220
22.974020 -8.8587198257 -0.0073886439 7.1582593918 0.0061396104 -0.0482140332 -0.0135622025 0.9987260699
23.285910 -8.8884191513 -0.0133898146 7.4158530235 -0.0013494414 -0.0547179356 -0.0143362461 0.9983980060
23.701510 -8.9328393936 -0.0180799514 7.7442216873 -0.0030047030 -0.0671146140 -0.0158556290 0.9976147413
24.221270 -8.9981889725 -0.0227988884 8.1445932388 -0.0032990859 -0.0812347084 -0.0184374154 0.9965189695
24.740760 -9.0729713440 -0.0287016872 8.5290956497 0.0001975634 -0.1022091955 -0.0145664560 0.9946562648
25.156270 -9.1476287842 -0.0295404196 8.8326578140 -0.0057295850 -0.1257303655 -0.0164001808 0.9919123054
25.883390 -9.3099727631 -0.0311455876 9.3449287415 -0.0044158963 -0.1693887711 -0.0129864225 0.9854538441
26.403140 -9.4517745972 -0.0347323790 9.7021875381 0.0022031006 -0.1900116056 -0.0133895827 0.9816880822
27.130890 -9.6758966446 -0.0364348851 10.2016859055 0.0018949179 -0.2116330266 -0.0175470710 0.9771898389
27.962300 -9.9582748413 -0.0440190211 10.7655200958 0.0027030101 -0.2314669043 -0.0206825770 0.9726191163
28.793670 -10.2565383911 -0.0537762418 11.3055458069 0.0063741510 -0.2496780157 -0.0182157345 0.9681366086
30.144650 -10.6951065063 -0.0596173108 12.0540113449 -0.0041254144 -0.2700676918 -0.0119918790 0.9627578259
31.390900 -10.9826107025 -0.0623466969 12.4763975143 -0.0085506150 -0.2979433537 -0.0113824997 0.9544773698
32.842900 -11.2151422501 -0.0625733733 12.6921920776 -0.0033143887 -0.4401743412 -0.0148096541 0.8977840543
33.465270 -11.3281869888 -0.0612617135 12.7415256500 -0.0059752981 -0.5218764544 -0.0238123648 0.8526677489
34.605900 -11.6568889618 -0.0525926352 12.7633905411 -0.0079668723 -0.7196719646 -0.0182274077 0.6940292716
35.228670 -11.9111366272 -0.0417916477 12.6857223511 -0.0174421538 -0.8184321523 -0.0140594309 0.5741662383
35.436400 -12.0043888092 -0.0379692316 12.6383314133 -0.0207305085 -0.8444849253 -0.0121458201 0.5350401402
36.061290 -12.3019275665 -0.0251281857 12.4331235886 0.0198144373 0.8893111348 0.0118066296 -0.4567206502
36.999490 -12.8400011063 -0.0052677840 12.0005445480 0.0229037292 0.9036659598 0.0130370380 -0.4274263680
37.832280 -13.4043788910 0.0193927288 11.5294933319 0.0226975139 0.9052193165 0.0133010270 -0.4241296053
38.456150 -13.8652877808 0.0356995016 11.1390676498 0.0216292627 0.9065760970 0.0069402317 -0.4214306772
39.079900 -14.3516101837 0.0489526391 10.7235307693 0.0230874680 0.9065985680 0.0114200357 -0.4212072790
39.599580 -14.7569103241 0.0642876178 10.3764619827 0.0239817910 0.9067797661 0.0129331071 -0.4207232893
40.326930 -15.3123807907 0.0826773643 9.9025774002 0.0232646428 0.9082768559 0.0110861007 -0.4175751507
41.054600 -15.8675422668 0.0989328772 9.4207811356 0.0209276192 0.9068136811 0.0119304322 -0.4208428264
41.573580 -16.2613868713 0.1143596172 9.0891494751 0.0243187621 0.9061683416 0.0125935543 -0.4220295250
42.092740 -16.6497821808 0.1278828382 8.7591838837 0.0256006848 0.9065063000 0.0128498133 -0.4212193787
42.611550 -17.0272789001 0.1429563761 8.4354753494 0.0286389366 0.9071040154 0.0154598793 -0.4196463525
43.130550 -17.4003791809 0.1588135958 8.1155281067 0.0248288568 0.9069685340 0.0149783855 -0.4201991260
43.649770 -17.7652683258 0.1715103388 7.8023867607 0.0235459320 0.9062129855 0.0147776930 -0.4219066799
44.065190 -18.0545539856 0.1823724210 7.5608282089 0.0248561855 0.9058815837 0.0115472963 -0.4226433337
44.584310 -18.4034538269 0.1916508973 7.2657532692 0.0236432813 0.9054150581 0.0119308252 -0.4237005711
45.311220 -18.8424339294 0.2034213841 6.8923616409 0.0240753237 0.9053499699 0.0146921873 -0.4237286747
46.245920 -19.3445930481 0.2243946195 6.4660820961 0.0312037189 0.9092653394 0.0111470316 -0.4148958921
47.179170 -19.7208423615 0.2381358147 6.0601387024 0.0381113701 0.9428690672 0.0097166914 -0.3308339417
48.216060 -19.9049015045 0.2436303198 5.5985269547 0.0157293342 0.9934037328 0.0101811187 -0.1131279990
48.838780 -19.8971595764 0.2472666502 5.3110561371 0.0117132496 0.9990282059 0.0156320184 0.0395098105
49.461780 -19.8098335266 0.2503474355 5.0449995995 0.0189543013 0.9816812277 0.0107827159 0.1892787367
49.878030 -19.7069606781 0.2506033182 4.8730273247 0.0181758311 0.9634778500 0.0171640459 0.2666186094
50.190690 -19.6138572693 0.2508650720 4.7477369308 0.0163746849 0.9525507689 0.0173847396 0.3034413755
50.712390 -19.4396858215 0.2517821491 4.5313978195 0.0143769616 0.9435429573 0.0137282973 0.3306532204
51.338030 -19.2006130219 0.2541061044 4.2451691628 0.0136561757 0.9405125380 0.0120086977 0.3392719328
51.858780 -18.9734840393 0.2523517311 3.9727959633 0.0157880932 0.9409775138 0.0045325859 0.3380702734
52.483160 -18.6603355408 0.2501444817 3.5949130058 0.0099347075 0.9410641193 0.0082896324 0.3379805386
53.107160 -18.3056869507 0.2496788502 3.1701393127 0.0087085767 0.9408496022 0.0118043628 0.3385067284
53.731040 -17.9253807068 0.2516908646 2.7104940414 0.0156611018 0.9409821630 0.0092014726 0.3379684687
54.250800 -17.6001281738 0.2503901124 2.3143181801 0.0197196063 0.9412131310 0.0165297072 0.3368319273
54.770420 -17.2728748322 0.2539239228 1.9151029587 0.0234766342 0.9412619472 0.0206232276 0.3362283111
55.290780 -16.9494552612 0.2538082302 1.5241522789 0.0247246362 0.9421607256 0.0182055272 0.3337521255
55.705670 -16.7198371887 0.2503397167 1.2244954109 0.0206118450 0.9470197558 0.0176264755 0.3200282753
56.434670 -16.3514060974 0.2623267174 0.6508522034 0.0286440607 0.9708828330 0.0241615456 0.2366056740
56.955550 -16.1801795959 0.2670932412 0.2185816765 0.0296136942 0.9872798920 0.0108296182 0.1558337510
57.579070 -16.0537128448 0.2664672136 -0.3317418098 0.0287355538 0.9955007434 0.0136312954 0.0892567113
58.201850 -15.9797048569 0.2714935541 -0.9196807146 0.0365622118 0.9976100922 0.0210984610 0.0547002144
58.720450 -15.9194946289 0.2836757600 -1.4355263710 0.0251024179 0.9981614947 0.0157737713 0.0528645329
59.135420 -15.8702325821 0.2916882932 -1.8682538271 0.0215969644 0.9981131554 0.0172132403 0.0548395179
59.550680 -15.8185615540 0.2981675565 -2.3092701435 0.0167976860 0.9982492924 0.0147647234 0.0547555722
59.758420 -15.7925834656 0.3017500937 -2.5333476067 0.0157896429 0.9983491302 0.0150998114 0.0531201586
60.069690 -15.7563743591 0.3068079650 -2.8692269325 0.0154199200 0.9984109402 0.0170785580 0.0514404327
60.588540 -15.6986684799 0.3132039607 -3.4119029045 0.0139104184 0.9985789657 0.0156674460 0.0490007214
60.900200 -15.6661577225 0.3171796501 -3.7370162010 0.0123646390 0.9987546802 0.0168357827 0.0453070365
61.211580 -15.6360521317 0.3208337426 -4.0588874817 0.0111325877 0.9989658594 0.0165814999 0.0408450924
61.419200 -15.6189889908 0.3239271641 -4.2682318687 0.0110942442 0.9990513921 0.0179688837 0.0380841382
61.834510 -15.5875501633 0.3296147287 -4.6846222878 0.0112877600 0.9992052913 0.0174726397 0.0340006948
62.249910 -15.5603189468 0.3345864117 -5.0948562622 0.0099140862 0.9993192554 0.0134450039 0.0328927897
62.665290 -15.5324487686 0.3392158449 -5.4962058067 0.0121333189 0.9992469549 0.0142791718 0.0339772515
62.976670 -15.5110836029 0.3414807320 -5.7934513092 0.0126037747 0.9991730452 0.0153303305 0.0354877971
63.392070 -15.4804048538 0.3449411988 -6.1836099625 0.0134860165 0.9990297556 0.0133127393 0.0397544689
63.911420 -15.4379377365 0.3476930857 -6.6596317291 0.0120980730 0.9989317656 0.0144052003 0.0422077961
64.223410 -15.4128551483 0.3488333821 -6.9308109283 0.0103274034 0.9990394711 0.0150086414 0.0398522690
64.743580 -15.3854560852 0.3501580656 -7.3447637558 0.0126773613 0.9995062947 0.0164960567 0.0235440023
65.575320 -15.3792810440 0.3551252484 -7.8911652565 0.0188110154 0.9996855259 0.0163696278 -0.0026614626
66.095340 -15.3831300735 0.3572383523 -8.1398410797 0.0214006994 0.9995167255 0.0191096626 -0.0119630117
66.303070 -15.3862304688 0.3591284156 -8.2199001312 0.0229414422 0.9994559288 0.0194079988 -0.0135988006
66.407050 -15.3856697083 0.3589404821 -8.2545957565 0.0227719434 0.9994359016 0.0202955715 -0.0140508981
67.966080 -15.3833875656 0.3622561395 -8.5436086655 0.0177831091 0.9996803999 0.0161555763 0.0078665111
71.086680 -15.3744344711 0.3625780940 -8.6028079987 0.0147620440 0.9992777109 0.0151344743 0.0315759405
74.207700 -15.3745603561 0.3623934984 -8.6030778885 0.0154344849 0.9992075562 0.0152699724 0.0333599001
75.767480 -15.3608894348 0.3621664643 -8.6341485977 0.0140873268 0.9968118668 0.0146331592 0.0771591961
77.324460 -15.2581529617 0.3628935814 -8.8261499405 0.0137429936 0.9672488570 0.0206151363 0.2526179552
78.465430 -14.9041156769 0.3695262074 -9.0915012360 0.0165231507 0.8588073850 0.0178552400 0.5117207170
78.776930 -14.7322444916 0.3702005744 -9.1512088776 0.0174179636 0.8138815761 0.0252527576 0.5802203417
79.088830 -14.5296907425 0.3710343242 -9.1899185181 0.0189792775 0.7682228088 0.0287215970 0.6392562389
79.401310 -14.2982559204 0.3730876446 -9.2086801529 0.0201089326 0.7347142696 0.0249177106 0.6776205897
79.818800 -13.9463157654 0.3722390831 -9.2173547745 0.0239408519 0.7114517093 0.0232266039 0.7019428611
80.131680 -13.6576204300 0.3677374721 -9.2118740082 0.0262934119 0.6967213750 0.0198545344 0.7165848017
80.548940 -13.2325849533 0.3597585559 -9.1896171570 0.0215708539 0.6905426383 0.0155586600 0.7228025198
80.965550 -12.7679843903 0.3506847024 -9.1645097733 0.0218511298 0.6856063604 0.0166883823 0.7274530530
81.381810 -12.2766485214 0.3430641294 -9.1285820007 0.0202313084 0.6783627272 0.0191841237 0.7341979742
81.694050 -11.8908271790 0.3370655477 -9.0949687958 0.0197317656 0.6762180328 0.0187676996 0.7361980677
82.110180 -11.3647603989 0.3288788199 -9.0510177612 0.0189587548 0.6773982644 0.0220167786 0.7350424528
82.526180 -10.8450660706 0.3225131929 -9.0076150894 0.0199248679 0.6782969236 0.0204575825 0.7342327833
82.942060 -10.3252086639 0.3134618104 -8.9641866684 0.0184060279 0.6792646050 0.0208520964 0.7333661914
83.357930 -9.8133220673 0.3035054803 -8.9246864319 0.0171375927 0.6796730757 0.0212499835 0.7330069542
83.669810 -9.4373111725 0.2975395024 -8.8930749893 0.0155151775 0.6804131866 0.0193998180 0.7324075103
83.981560 -9.0623588562 0.2913293839 -8.8634080887 0.0148506602 0.6807832122 0.0199593510 0.7320623994
84.500970 -8.4460353851 0.2815514207 -8.8190317154 0.0186600909 0.6787542701 0.0221308097 0.7337947488
84.812320 -8.0812664032 0.2757422030 -8.7870798111 0.0172158405 0.6754347682 0.0206893589 0.7369284034
85.227440 -7.6015882492 0.2675617933 -8.7411851883 0.0163019616 0.6718228459 0.0199403018 0.7402639389
85.538870 -7.2514896393 0.2612398863 -8.7050275803 0.0148716066 0.6704419255 0.0200058911 0.7415431738
85.954220 -6.7890925407 0.2537173927 -8.6571645737 0.0143035883 0.6721179485 0.0192191117 0.7400563955
86.266420 -6.4459214211 0.2495280504 -8.6266632080 0.0185579080 0.6743842959 0.0210512690 0.7378470898
86.785510 -5.8772544861 0.2404392958 -8.5772218704 0.0170018319 0.6784859896 0.0217069872 0.7340957522
87.096690 -5.5404496193 0.2346602976 -8.5511875153 0.0196570717 0.6802393198 0.0191990379 0.7324748635
87.408330 -5.2040038109 0.2278918773 -8.5257921219 0.0180165656 0.6807380319 0.0204337370 0.7320201993
87.823570 -4.7600421906 0.2213938236 -8.4889669418 0.0120465383 0.6801547408 0.0157185588 0.7328010201
88.238710 -4.3206171989 0.2134332508 -8.4530401230 0.0123914545 0.6793476343 0.0127860289 0.7336005569
88.653930 -3.8839879036 0.2081818283 -8.4199714661 0.0137481019 0.6776151061 0.0186444297 0.7350518107
89.277420 -3.2375566959 0.1955184042 -8.3632106781 0.0194169115 0.6773321033 0.0167610180 0.7352300882
89.796830 -2.7053999901 0.1849395335 -8.3227500916 0.0189936142 0.6784223318 0.0199634880 0.7341551781
90.420320 -2.0874288082 0.1737902910 -8.2751121521 0.0178094003 0.6807265282 0.0204617772 0.7320352197
90.940100 -1.5910651684 0.1654395461 -8.2398958206 0.0146535020 0.6819114089 0.0198837928 0.7310175896
91.875570 -0.8420571089 0.1541848183 -8.1738042831 0.0166077614 0.6686249375 0.0166251902 0.7432284355
92.812670 -0.2793245316 0.1354556382 -8.0532341003 0.0161586218 0.6147904396 0.0138485571 0.7884033322
93.536240 0.0490443707 0.1268008798 -7.9139323235 0.0200898740 0.5241021514 0.0106487209 0.8513517976
94.261830 0.2909817696 0.1105308980 -7.6954097748 0.0180497188 0.3622156084 0.0060778982 0.9318997264
94.780820 0.4074985981 0.1032650918 -7.4891157150 0.0032785637 0.2394921929 0.0000871754 0.9708927274
95.300440 0.4684318304 0.0991351753 -7.2560544014 -0.0005960336 0.1248414293 -0.0072285733 0.9921501875
95.717080 0.4924570918 0.0967817679 -7.0514011383 -0.0014377148 0.0640058145 -0.0138372891 0.9978525639
96.238190 0.5081581473 0.0933268145 -6.7715487480 -0.0000492463 0.0225619357 -0.0132794399 0.9996572733
96.967200 0.4981774986 0.0888246000 -6.3029236794 0.0021348125 -0.0167764612 -0.0128523130 0.9997743964
97.592070 0.4737287164 0.0828107223 -5.8361148834 -0.0016889261 -0.0261986014 -0.0094488505 0.9996106625
98.424320 0.4263668656 0.0752514154 -5.2010922432 -0.0041621313 -0.0382348038 -0.0071941344 0.9992341995
99.048200 0.3845712841 0.0727176070 -4.7200403214 -0.0053178901 -0.0394832790 -0.0069254534 0.9991821051
99.671950 0.3419194818 0.0694033653 -4.2470393181 -0.0047913110 -0.0374453366 -0.0070525613 0.9992623329
100.191800 0.3127647638 0.0654986501 -3.8714110851 -0.0072657699 -0.0344610810 -0.0062117344 0.9993603230
100.815600 0.2824246883 0.0603928976 -3.4567060471 -0.0017497052 -0.0334006995 -0.0084469849 0.9994047880
101.751200 0.2349782288 0.0505921617 -2.8717551231 -0.0000755929 -0.0349027179 -0.0094951941 0.9993456006
102.374800 0.2043665648 0.0443245210 -2.4997761250 -0.0000972731 -0.0405274406 -0.0072604893 0.9991520643
103.206500 0.1587161571 0.0363483205 -2.0378687382 -0.0020391271 -0.0426729396 -0.0090537388 0.9990459681
104.038400 0.1245270446 0.0294191930 -1.6441668272 -0.0013249596 -0.0375090390 -0.0092204688 0.9992528558
105.181900 0.0940326974 0.0219952092 -1.2706795931 -0.0005881324 -0.0334134772 -0.0080409395 0.9994090796
106.429300 0.0678355396 0.0201949608 -0.9611821175 -0.0000794914 -0.0400222018 -0.0053638411 0.9991843700
107.989000 0.0220575407 0.0139495656 -0.6091966629 0.0010088008 -0.0552311353 -0.0092471242 0.9984302521
109.548600 -0.0047398079 0.0062693655 -0.2099194676 0.0002602846 -0.0223771315 -0.0050533083 0.9997367859
111.106600 -0.0205005556 -0.0046999236 0.3559108675 0.0088685397 -0.0251882467 -0.0036833482 0.9996365905
112.665100 -0.1383812875 -0.0124422517 0.8562759757 -0.0099390056 -0.1160021275 -0.0124443183 0.9931212664
114.225600 -0.1533525139 -0.0143492064 0.9438239932 -0.0041150204 -0.0919766650 -0.0118292617 0.9956823587
