0.104499 -0.0140175 -0.0282032 1.199 6.49055e-05 -0.000343521 -0.000359864 1 
0.207793 -0.0278736 -0.0560812 2.38418 0.000129298 -0.00068304 -0.000715529 0.999999 
0.311634 -0.0418032 -0.0841063 3.57563 0.000194273 -0.00102431 -0.00107302 0.999999 
0.415494 -0.0557354 -0.112136 4.76729 0.000259499 -0.0013656 -0.00143052 0.999998 
0.519644 -0.0697067 -0.140244 5.96228 0.00032515 -0.0017078 -0.00178897 0.999997 
0.623401 -0.0836255 -0.168246 7.15277 0.000390793 -0.00204866 -0.00214601 0.999996 
0.727346 -0.0975696 -0.196298 8.3454 0.000456794 -0.00239009 -0.00250364 0.999994 
0.83118 -0.111499 -0.224319 9.53676 0.000522965 -0.00273112 -0.00286084 0.999992 
0.93503 -0.125431 -0.252345 10.7283 0.000589386 -0.00307215 -0.00321804 0.99999 
1.03888 -0.139362 -0.28037 11.9198 0.000656045 -0.00341313 -0.00357517 0.999988 
1.14277 -0.1533 -0.308407 13.1119 0.000722976 -0.00375423 -0.00393241 0.999985 
1.24664 -0.167141 -0.336295 14.3035 0.000777533 -0.0040784 -0.0042212 0.999982 
1.35055 -0.181814 -0.365424 15.4966 0.000943332 -0.00455042 -0.00511184 0.999976 
1.45441 -0.195073 -0.392444 16.6876 0.000915048 -0.00477513 -0.00497583 0.999976 
1.55829 -0.208176 -0.419151 17.881 0.000750581 -0.00507227 -0.00469086 0.999976 
1.66216 -0.222069 -0.445081 19.0766 0.00054984 -0.0053167 -0.00452155 0.999975 
1.76606 -0.237295 -0.471514 20.2702 0.00101223 -0.00566201 -0.00464092 0.999973 
1.87009 -0.253156 -0.497782 21.4647 0.00153266 -0.00590706 -0.00451274 0.999971 
1.97392 -0.270764 -0.524744 22.6588 0.00123569 -0.00631386 -0.00481459 0.999968 
2.07787 -0.288791 -0.55273 23.853 0.00117153 -0.00667502 -0.00493278 0.999965 
2.18176 -0.307115 -0.581233 25.0468 0.0015564 -0.00713018 -0.00493746 0.999961 
2.28565 -0.327351 -0.606984 26.2431 0.00138989 -0.00754601 -0.00506815 0.999958 
2.38963 -0.347249 -0.632943 27.4417 0.000303845 -0.00790307 -0.00463009 0.999958 
2.49349 -0.367798 -0.656564 28.6371 0.000199827 -0.00835218 -0.00430749 0.999956 
2.59736 -0.389214 -0.682426 29.8283 0.000887144 -0.00875663 -0.00400042 0.999953 
2.70144 -0.411276 -0.70872 31.0279 0.00128652 -0.00925087 -0.00374274 0.999949 
2.8061 -0.435716 -0.735647 32.2319 0.00129095 -0.00962517 -0.00394891 0.999945 
2.90934 -0.459653 -0.763253 33.4202 0.00101226 -0.00995517 -0.00371228 0.999943 
3.01314 -0.484698 -0.791594 34.6148 0.000881517 -0.0102785 -0.00358902 0.99994 
3.11713 -0.509819 -0.818272 35.8126 0.000840501 -0.0105252 -0.0032104 0.999939 
3.221 -0.536706 -0.845783 37.0093 0.000842416 -0.0108225 -0.00324401 0.999936 
3.32499 -0.562741 -0.873467 38.2069 0.000588959 -0.010924 -0.00280446 0.999936 
3.42899 -0.590462 -0.900111 39.4055 -1.30865e-05 -0.0108795 -0.00286508 0.999937 
3.53306 -0.61817 -0.926858 40.6024 -0.000482321 -0.0108054 -0.00309539 0.999937 
3.63688 -0.646632 -0.953129 41.7987 -0.000270184 -0.0107787 -0.0034944 0.999936 
3.74087 -0.675668 -0.977631 42.9959 -0.000218363 -0.0107264 -0.0039091 0.999935 
3.84487 -0.708016 -1.00041 44.1956 -0.000955188 -0.0104943 -0.00538944 0.99993 
3.94887 -0.735861 -1.02036 45.3956 -0.00251741 -0.00969802 -0.00551276 0.999935 
4.05274 -0.761728 -1.03744 46.5961 -0.003885 -0.00882598 -0.00578466 0.999937 
4.15675 -0.784447 -1.05121 47.8015 -0.00553482 -0.00794389 -0.00591626 0.999936 
4.26074 -0.80502 -1.06409 49.0045 -0.00659223 -0.00729501 -0.00575582 0.999935 
4.36462 -0.822002 -1.07385 50.2035 -0.00573684 -0.00655656 -0.0049242 0.99995 
4.46862 -0.84029 -1.08532 51.4046 -0.0045807 -0.00602298 -0.00517186 0.999958 
4.57262 -0.859463 -1.09829 52.6058 -0.00448804 -0.00561784 -0.00574874 0.999958 
4.67649 -0.875378 -1.11264 53.8113 -0.00425801 -0.0055943 -0.00526311 0.999961 
4.78037 -0.892873 -1.12788 55.0152 -0.00390147 -0.00596149 -0.00492937 0.999962 
4.88424 -0.91186 -1.14315 56.2203 -0.00387396 -0.00672946 -0.00501013 0.999957 
4.98812 -0.933231 -1.16069 57.4278 -0.00463253 -0.00749595 -0.00501407 0.999949 
5.09199 -0.956215 -1.17565 58.6326 -0.00482257 -0.00797916 -0.00500882 0.999944 
5.19599 -0.981436 -1.19028 59.8386 -0.00468916 -0.00839889 -0.00548728 0.999939 
5.2999 -1.00672 -1.2056 61.0421 -0.00462687 -0.00875576 -0.00568255 0.999935 
5.40374 -1.03113 -1.22132 62.2456 -0.00435323 -0.00884014 -0.00536239 0.999937 
5.50776 -1.05386 -1.23748 63.4475 -0.00386748 -0.00894411 -0.00472013 0.999941 
5.61162 -1.07847 -1.2517 64.6475 -0.00433528 -0.00912061 -0.00450495 0.999939 
5.71549 -1.10319 -1.2671 65.8504 -0.00542899 -0.00923941 -0.00449167 0.999932 
5.81951 -1.12954 -1.28111 67.0476 -0.00470424 -0.00938723 -0.00471813 0.999934 
5.92337 -1.15768 -1.29392 68.2411 -0.00385515 -0.00942281 -0.0054808 0.999933 
6.02739 -1.18693 -1.30942 69.4353 -0.00392752 -0.00946612 -0.00656127 0.999926 
6.13126 -1.21532 -1.32468 70.6262 -0.00404836 -0.00943714 -0.00746457 0.999919 
6.23524 -1.24323 -1.33946 71.816 -0.00427987 -0.00933514 -0.00828934 0.999913 
6.33912 -1.26857 -1.35574 73.0022 -0.00474409 -0.00885285 -0.00849145 0.999914 
6.44312 -1.29284 -1.37147 74.1875 -0.00503465 -0.00782369 -0.00932717 0.999913 
6.54712 -1.31025 -1.39013 75.3655 -0.00465673 -0.00649917 -0.00904205 0.999927 
6.65112 -1.32014 -1.40752 76.5408 -0.00190162 -0.00532675 -0.00730934 0.999957 
6.75512 -1.33092 -1.42708 77.7163 -0.0010537 -0.00410109 -0.00759253 0.999962 
6.85912 -1.33795 -1.4488 78.8946 -0.00299785 -0.00265061 -0.00724351 0.999966 
6.96312 -1.34094 -1.46853 80.0684 -0.00397407 -0.000995939 -0.00729282 0.999965 
7.06712 -1.34229 -1.48583 81.2345 -0.00286411 0.00100431 -0.00751548 0.999967 
7.17112 -1.33565 -1.5061 82.3991 -0.00158892 0.00274049 -0.00707144 0.99997 
7.27512 -1.32387 -1.53031 83.558 0.000341514 0.00443398 -0.00636326 0.99997 
7.37912 -1.30927 -1.55547 84.7174 0.000880615 0.00607787 -0.00593174 0.999964 
7.48312 -1.29299 -1.58059 85.877 -7.87198e-05 0.00789076 -0.00583912 0.999952 
7.58713 -1.27312 -1.60507 87.0311 -0.00054296 0.00980715 -0.0063913 0.999931 
7.69113 -1.24713 -1.63067 88.1838 0.000606249 0.0116469 -0.0062156 0.999913 
7.79514 -1.21667 -1.65616 89.3334 0.00188781 0.0132928 -0.00603797 0.999892 
7.89912 -1.18274 -1.68316 90.4834 0.00207802 0.0149236 -0.00607615 0.999868 
8.00312 -1.14413 -1.71042 91.6365 0.00146611 0.0163569 -0.00540902 0.999851 
8.10712 -1.10175 -1.73609 92.7913 0.000804437 0.0177521 -0.00504084 0.999829 
8.21113 -1.05601 -1.76065 93.9471 -0.000123646 0.0191252 -0.00464719 0.999806 
8.31512 -1.00612 -1.78507 95.1026 -0.000699933 0.0203483 -0.00409391 0.999784 
8.41912 -0.953966 -1.80954 96.2554 0.00038614 0.0214874 -0.00342411 0.999763 
8.52313 -0.89754 -1.83487 97.4132 0.00218209 0.0225888 -0.00265066 0.999739 
8.62714 -0.841003 -1.86192 98.5722 0.00375274 0.0236214 -0.00278652 0.99971 
8.73112 -0.782045 -1.89164 99.7397 0.00426396 0.0244349 -0.00284413 0.999688 
8.83512 -0.723357 -1.92246 100.914 0.00395437 0.0247374 -0.00288026 0.999682 
8.93912 -0.665532 -1.95303 102.095 0.0029476 0.0243616 -0.00300483 0.999694 
9.04312 -0.607718 -1.98309 103.279 0.00214052 0.0236759 -0.00268409 0.999714 
9.14713 -0.550571 -2.01288 104.47 0.00181598 0.0226751 -0.00283378 0.999737 
9.25113 -0.497748 -2.04112 105.668 0.00151882 0.0214447 -0.00291592 0.999765 
9.355 -0.448327 -2.06974 106.867 0.00152399 0.0198922 -0.00315892 0.999796 
9.459 -0.405377 -2.09828 108.072 0.00167047 0.0180134 -0.0038882 0.999829 
9.563 -0.365108 -2.127 109.279 0.00157115 0.0160582 -0.00396303 0.999862 
9.66689 -0.329075 -2.15685 110.492 0.00101031 0.0140354 -0.00429742 0.999892 
9.77088 -0.298528 -2.18567 111.707 0.000597492 0.0118729 -0.00439776 0.99992 
9.87475 -0.272672 -2.2134 112.924 0.000221384 0.00964717 -0.00448014 0.999943 
9.97877 -0.253779 -2.24015 114.142 0.000121587 0.00725194 -0.00467302 0.999963 
10.0828 -0.241552 -2.2678 115.363 0.000111597 0.00478236 -0.00508874 0.999976 
10.1866 -0.234072 -2.29683 116.586 0.000250662 0.00230323 -0.00534638 0.999983 
10.2906 -0.232571 -2.32757 117.812 0.000542013 -2.14954e-05 -0.00578987 0.999983 
10.3946 -0.237293 -2.358 119.04 0.000690684 -0.00186592 -0.00670902 0.999976 
10.4986 -0.246444 -2.38815 120.271 0.000591701 -0.00292472 -0.00788211 0.999964 
10.6026 -0.256232 -2.41742 121.501 0.00073314 -0.00340832 -0.0083584 0.999959 
10.7067 -0.269679 -2.44463 122.742 0.000526926 -0.00394904 -0.00942369 0.999948 
10.8108 -0.283572 -2.4715 123.983 -5.70825e-05 -0.0044503 -0.0101285 0.999939 
10.9147 -0.297015 -2.49892 125.224 -4.15102e-05 -0.00482788 -0.0101477 0.999937 
11.0188 -0.316815 -2.52162 126.47 -0.000885492 -0.00525741 -0.0117804 0.999916 
11.1227 -0.336076 -2.54329 127.72 -0.00234568 -0.00556295 -0.012589 0.999903 
11.2267 -0.353204 -2.56129 128.97 -0.00260188 -0.00595279 -0.012074 0.999906 
11.3308 -0.370442 -2.57812 130.22 -0.00164774 -0.00621284 -0.0119314 0.999908 
11.4346 -0.384545 -2.59617 131.476 -0.00200453 -0.00658011 -0.0105694 0.99992 
11.5386 -0.397623 -2.61481 132.733 -0.00297791 -0.00709794 -0.0093884 0.999926 
11.6426 -0.413373 -2.63136 133.996 -0.00391327 -0.0072551 -0.00798874 0.999934 
11.7466 -0.429912 -2.64614 135.259 -0.00483714 -0.00741755 -0.00710281 0.999936 
11.8506 -0.443887 -2.66006 136.523 -0.00385957 -0.00737398 -0.00491935 0.999953 
11.9546 -0.457056 -2.67599 137.79 -0.00301324 -0.00738827 -0.00359362 0.999962 
12.0585 -0.472057 -2.69321 139.057 -0.00300006 -0.00729712 -0.0028005 0.999965 
12.1625 -0.490815 -2.71132 140.331 -0.00320851 -0.00716205 -0.00277624 0.999965 
12.2665 -0.509951 -2.72813 141.606 -0.00409628 -0.00681362 -0.00295777 0.999964 
12.3704 -0.531657 -2.74413 142.88 -0.00496602 -0.00646825 -0.00426404 0.999958 
12.4744 -0.550146 -2.75953 144.153 -0.00456497 -0.00617923 -0.00430225 0.999961 
12.5784 -0.568107 -2.77535 145.424 -0.00325936 -0.00597048 -0.00445783 0.999967 
12.6822 -0.586224 -2.79483 146.694 -0.00222373 -0.00575739 -0.00453989 0.999971 
12.7863 -0.601569 -2.81886 147.961 -0.000164296 -0.00563 -0.00390542 0.999977 
12.8902 -0.618401 -2.84455 149.227 0.00158118 -0.00537343 -0.00395419 0.999976 
12.9941 -0.634443 -2.87506 150.492 0.00214245 -0.00528728 -0.00383318 0.999976 
13.0981 -0.649286 -2.90876 151.756 0.00194911 -0.00533356 -0.00374581 0.999977 
13.2021 -0.666905 -2.93972 153.025 0.00177602 -0.00531637 -0.00406816 0.999976 
13.306 -0.684175 -2.96991 154.288 0.00116819 -0.00543979 -0.0044726 0.999975 
13.41 -0.703475 -2.99762 155.553 0.000884944 -0.00556689 -0.00470673 0.999973 
13.514 -0.721231 -3.02488 156.817 0.00101088 -0.00583711 -0.00484171 0.999971 
13.6179 -0.740134 -3.05171 158.078 0.000923464 -0.00615674 -0.00500188 0.999968 
13.7219 -0.75814 -3.07934 159.342 0.000371188 -0.00650087 -0.00472111 0.999968 
13.8257 -0.778517 -3.10733 160.604 0.000217379 -0.00683146 -0.0051555 0.999963 
13.9298 -0.798967 -3.13526 161.864 0.000686047 -0.00713525 -0.00530134 0.99996 
14.0337 -0.821014 -3.16234 163.126 0.0012356 -0.00754404 -0.00552774 0.999955 
14.1378 -0.844849 -3.19122 164.39 0.00123005 -0.00785104 -0.00594736 0.999951 
14.2416 -0.867607 -3.22185 165.652 0.00156956 -0.00817936 -0.00579133 0.999949 
14.3456 -0.891591 -3.25233 166.914 0.0021707 -0.00858218 -0.0059247 0.999943 
14.4497 -0.915926 -3.28271 168.177 0.00209099 -0.00889135 -0.00601243 0.99994 
14.5536 -0.941804 -3.31395 169.441 0.00137985 -0.00925422 -0.00618127 0.999937 
14.6575 -0.968255 -3.3446 170.705 0.001146 -0.00962588 -0.00621631 0.999934 
14.7615 -0.99577 -3.37385 171.971 0.000996076 -0.00994682 -0.00639683 0.99993 
14.8654 -1.02432 -3.40245 173.234 0.000817658 -0.0103079 -0.00661418 0.999925 
14.9694 -1.05365 -3.43193 174.498 0.00120723 -0.0106073 -0.00672331 0.99992 
15.0732 -1.08317 -3.46124 175.759 0.00154674 -0.0108256 -0.00724298 0.999914 
15.1773 -1.11197 -3.49193 177.026 0.00129053 -0.0110305 -0.00734129 0.999911 
15.2813 -1.14094 -3.52353 178.289 0.00174071 -0.0111978 -0.00730702 0.999909 
15.3851 -1.1675 -3.55545 179.549 0.00267876 -0.0112335 -0.00665974 0.999911 
15.4891 -1.19338 -3.58708 180.811 0.00249603 -0.0113766 -0.00518202 0.999919 
15.5931 -1.22091 -3.61722 182.072 0.000876756 -0.0115308 -0.00513493 0.99992 
15.697 -1.24982 -3.64468 183.337 -0.00170268 -0.011591 -0.00499526 0.999919 
15.801 -1.28027 -3.66913 184.593 -0.00131854 -0.0116881 -0.00516642 0.999917 
15.905 -1.31192 -3.69421 185.843 0.000230363 -0.0115572 -0.00601278 0.999915 
16.009 -1.34277 -3.72236 187.092 0.00133952 -0.0117014 -0.00616846 0.999912 
16.1129 -1.37147 -3.75266 188.339 0.00129483 -0.0117882 -0.00595749 0.999912 
16.2169 -1.40087 -3.78186 189.586 0.000472069 -0.0117522 -0.00596984 0.999913 
16.3209 -1.42991 -3.81104 190.831 -0.000524697 -0.011676 -0.00600896 0.999914 
16.4249 -1.45692 -3.83975 192.07 -0.00100404 -0.0113714 -0.00570668 0.999919 
16.5289 -1.48235 -3.86886 193.304 -0.000770263 -0.010703 -0.00572696 0.999926 
16.6329 -1.50439 -3.89757 194.534 7.19887e-05 -0.0100115 -0.00504091 0.999937 
16.7368 -1.52543 -3.92931 195.761 0.000784062 -0.00938374 -0.00502165 0.999943 
16.8408 -1.54334 -3.96212 196.982 0.00118704 -0.00870545 -0.00457558 0.999951 
16.9448 -1.56132 -3.99452 198.199 0.000752785 -0.00808517 -0.00463899 0.999956 
17.0488 -1.57734 -4.02538 199.411 -0.000256492 -0.00739366 -0.00447565 0.999963 
17.1528 -1.59322 -4.05572 200.619 -0.000465406 -0.00681354 -0.0048244 0.999965 
17.2568 -1.60705 -4.08451 201.821 -0.000372336 -0.00626944 -0.00472068 0.999969 
17.3607 -1.61957 -4.11261 203.016 -0.000523949 -0.00577319 -0.00491203 0.999971 
17.4648 -1.62986 -4.14217 204.203 -0.000735114 -0.00521398 -0.00504127 0.999973 
17.5688 -1.6397 -4.16899 205.382 -0.000565825 -0.00482941 -0.00503626 0.999975 
17.6728 -1.64907 -4.19622 206.553 -0.00062144 -0.00438066 -0.00505922 0.999977 
17.7768 -1.65597 -4.22353 207.709 -0.000706649 -0.00409928 -0.00446841 0.999981 
17.8806 -1.66316 -4.25023 208.852 -0.00100018 -0.00399083 -0.0043841 0.999982 
17.9846 -1.67052 -4.27705 209.982 -0.00169191 -0.00414857 -0.0041435 0.999981 
18.0886 -1.68092 -4.30181 211.094 -0.00167427 -0.00449355 -0.00426437 0.999979 
18.1926 -1.69261 -4.32686 212.191 -0.00118168 -0.00467859 -0.00440617 0.999979 
18.2966 -1.70539 -4.35161 213.275 -0.000734465 -0.0048961 -0.00456131 0.999977 
18.4006 -1.71766 -4.3768 214.345 -0.000637613 -0.00517544 -0.00452915 0.999976 
18.5046 -1.73064 -4.40208 215.405 -0.000674744 -0.00573347 -0.00425148 0.999974 
18.6085 -1.74418 -4.42687 216.448 -0.00105084 -0.00652799 -0.00405787 0.99997 
18.7125 -1.7581 -4.45045 217.485 -0.00178047 -0.00751257 -0.00352474 0.999964 
18.8165 -1.77596 -4.47251 218.508 -0.00286012 -0.00861807 -0.00362816 0.999952 
18.9205 -1.79655 -4.49424 219.511 -0.00292124 -0.00973911 -0.00372969 0.999941 
19.0246 -1.82019 -4.51313 220.495 -0.00260394 -0.0110807 -0.00391564 0.999928 
19.1286 -1.84453 -4.53245 221.461 -0.00262596 -0.0124473 -0.00395095 0.999911 
19.2326 -1.8716 -4.5533 222.403 -0.0029561 -0.0138755 -0.0042283 0.99989 
19.3365 -1.9005 -4.57435 223.323 -0.00294704 -0.0153694 -0.00440271 0.999868 
19.4405 -1.93108 -4.59419 224.219 -0.00260693 -0.0169003 -0.00437667 0.999844 
19.5446 -1.96323 -4.61388 225.093 -0.00237757 -0.018515 -0.00427307 0.999817 
19.6486 -1.99932 -4.63434 225.946 -0.00226828 -0.020071 -0.00487051 0.999784 
19.7526 -2.03611 -4.65549 226.776 -0.00183378 -0.0215699 -0.00501882 0.999753 
19.8566 -2.07606 -4.67414 227.589 -0.00187476 -0.0227519 -0.00598375 0.999721 
19.9608 -2.11395 -4.69229 228.382 -0.00195937 -0.0231634 -0.00638359 0.999709 
20.0649 -2.14943 -4.71057 229.159 -0.00254134 -0.0230566 -0.00640243 0.99971 
20.1689 -2.18284 -4.72895 229.917 -0.00295941 -0.0228057 -0.00644071 0.999715 
20.273 -2.21517 -4.74656 230.658 -0.00267983 -0.0226487 -0.006346 0.99972 
20.377 -2.24791 -4.76246 231.388 -0.00171139 -0.0224836 -0.00660196 0.999724 
20.4811 -2.27881 -4.77892 232.116 -0.000621315 -0.0220643 -0.00663362 0.999734 
20.5853 -2.30914 -4.79566 232.838 5.6861e-05 -0.0214977 -0.00665942 0.999747 
20.6893 -2.33855 -4.81318 233.56 0.000298347 -0.0207591 -0.00702667 0.99976 
20.7934 -2.3648 -4.83053 234.278 0.000417334 -0.01991 -0.00674483 0.999779 
20.8975 -2.38958 -4.84796 234.992 0.00041319 -0.0189854 -0.00665239 0.999798 
21.0015 -2.41471 -4.86487 235.702 0.0004439 -0.0179626 -0.00669134 0.999816 
21.1056 -2.43716 -4.88158 236.409 0.000578486 -0.0169099 -0.00656606 0.999835 
21.2096 -2.45827 -4.89692 237.112 0.000448856 -0.0154708 -0.00662029 0.999858 
21.3138 -2.47522 -4.91213 237.811 0.000172924 -0.0138636 -0.00615821 0.999885 
21.4178 -2.48924 -4.92965 238.508 -7.39351e-05 -0.0124171 -0.00563368 0.999907 
21.5219 -2.50154 -4.94755 239.2 -0.000180953 -0.0109167 -0.0054934 0.999925 
21.626 -2.51195 -4.96556 239.888 -3.64522e-05 -0.00943664 -0.00529968 0.999941 
21.73 -2.52029 -4.98174 240.575 0.000190059 -0.00799742 -0.00519264 0.999955 
21.8341 -2.5282 -4.99821 241.264 0.000653998 -0.00652098 -0.00567535 0.999962 
21.9383 -2.53435 -5.01566 241.957 0.000991733 -0.00508768 -0.00563602 0.999971 
22.0423 -2.53835 -5.03204 242.654 0.000537726 -0.00366517 -0.00565142 0.999977 
22.1464 -2.54339 -5.04817 243.356 0.000204868 -0.00238013 -0.0059086 0.99998 
22.2505 -2.5456 -5.06428 244.059 0.000286674 -0.001228 -0.0057773 0.999983 
22.3545 -2.54685 -5.08029 244.763 0.000891539 -8.06282e-05 -0.00569644 0.999983 
22.4587 -2.54662 -5.09478 245.471 0.00218733 0.000783832 -0.0057864 0.999981 
22.5628 -2.54558 -5.10904 246.186 0.00296077 0.00126132 -0.00541947 0.99998 
22.6668 -2.54373 -5.12614 246.908 0.00337636 0.00135467 -0.00538151 0.999979 
22.7708 -2.54206 -5.14519 247.636 0.00348877 0.00144184 -0.00500154 0.99998 
22.8748 -2.5419 -5.16458 248.369 0.00357668 0.00153053 -0.00545716 0.999978 
22.9789 -2.5422 -5.18538 249.111 0.00392293 0.00168358 -0.00587403 0.999974 
23.0829 -2.54094 -5.20598 249.857 0.00491954 0.00179102 -0.00553477 0.999971 
23.1869 -2.5354 -5.22737 250.61 0.00582513 0.00197644 -0.00364984 0.999974 
23.2909 -2.52926 -5.24631 251.371 0.00630528 0.00213643 -0.00199841 0.999976 
23.395 -2.52948 -5.26387 252.145 0.004764 0.00243438 -0.00280497 0.999982 
23.499 -2.53441 -5.28296 252.929 0.00171708 0.00276612 -0.00500035 0.999982 
23.603 -2.53173 -5.30022 253.716 -0.000635559 0.0031902 -0.00487901 0.999983 
23.7072 -2.52283 -5.31615 254.511 0.000324498 0.00413399 -0.00414022 0.999983 
23.8111 -2.51689 -5.32879 255.306 0.00350797 0.00611255 -0.00468488 0.999964 
23.9153 -2.50891 -5.34529 256.112 0.00579554 0.00808826 -0.00573009 0.999934 
24.0193 -2.49585 -5.36441 256.93 0.00572115 0.00969406 -0.00645412 0.999916 
24.1233 -2.47644 -5.38577 257.758 0.00443225 0.0113166 -0.00578696 0.999909 
24.2274 -2.45191 -5.40687 258.593 0.00286505 0.0127728 -0.00427994 0.999905 
24.3314 -2.42627 -5.42505 259.43 0.00198067 0.0141171 -0.00304751 0.999894 
24.4355 -2.40183 -5.44529 260.269 0.00170344 0.0157058 -0.00293873 0.999871 
24.5395 -2.37745 -5.46745 261.103 0.00268767 0.0169851 -0.00404064 0.999844 
24.6436 -2.34791 -5.48851 261.94 0.00385011 0.0181646 -0.00424666 0.999819 
24.7476 -2.31559 -5.50957 262.779 0.00405361 0.0194629 -0.00440051 0.999793 
24.8518 -2.28274 -5.5333 263.621 0.00308277 0.0209215 -0.00486699 0.999765 
24.9558 -2.24929 -5.55757 264.463 0.00209692 0.0225718 -0.00564507 0.999727 
25.0598 -2.21167 -5.58017 265.303 0.00206919 0.0239545 -0.00591604 0.999693 
25.1638 -2.16903 -5.60156 266.146 0.00245211 0.0252834 -0.00583857 0.99966 
25.2678 -2.1206 -5.62275 266.989 0.00265131 0.0265806 -0.00502961 0.999631 
25.3718 -2.07093 -5.64239 267.834 0.00240841 0.0274845 -0.00352935 0.999613 
25.4758 -2.02015 -5.66231 268.682 0.00236762 0.027939 -0.00279535 0.999603 
25.5798 -1.97234 -5.68395 269.529 0.00238225 0.0282275 -0.00241801 0.999596 
25.6838 -1.92383 -5.70592 270.382 0.00234349 0.0284831 -0.00235862 0.999589 
25.7876 -1.87569 -5.72699 271.234 0.00212669 0.0284711 -0.00235261 0.99959 
25.8916 -1.82945 -5.75015 272.089 0.00181793 0.0282004 -0.00263707 0.999597 
25.9955 -1.78334 -5.77311 272.943 0.00218768 0.0276398 -0.0024443 0.999613 
26.0995 -1.7412 -5.79381 273.795 0.00261445 0.0268443 -0.00249732 0.999633 
26.2035 -1.70084 -5.81491 274.651 0.00308136 0.0260286 -0.00288006 0.999652 
26.3074 -1.66066 -5.83588 275.503 0.0031227 0.0253143 -0.00342739 0.999669 
26.4114 -1.62267 -5.85824 276.354 0.00317158 0.0245174 -0.00399021 0.999686 
26.5153 -1.58558 -5.87971 277.204 0.00293612 0.0234072 -0.00423922 0.999713 
26.6193 -1.55063 -5.90115 278.052 0.00220544 0.0220306 -0.00416371 0.999746 
26.7231 -1.51786 -5.9219 278.897 0.00105583 0.0199726 -0.00349181 0.999794 
26.8271 -1.48931 -5.94192 279.735 5.47571e-05 0.0176005 -0.00291096 0.999841 
26.9311 -1.46624 -5.96075 280.569 -0.000643041 0.015221 -0.00267616 0.99988 
27.0351 -1.44776 -5.97802 281.39 -0.000940898 0.0128531 -0.00246931 0.999914 
27.1391 -1.43189 -5.99441 282.203 -0.00129091 0.0105842 -0.00222728 0.999941 
27.2433 -1.41905 -6.01085 283.004 -0.00140037 0.00824303 -0.00172057 0.999964 
27.3473 -1.41209 -6.02669 283.788 -0.00125781 0.00617875 -0.00151777 0.999979 
27.4514 -1.41125 -6.04017 284.555 -0.00121128 0.00419347 -0.00172927 0.999989 
27.5554 -1.41432 -6.05399 285.305 -0.00125103 0.00227676 -0.00189388 0.999995 
27.6594 -1.41778 -6.06917 286.036 -0.00132483 0.00038051 -0.00176768 0.999997 
27.7634 -1.42342 -6.08512 286.744 -0.000952611 -0.00172159 -0.00133017 0.999997 
27.8674 -1.43582 -6.10138 287.433 -0.000249314 -0.00418798 -0.00190614 0.999989 
27.9714 -1.45444 -6.11745 288.101 0.000689712 -0.00734562 -0.00271986 0.999969 
28.0754 -1.47765 -6.1326 288.751 0.00158683 -0.0114318 -0.00316021 0.999928 
28.1793 -1.50637 -6.1494 289.389 0.00208851 -0.0165673 -0.00311928 0.999856 
28.2833 -1.54562 -6.16704 290.017 0.00223014 -0.0232558 -0.0033553 0.999721 
28.387 -1.59716 -6.18245 290.628 0.00179924 -0.0314189 -0.0038403 0.999497 
28.4909 -1.66504 -6.19696 291.23 0.00144778 -0.0412266 -0.00518127 0.999135 
28.5948 -1.74238 -6.2102 291.806 0.00149386 -0.0524062 -0.00605327 0.998606 
28.6985 -1.83449 -6.22425 292.379 0.00155115 -0.065036 -0.00680594 0.997858 
28.8023 -1.94299 -6.23702 292.937 0.00139157 -0.0788696 -0.00760494 0.996855 
28.906 -2.068 -6.24785 293.468 0.000857445 -0.0941183 -0.00830287 0.995526 
29.0098 -2.20954 -6.25767 293.998 -6.2701e-05 -0.111063 -0.00822595 0.993779 
29.1135 -2.3679 -6.27107 294.512 -0.000974713 -0.129297 -0.00826205 0.991571 
29.2173 -2.54338 -6.28527 294.988 -0.00218205 -0.148387 -0.00885752 0.988887 
29.321 -2.73939 -6.29763 295.467 -0.00333021 -0.168368 -0.00953436 0.985672 
29.4246 -2.94905 -6.30794 295.902 -0.00435611 -0.18905 -0.00975092 0.981909 
29.5284 -3.17854 -6.3146 296.349 -0.00532777 -0.210398 -0.00956709 0.977554 
29.6322 -3.42557 -6.32098 296.783 -0.00598882 -0.232716 -0.00929875 0.972482 
29.7358 -3.68733 -6.32823 297.164 -0.0066767 -0.255929 -0.00888137 0.966632 
29.8395 -3.96896 -6.33276 297.563 -0.00754286 -0.279831 -0.00821231 0.959984 
29.9433 -4.26856 -6.33699 297.944 -0.00855979 -0.304417 -0.00795185 0.952467 
30.0471 -4.58632 -6.33944 298.262 -0.00885436 -0.329397 -0.00861373 0.944111 
30.1509 -4.92265 -6.34518 298.6 -0.00927538 -0.354952 -0.00799306 0.934804 
30.2546 -5.27032 -6.34781 298.869 -0.0108331 -0.38122 -0.00689833 0.924395 
30.3584 -5.63558 -6.34398 299.167 -0.0136756 -0.408553 -0.00509853 0.912618 
30.462 -6.01439 -6.33996 299.434 -0.0157939 -0.436675 -0.00412537 0.899471 
30.5658 -6.40439 -6.33231 299.609 -0.0168703 -0.464858 -0.00521576 0.885209 
30.6695 -6.80887 -6.33128 299.805 -0.017085 -0.492363 -0.00857332 0.87018 
30.7734 -7.2164 -6.3261 299.975 -0.0171216 -0.519489 -0.0109749 0.854235 
30.8771 -7.62009 -6.31563 300.062 -0.0172667 -0.546186 -0.0118746 0.837402 
30.9809 -8.02723 -6.30458 300.181 -0.0182306 -0.571971 -0.0122323 0.81998 
31.0848 -8.43615 -6.29231 300.22 -0.0199593 -0.596977 -0.0126862 0.80191 
31.1886 -8.84975 -6.28289 300.287 -0.02162 -0.621289 -0.013628 0.783164 
31.2924 -9.27029 -6.27121 300.329 -0.0233535 -0.645665 -0.014037 0.763135 
31.3963 -9.69619 -6.25695 300.284 -0.024289 -0.669884 -0.0155317 0.741906 
31.5002 -10.136 -6.24255 300.271 -0.0263084 -0.693593 -0.0169626 0.719687 
31.6039 -10.5813 -6.22432 300.229 -0.0286381 -0.716898 -0.0190652 0.696329 
31.7078 -11.0311 -6.19953 300.097 -0.031054 -0.739858 -0.0211266 0.671713 
31.8117 -11.4879 -6.1783 299.994 -0.0331628 -0.761953 -0.0232643 0.646364 
31.9155 -11.9432 -6.15018 299.798 -0.0356776 -0.783071 -0.0247709 0.620414 
32.0194 -12.4029 -6.12353 299.633 -0.0377778 -0.803208 -0.0256423 0.593946 
32.1233 -12.8598 -6.09478 299.434 -0.0390715 -0.822127 -0.0259027 0.56737 
32.2273 -13.3109 -6.06377 299.143 -0.0398329 -0.839924 -0.0255082 0.540639 
32.3313 -13.7634 -6.02836 298.874 -0.040097 -0.856298 -0.0251557 0.514309 
32.4354 -14.2125 -5.98976 298.522 0.040343 0.871307 0.0249381 -0.488442 
32.5395 -14.6631 -5.95012 298.181 0.0405089 0.884551 0.024931 -0.464012 
32.6438 -15.1162 -5.91352 297.802 0.0407647 0.896051 0.0255561 -0.441336 
32.748 -15.5692 -5.87199 297.36 0.0425449 0.906384 0.0259662 -0.419505 
32.8522 -16.0243 -5.83093 296.918 0.0463759 0.916396 0.0260074 -0.396726 
32.9564 -16.4706 -5.78346 296.401 0.0494496 0.926013 0.0265736 -0.373294 
33.0605 -16.9039 -5.73774 295.877 0.0506526 0.934839 0.0267851 -0.350418 
33.1648 -17.3224 -5.69239 295.284 0.0494754 0.942979 0.0257145 -0.328149 
33.269 -17.7292 -5.6455 294.684 0.0488702 0.950294 0.0236131 -0.306587 
33.3731 -18.1234 -5.59632 294.047 0.0470701 0.956931 0.0216303 -0.285656 
33.4774 -18.5053 -5.55079 293.35 0.0463769 0.962882 0.0196243 -0.265185 
33.5816 -18.872 -5.50938 292.636 0.04553 0.968242 0.0197217 -0.245041 
33.6858 -19.2138 -5.47294 291.863 0.0439638 0.973306 0.019769 -0.224393 
33.79 -19.5385 -5.4355 291.079 0.0438633 0.977824 0.0192196 -0.203881 
33.8942 -19.8455 -5.39719 290.241 0.0451204 0.981857 0.019065 -0.183187 
33.9983 -20.1292 -5.36469 289.39 0.0472056 0.985363 0.0190016 -0.162697 
34.1025 -20.3818 -5.33047 288.505 0.0475408 0.988407 0.020014 -0.142796 
34.2067 -20.6125 -5.29613 287.568 0.0492466 0.990906 0.0203907 -0.123547 
34.3108 -20.8116 -5.265 286.621 0.0491602 0.993055 0.0207465 -0.104852 
34.4149 -20.9774 -5.23189 285.632 0.0487267 0.994807 0.0187199 -0.0873689 
34.519 -21.1166 -5.19823 284.63 0.048392 0.996186 0.0171792 -0.070541 
34.6233 -21.2269 -5.16961 283.593 0.0481985 0.997197 0.0172647 -0.0545672 
34.7274 -21.307 -5.1433 282.521 0.0475329 0.997956 0.0173338 -0.0390477 
34.8317 -21.3587 -5.11824 281.431 0.0470727 0.998445 0.0170267 -0.0245176 
34.9358 -21.3836 -5.09207 280.311 0.0475141 0.998672 0.0165132 -0.0111554 
35.04 -21.3772 -5.06863 279.173 0.0460615 0.998788 0.0172871 0.00140596 
35.1442 -21.3456 -5.04425 278.007 0.0453629 0.998727 0.0176938 0.0131628 
35.2484 -21.2898 -5.02153 276.829 0.0441895 0.998598 0.0173744 0.0234066 
35.3526 -21.2092 -5.00136 275.639 0.041946 0.998487 0.0161136 0.0316991 
35.4569 -21.1119 -4.98325 274.431 0.0394862 0.998378 0.0155039 0.0379656 
35.5613 -21.0019 -4.96544 273.207 0.0371604 0.998297 0.0162035 0.0419554 
35.6655 -20.8862 -4.94692 271.963 0.0354316 0.998259 0.0171344 0.0439242 
35.7698 -20.7768 -4.92746 270.705 0.0344965 0.998299 0.0163037 0.0440937 
35.8742 -20.6659 -4.90606 269.428 0.0333668 0.998391 0.0156127 0.0431021 
35.9783 -20.5552 -4.88341 268.136 0.0330495 0.998446 0.0160572 0.041894 
36.0825 -20.4476 -4.86175 266.831 0.0325106 0.998509 0.0165499 0.0406044 
36.1867 -20.3459 -4.83852 265.51 0.0322797 0.998587 0.016877 0.038689 
36.2909 -20.2497 -4.8177 264.179 0.0314476 0.998697 0.0176861 0.036096 
36.395 -20.1563 -4.79953 262.848 0.0311558 0.998783 0.018815 0.0332805 
36.4992 -20.0709 -4.78028 261.517 0.0308209 0.998861 0.0196626 0.0306501 
36.6031 -19.9933 -4.76049 260.19 0.0306523 0.998936 0.0198378 0.0281563 
36.7073 -19.9213 -4.73861 258.85 0.0300794 0.999031 0.0194718 0.0255697 
36.8113 -19.8553 -4.71799 257.511 0.0292235 0.99913 0.0191047 0.022827 
36.9153 -19.7967 -4.69629 256.17 0.0288453 0.999206 0.0187609 0.0200912 
37.0193 -19.7459 -4.67367 254.824 0.0285159 0.99924 0.0200366 0.0174678 
37.1233 -19.7034 -4.64839 253.475 0.0287232 0.999239 0.0216676 0.0150809 
37.2273 -19.6682 -4.61864 252.123 0.0291076 0.999259 0.0216745 0.0128173 
37.3312 -19.6393 -4.58676 250.773 0.02969 0.999272 0.0213257 0.0109372 
37.4352 -19.6137 -4.55642 249.416 0.0297877 0.99929 0.0210486 0.00941625 
37.539 -19.5903 -4.52916 248.064 0.0298942 0.999332 0.0193877 0.00807229 
37.6429 -19.5693 -4.50137 246.706 0.0297422 0.99937 0.0181318 0.00685392 
37.7468 -19.5513 -4.47385 245.338 0.0291904 0.999372 0.0192775 0.00570147 
37.8505 -19.538 -4.445 243.97 0.0297236 0.999337 0.0204609 0.00476324 
37.9544 -19.5267 -4.41134 242.596 0.0297961 0.99934 0.0203152 0.00432227 
38.0581 -19.5138 -4.37826 241.222 0.0304157 0.999318 0.0205066 0.00423826 
38.162 -19.5032 -4.34609 239.839 0.030549 0.999313 0.0205117 0.00435334 
38.2658 -19.4932 -4.317 238.458 0.0314474 0.9993 0.0197608 0.00453824 
38.3695 -19.481 -4.28645 237.073 0.0321441 0.999293 0.0188545 0.00491375 
38.4733 -19.4667 -4.25571 235.684 0.0329364 0.99926 0.0191129 0.00544552 
38.577 -19.4501 -4.2238 234.291 0.0331548 0.999216 0.0208353 0.0058949 
38.6808 -19.4304 -4.18669 232.893 0.0325886 0.999222 0.0212562 0.00646786 
38.7846 -19.4066 -4.15292 231.492 0.0319515 0.999232 0.0216048 0.00688404 
38.8884 -19.3813 -4.12114 230.091 0.03105 0.999261 0.0214513 0.00726483 
38.9922 -19.3556 -4.09135 228.688 0.0302622 0.999289 0.0211899 0.00755022 
39.0959 -19.3324 -4.06108 227.283 0.0304108 0.999297 0.0205629 0.00766279 
39.1996 -19.3094 -4.0312 225.871 0.030376 0.999315 0.0196451 0.00775507 
39.3034 -19.2882 -4.00341 224.454 0.0309253 0.999292 0.0199567 0.00778917 
39.4073 -19.2653 -3.97516 223.034 0.0308137 0.999284 0.0204514 0.00796158 
39.511 -19.241 -3.94556 221.611 0.0308866 0.999273 0.0208449 0.00802476 
39.6148 -19.2149 -3.91575 220.186 0.0303343 0.999282 0.021224 0.00804313 
39.7185 -19.1907 -3.88454 218.756 0.0307445 0.999269 0.021307 0.00793518 
39.8222 -19.1647 -3.85191 217.328 0.0304679 0.999294 0.0204602 0.00800811 
39.9259 -19.1405 -3.81669 215.892 0.0312979 0.999257 0.0210171 0.00804795 
40.0297 -19.1149 -3.78382 214.452 0.031475 0.999234 0.0218206 0.00804917 
40.1334 -19.084 -3.74454 213.011 0.0316227 0.999235 0.0215321 0.00805516 
40.237 -19.0532 -3.70667 211.57 0.0318946 0.999255 0.0201866 0.00806511 
40.3408 -19.0221 -3.6702 210.124 0.0319873 0.999256 0.0199817 0.00800069 
40.4445 -18.9904 -3.63417 208.672 0.0316574 0.999254 0.0205814 0.00804407 
40.5483 -18.9602 -3.59675 207.219 0.0317732 0.999272 0.0195118 0.00804449 
40.652 -18.9279 -3.55915 205.758 0.031311 0.999276 0.0200464 0.00813247 
40.7558 -18.8961 -3.52479 204.295 0.0307251 0.999268 0.0213355 0.00801045 
40.8595 -18.8648 -3.48764 202.832 0.030581 0.999276 0.0211749 0.00798203 
40.9633 -18.8371 -3.45304 201.368 0.0310798 0.999262 0.0211244 0.00800613 
41.067 -18.809 -3.41917 199.909 0.031274 0.999266 0.0206076 0.00804203 
41.1708 -18.7808 -3.38478 198.44 0.0315377 0.999237 0.0216725 0.00782637 
41.2745 -18.7519 -3.35064 196.976 0.0312039 0.999219 0.0230624 0.00744486 
41.3783 -18.7236 -3.31386 195.515 0.0306539 0.999235 0.0232589 0.00693095 
41.4821 -18.6972 -3.27644 194.056 0.0303015 0.999252 0.02317 0.00638543 
41.5859 -18.6712 -3.24151 192.6 0.0297147 0.999265 0.0234612 0.00598095 
41.6897 -18.648 -3.20505 191.144 0.0297857 0.999272 0.0232242 0.00546263 
41.7935 -18.6285 -3.17062 189.691 0.0302577 0.999273 0.0226586 0.00504891 
41.8973 -18.6104 -3.13828 188.243 0.0305905 0.999267 0.0225104 0.00476034 
42.001 -18.5941 -3.1077 186.794 0.0305214 0.999263 0.0228517 0.00451291 
42.1048 -18.5769 -3.07584 185.352 0.0304498 0.999274 0.0225187 0.0041049 
42.2085 -18.5605 -3.04424 183.909 0.030335 0.999267 0.023017 0.00381632 
42.3123 -18.546 -3.01113 182.469 0.030199 0.999254 0.0238237 0.00346252 
42.416 -18.5334 -2.97727 181.032 0.0302253 0.999245 0.0242374 0.00288348 
42.5199 -18.5232 -2.94218 179.601 0.0301598 0.999268 0.0234764 0.00189142 
42.6237 -18.5152 -2.90829 178.175 0.0299903 0.999285 0.0230163 0.000929957 
42.7274 -18.5107 -2.87354 176.751 0.0302853 0.999258 0.0237806 -0.00010485 
42.8312 -18.5102 -2.83865 175.337 0.0306957 0.999222 0.0247385 -0.0010927 
42.9349 -18.5133 -2.80321 173.93 0.0312212 0.999216 0.0242546 -0.00217307 
43.0387 -18.5183 -2.76955 172.537 0.0312713 0.999211 0.0242582 -0.00316848 
43.1424 -18.5267 -2.73603 171.156 0.0313646 0.999185 0.0250489 -0.00419894 
43.2462 -18.5371 -2.70136 169.792 0.0313817 0.999161 0.0257968 -0.00525889 
43.3499 -18.5517 -2.66695 168.447 0.0317602 0.999125 0.0264706 -0.00634783 
43.4537 -18.5681 -2.63353 167.126 0.031864 0.999127 0.0260241 -0.00719331 
43.5574 -18.587 -2.59924 165.822 0.0323137 0.999105 0.0260741 -0.00802081 
43.661 -18.605 -2.56588 164.539 0.0318707 0.999074 0.0275861 -0.00857205 
43.7648 -18.6254 -2.5336 163.279 0.0320783 0.999065 0.027597 -0.00884019 
43.8685 -18.6444 -2.5028 162.047 0.0319138 0.999097 0.02663 -0.00883275 
43.9723 -18.6621 -2.47385 160.837 0.0315489 0.999118 0.0262958 -0.00876347 
44.0759 -18.6821 -2.44759 159.653 0.032025 0.9991 0.0264194 -0.00866327 
44.1797 -18.7004 -2.42222 158.493 0.0320737 0.999101 0.0263745 -0.00854823 
44.2833 -18.7172 -2.39686 157.36 0.0318608 0.999096 0.0268663 -0.0083307 
44.387 -18.7334 -2.3708 156.25 0.0321002 0.999067 0.0277602 -0.00801119 
44.4908 -18.7489 -2.34737 155.169 0.031795 0.999064 0.0282687 -0.00775982 
44.5945 -18.7623 -2.32265 154.117 0.0312008 0.999097 0.0278451 -0.0075183 
44.6983 -18.7779 -2.29743 153.088 0.0315077 0.999104 0.0273076 -0.00732022 
44.8022 -18.7924 -2.27446 152.087 0.0316995 0.999114 0.0267978 -0.00699361 
44.9059 -18.8044 -2.25235 151.111 0.0312421 0.999128 0.0268543 -0.00675319 
45.0098 -18.8164 -2.23022 150.162 0.0316413 0.999103 0.027381 -0.00652356 
45.1135 -18.8274 -2.20994 149.24 0.0315238 0.9991 0.0276883 -0.00626722 
45.2174 -18.8377 -2.18775 148.339 0.0316804 0.999093 0.0277922 -0.00608844 
45.3212 -18.8475 -2.1648 147.461 0.0318107 0.999087 0.0279474 -0.00573769 
45.425 -18.8548 -2.1442 146.599 0.0310875 0.999117 0.0277319 -0.00540226 
45.5289 -18.8628 -2.12351 145.754 0.0315736 0.999135 0.0265517 -0.00523639 
45.6328 -18.8738 -2.10087 144.922 0.0330583 0.999117 0.0254253 -0.00514076 
45.7367 -18.8824 -2.07834 144.104 0.0337588 0.999107 0.0249224 -0.00492494 
45.8405 -18.8863 -2.05941 143.302 0.0331802 0.999122 0.0250896 -0.00496146 
45.9444 -18.892 -2.04211 142.52 0.0332896 0.999124 0.024895 -0.00481728 
46.0484 -18.9013 -2.02299 141.752 0.0343961 0.99911 0.0239683 -0.00473474 
46.1524 -18.9087 -2.00512 140.993 0.034683 0.999107 0.0236454 -0.00475702 
46.2563 -18.9135 -1.9894 140.242 0.0345213 0.999104 0.0239767 -0.00495534 
46.3603 -18.9195 -1.97456 139.499 0.0345477 0.99909 0.0244429 -0.0052513 
46.4643 -18.9268 -1.96053 138.765 0.0349193 0.999082 0.0241958 -0.00552208 
46.5683 -18.9351 -1.94437 138.044 0.0355901 0.999068 0.0237224 -0.00578504 
46.6723 -18.9444 -1.92816 137.33 0.036169 0.999059 0.0231921 -0.00599618 
46.7763 -18.9546 -1.91499 136.621 0.0368897 0.999055 0.022171 -0.00607836 
46.8803 -18.9643 -1.90532 135.917 0.0371257 0.999069 0.0210635 -0.00626173 
46.9843 -18.9737 -1.89527 135.216 0.0376428 0.99907 0.0199351 -0.00661501 
47.0883 -18.9791 -1.88135 134.517 0.0368798 0.999118 0.0188449 -0.00686231 
47.1923 -18.9831 -1.86792 133.82 0.035964 0.999163 0.018127 -0.00712148 
47.2963 -18.991 -1.85486 133.124 0.0364235 0.999134 0.018711 -0.00732971 
47.4003 -19.0039 -1.83902 132.429 0.0380281 0.999046 0.0201109 -0.0074621 
47.5044 -19.0082 -1.82907 131.74 0.0361708 0.999115 0.0200535 -0.00765223 
47.6084 -19.0074 -1.82356 131.06 0.0332362 0.999236 0.018992 -0.00786417 
47.7124 -19.0117 -1.81349 130.377 0.0318569 0.999322 0.0167577 -0.00773199 
47.8164 -19.0266 -1.8 129.693 0.0338243 0.999319 0.0125992 -0.00762855 
47.9204 -19.0298 -1.79041 128.995 0.0318876 0.999394 0.011666 -0.00761882 
48.0244 -19.0297 -1.78324 128.287 0.0293547 0.999461 0.0127894 -0.00725507 
48.1284 -19.0329 -1.7736 127.564 0.0279443 0.999482 0.0144389 -0.0068583 
48.2324 -19.0369 -1.76235 126.832 0.0270873 0.999488 0.0159078 -0.00603396 
48.3364 -19.0409 -1.75174 126.09 0.0270589 0.999484 0.0165188 -0.00507047 
48.4404 -19.0431 -1.73955 125.339 0.0269799 0.9995 0.0161151 -0.00362018 
48.5444 -19.0406 -1.72188 124.575 0.0265557 0.999532 0.0150652 -0.00182895 
48.6484 -19.034 -1.70496 123.793 0.0255778 0.999559 0.0151067 -0.00029763 
48.7524 -19.0261 -1.68911 122.991 0.0249194 0.999548 0.0167448 0.00138244 
48.8564 -19.0174 -1.67161 122.172 0.0249856 0.999498 0.0192023 0.00314015 
48.9604 -19.0079 -1.65137 121.337 0.0258072 0.999444 0.0205691 0.00480689 
49.0645 -18.9955 -1.63046 120.489 0.0265199 0.999408 0.0208583 0.00665952 
49.1685 -18.9811 -1.60683 119.622 0.0274224 0.999385 0.020149 0.00850931 
49.2725 -18.9624 -1.58386 118.74 0.0281428 0.99937 0.0188595 0.0105672 
49.3765 -18.9409 -1.56236 117.841 0.0292402 0.999327 0.0183182 0.0124779 
49.4805 -18.9125 -1.53944 116.921 0.0298501 0.999278 0.0184597 0.0145157 
49.5845 -18.8816 -1.51858 115.984 0.0305949 0.999205 0.0195159 0.0164837 
49.6885 -18.8457 -1.49574 115.028 0.0312676 0.999123 0.0206602 0.0186702 
49.7925 -18.8074 -1.47269 114.057 0.0327899 0.999037 0.020545 0.0207044 
49.8965 -18.7626 -1.44961 113.072 0.0335737 0.998982 0.0195353 0.0229263 
50.0005 -18.711 -1.42582 112.07 0.0341545 0.998945 0.0178413 0.0249688 
50.1046 -18.6547 -1.40278 111.05 0.0345856 0.998894 0.017036 0.0269101 
50.2085 -18.5927 -1.38209 110.01 0.0345532 0.998854 0.0171093 0.0283391 
50.3125 -18.5267 -1.36259 108.955 0.0346295 0.998828 0.0169326 0.029275 
50.4165 -18.4584 -1.34335 107.885 0.0341387 0.998852 0.0156891 0.0297304 
50.5205 -18.3897 -1.32609 106.796 0.0338864 0.998878 0.0141638 0.0298943 
50.6247 -18.3238 -1.30756 105.693 0.0348994 0.998867 0.0125861 0.0298057 
50.7287 -18.2568 -1.28814 104.562 0.0356363 0.998829 0.0141457 0.0295118 
50.8327 -18.1872 -1.26905 103.411 0.0354199 0.998788 0.0174707 0.0293642 
50.9368 -18.1174 -1.24473 102.246 0.0357117 0.998763 0.0186293 0.0291622 
51.0408 -18.045 -1.21998 101.074 0.0352511 0.998807 0.0174491 0.0289448 
51.1448 -17.972 -1.19566 99.8817 0.0348143 0.998848 0.0165825 0.028549 
51.2488 -17.8976 -1.17289 98.6718 0.0341195 0.998875 0.0168535 0.0282856 
51.3528 -17.825 -1.15122 97.4478 0.0340754 0.998886 0.0165273 0.0281442 
51.4568 -17.7537 -1.12679 96.2086 0.0344994 0.998888 0.0160946 0.0277995 
51.5608 -17.6842 -1.10252 94.9527 0.0346525 0.998874 0.0175949 0.0272073 
51.6648 -17.6127 -1.07749 93.6775 0.0340404 0.998894 0.018879 0.0263865 
51.7688 -17.5437 -1.04997 92.3932 0.0337543 0.998947 0.017839 0.0254485 
51.8728 -17.4771 -1.02226 91.0903 0.033379 0.998989 0.0178616 0.0242302 
51.9768 -17.41 -0.999006 89.7748 0.0317917 0.999076 0.0175951 0.022951 
52.0808 -17.3507 -0.97534 88.4541 0.0328806 0.999149 0.0127244 0.0214274 
52.1847 -17.2933 -0.958478 87.1097 0.0328482 0.999202 0.0105858 0.0200971 
52.2887 -17.2398 -0.944055 85.7375 0.0328659 0.999177 0.0146333 0.0187214 
52.3927 -17.1883 -0.921829 84.3517 0.0325421 0.999157 0.0180144 0.0174005 
52.4967 -17.1385 -0.892592 82.9564 0.0320794 0.999188 0.0183322 0.0160779 
52.6007 -17.0909 -0.862118 81.5532 0.0316182 0.999239 0.017347 0.0148757 
52.7045 -17.0483 -0.833061 80.1265 0.0315921 0.999264 0.0168804 0.0137023 
52.8085 -17.0091 -0.805378 78.6838 0.0320201 0.99926 0.0171425 0.012648 
52.9124 -16.9736 -0.77713 77.2278 0.0328649 0.999243 0.0172357 0.0116813 
53.0164 -16.9389 -0.74786 75.7575 0.0330059 0.999235 0.01806 0.0107116 
53.1203 -16.9054 -0.718759 74.2844 0.0326397 0.999236 0.0192483 0.00959698 
53.2242 -16.8736 -0.688618 72.8087 0.0320034 0.999236 0.0207189 0.00855031 
53.328 -16.8449 -0.658898 71.3345 0.0314513 0.999224 0.0224685 0.00753836 
53.4319 -16.8211 -0.626696 69.8619 0.0317342 0.99921 0.0229684 0.00666204 
53.5358 -16.7985 -0.593621 68.394 0.0317523 0.999228 0.0223481 0.006001 
53.6397 -16.7792 -0.561778 66.9246 0.0320367 0.999232 0.0219057 0.00537549 
53.7434 -16.7602 -0.530047 65.4569 0.0320556 0.999231 0.0220414 0.00489413 
53.8473 -16.7413 -0.498323 63.9872 0.0315724 0.999238 0.0224822 0.00454751 
53.9512 -16.7237 -0.466239 62.5225 0.0314589 0.999247 0.0222978 0.00422502 
54.0549 -16.7074 -0.434222 61.0593 0.0315506 0.999275 0.0209531 0.00390898 
54.1588 -16.6926 -0.402897 59.5885 0.0319611 0.999252 0.0214324 0.003714 
54.2625 -16.6773 -0.369666 58.1185 0.0321795 0.999197 0.0236059 0.00367141 
54.3663 -16.6607 -0.331875 56.651 0.0323011 0.999157 0.0250769 0.00374422 
54.4702 -16.6429 -0.292801 55.1885 0.0320969 0.999169 0.024785 0.00409889 
54.5739 -16.6229 -0.25535 53.7352 0.0322272 0.999206 0.0229594 0.00459451 
54.6777 -16.6009 -0.223878 52.277 0.0316555 0.999261 0.0212134 0.00503953 
54.7815 -16.5778 -0.195088 50.8207 0.0315692 0.99927 0.0208196 0.00541392 
54.8853 -16.5545 -0.166754 49.3668 0.0312053 0.999263 0.0215821 0.00575362 
54.9892 -16.5315 -0.136119 47.9114 0.0317903 0.999212 0.0229531 0.00608272 
55.0929 -16.5059 -0.101866 46.4611 0.0314926 0.999179 0.0246752 0.00643258 
55.1968 -16.4782 -0.0668298 45.0138 0.030702 0.999201 0.0247213 0.00658991 
55.3005 -16.4517 -0.033908 43.5757 0.0306512 0.999257 0.0224374 0.00657411 
55.4044 -16.4254 -0.00428615 42.137 0.0305467 0.999298 0.0207266 0.00636797 
55.5082 -16.4018 0.0226727 40.6979 0.0308707 0.999284 0.0210018 0.00612232 
55.6119 -16.38 0.0513988 39.2618 0.0314785 0.999233 0.0224975 0.00596347 
55.7158 -16.3568 0.0806055 37.8248 0.0312265 0.999226 0.0232281 0.00577183 
55.8195 -16.3325 0.111825 36.3968 0.0306183 0.999263 0.0225005 0.0054644 
55.9233 -16.3076 0.141409 34.97 0.0296989 0.999299 0.0221746 0.00518668 
56.0272 -16.2847 0.170682 33.5444 0.0292562 0.999322 0.0218009 0.00490626 
56.1309 -16.264 0.199871 32.1247 0.0296581 0.999322 0.0212818 0.00475326 
56.2347 -16.2461 0.227999 30.7078 0.0305886 0.999296 0.0211974 0.00466747 
56.3384 -16.2299 0.257281 29.2847 0.0318506 0.999241 0.0219351 0.00461128 
56.4423 -16.2128 0.286007 27.8676 0.0321196 0.999222 0.0224145 0.0045733 
56.546 -16.1949 0.31566 26.4574 0.0321249 0.999237 0.0217503 0.00455181 
56.6498 -16.1748 0.345532 25.0502 0.0313198 0.999264 0.02172 0.00439424 
56.7535 -16.1536 0.374359 23.6461 0.0303188 0.999294 0.021777 0.00420053 
56.8573 -16.1341 0.404138 22.2484 0.0298366 0.999311 0.0216903 0.00405292 
56.9611 -16.1162 0.432365 20.8566 0.0297382 0.9993 0.0223581 0.0039682 
57.0648 -16.1004 0.461558 19.4725 0.0301629 0.999283 0.0225466 0.00388468 
57.1685 -16.0866 0.492678 18.0884 0.0308329 0.999256 0.0228793 0.00377034 
57.2723 -16.0726 0.52366 16.7084 0.0310053 0.999237 0.0234427 0.00375073 
57.3762 -16.0573 0.553933 15.333 0.0308419 0.999271 0.0222061 0.00357859 
57.4799 -16.0404 0.582246 13.9623 0.0297629 0.999352 0.0199656 0.00333725 
57.5837 -16.0196 0.605206 12.595 0.0277442 0.999431 0.0189175 0.00329466 
57.6874 -15.9999 0.627781 11.2215 0.0261138 0.999457 0.0197883 0.00340014 
57.7912 -15.9818 0.653636 9.853 0.0255855 0.99944 0.0212784 0.00353837 
57.8949 -15.9675 0.682198 8.48738 0.0261991 0.999408 0.0220364 0.00353643 
57.9987 -15.9576 0.712668 7.1228 0.0282923 0.99932 0.0233507 0.00368866 
58.1024 -15.9496 0.744327 5.76379 0.0306249 0.999233 0.0241236 0.00379679 
58.2062 -15.9388 0.778721 4.40032 0.0318699 0.999204 0.0237067 0.00381444 
58.31 -15.9259 0.8126 3.03892 0.0325627 0.999206 0.0226154 0.00389503 
58.4138 -15.9092 0.844665 1.6761 0.0322291 0.999247 0.0212585 0.00374978 
58.5175 -15.8896 0.875418 0.308944 0.0311324 0.999289 0.0209774 0.00359781 
58.6214 -15.8712 0.904504 -1.06317 0.0302742 0.999311 0.0212001 0.0034917 
58.7252 -15.854 0.933255 -2.43652 0.0298822 0.999327 0.0210106 0.00336578 
58.8291 -15.8384 0.960124 -3.81359 0.0299766 0.999343 0.020082 0.00330349 
58.9328 -15.8232 0.987097 -5.19233 0.0297325 0.999356 0.0198375 0.00323743 
59.0365 -15.8082 1.01409 -6.57647 0.0296414 0.999352 0.0201694 0.00321515 
59.1404 -15.7912 1.04196 -7.96603 0.0289995 0.999375 0.0199717 0.00316688 
59.2442 -15.7739 1.07072 -9.35714 0.0280239 0.999402 0.0200323 0.00294164 
59.348 -15.7559 1.10059 -10.7552 0.0267935 0.999407 0.0214241 0.00284705 
59.4518 -15.7385 1.12967 -12.1499 0.0259426 0.999428 0.0215242 0.0027178 
59.5556 -15.7223 1.15992 -13.5475 0.0257115 0.999468 0.0198936 0.00252205 
59.6594 -15.7058 1.18872 -14.951 0.0251102 0.999493 0.0193975 0.00255196 
59.7632 -15.6909 1.21456 -16.3591 0.0250052 0.999484 0.0199861 0.00272677 
59.8669 -15.6752 1.2389 -17.7644 0.0244195 0.999518 0.0189504 0.00278064 
59.9708 -15.6595 1.25838 -19.1735 0.0239159 0.999565 0.0170227 0.00287926 
60.0746 -15.6435 1.27911 -20.5842 0.0236341 0.999579 0.0165849 0.0029883 
60.1783 -15.6299 1.29821 -22.0039 0.0240262 0.99955 0.0176832 0.00313103 
60.2822 -15.6178 1.32013 -23.4244 0.0254758 0.999507 0.018026 0.00337649 
60.3859 -15.606 1.34248 -24.845 0.0264109 0.999489 0.0176339 0.00363981 
60.4897 -15.5903 1.36253 -26.2678 0.0261814 0.999492 0.0177864 0.00384856 
60.5934 -15.5733 1.38167 -27.688 0.0259269 0.999516 0.0167739 0.00381266 
60.6972 -15.554 1.40128 -29.1154 0.0253747 0.999526 0.0169705 0.00386286 
60.801 -15.5368 1.42384 -30.5478 0.0251602 0.999491 0.0191714 0.00414329 
60.9048 -15.5214 1.4506 -31.9731 0.0263505 0.999453 0.0194732 0.00443399 
61.0085 -15.5077 1.47449 -33.3961 0.0277254 0.999428 0.0187266 0.0048753 
61.1123 -15.4933 1.49691 -34.82 0.0287015 0.999394 0.0189819 0.00520843 
61.2162 -15.4766 1.51964 -36.2445 0.0293797 0.999361 0.0196477 0.00538065 
61.3199 -15.4609 1.54276 -37.6656 0.0303725 0.999328 0.0197815 0.00547241 
61.4237 -15.4441 1.56685 -39.0822 0.0314874 0.999288 0.0200017 0.0056264 
61.5275 -15.4267 1.59371 -40.499 0.0323858 0.999243 0.0207571 0.00580413 
61.6313 -15.4093 1.62115 -41.9139 0.0333188 0.999202 0.0212495 0.00584363 
61.7351 -15.3925 1.64734 -43.3226 0.0344625 0.999196 0.0196424 0.00585202 
61.8388 -15.3752 1.67019 -44.7246 0.0356662 0.9992 0.017051 0.00597846 
61.9425 -15.357 1.68978 -46.1304 0.0359663 0.999197 0.0166089 0.00606414 
62.0464 -15.3378 1.71026 -47.538 0.0360549 0.999168 0.018053 0.0061062 
62.1502 -15.3171 1.73364 -48.944 0.0358483 0.999168 0.0184734 0.00610983 
62.2539 -15.2972 1.75778 -50.3466 0.035636 0.999184 0.0180317 0.00602523 
62.3577 -15.277 1.78328 -51.7485 0.0357286 0.999184 0.0178284 0.00604398 
62.4616 -15.2568 1.8087 -53.1527 0.0353885 0.999182 0.0186264 0.00601977 
62.5653 -15.2375 1.83399 -54.5479 0.0356553 0.999195 0.0175031 0.00568429 
62.669 -15.2177 1.85964 -55.9495 0.035155 0.999224 0.0169579 0.00526875 
62.7729 -15.1995 1.88302 -57.3521 0.0350415 0.99922 0.0175948 0.0047234 
62.8767 -15.1841 1.90589 -58.7514 0.0354795 0.999205 0.0176629 0.00435632 
62.9806 -15.1701 1.92781 -60.1507 0.0359691 0.999202 0.0169176 0.00389716 
63.0843 -15.157 1.9492 -61.5494 0.0357968 0.999211 0.016824 0.00352577 
63.1882 -15.1423 1.96959 -62.9515 0.035494 0.999214 0.0173559 0.00310704 
63.2919 -15.128 1.98995 -64.3508 0.0351238 0.999224 0.0175988 0.00268405 
63.3958 -15.1134 2.0103 -65.7507 0.034537 0.999242 0.0177929 0.0023054 
63.4995 -15.1012 2.03155 -67.1465 0.0345225 0.999243 0.0178258 0.00197207 
63.6034 -15.0914 2.05244 -68.5388 0.0344633 0.999244 0.0178779 0.00178144 
63.7072 -15.083 2.07123 -69.9346 0.0349376 0.999234 0.0175479 0.00176321 
63.8111 -15.0745 2.08736 -71.3233 0.0351866 0.999249 0.0161389 0.0019391 
63.9148 -15.0644 2.10281 -72.7084 0.0351804 0.999253 0.0158652 0.00205504 
64.0187 -15.0538 2.11708 -74.0953 0.0355901 0.999226 0.0165789 0.00231189 
64.1224 -15.0432 2.13072 -75.4762 0.0363826 0.999182 0.017473 0.00267985 
64.2262 -15.0308 2.14655 -76.8564 0.0368658 0.99914 0.0186776 0.00322594 
64.33 -15.0168 2.16346 -78.2265 0.0372325 0.999129 0.0184412 0.00382343 
64.4338 -14.9983 2.17982 -79.5932 0.037154 0.999163 0.0166188 0.00414676 
64.5376 -14.9793 2.19119 -80.9536 0.0362328 0.999219 0.0151963 0.00431386 
64.6414 -14.9596 2.20092 -82.3173 0.0355702 0.999231 0.0158956 0.0043597 
64.7453 -14.9413 2.21439 -83.6805 0.0356177 0.999189 0.0182676 0.00435738 
64.8491 -14.9247 2.23251 -85.0349 0.0358734 0.999154 0.0196077 0.00439468 
64.9529 -14.9082 2.25086 -86.384 0.0361836 0.999145 0.0195242 0.00434535 
65.0567 -14.8919 2.26864 -87.7267 0.0362204 0.999159 0.0187495 0.00416065 
65.1606 -14.874 2.28236 -89.0704 0.0358943 0.99919 0.0178161 0.00373806 
65.2643 -14.8566 2.29699 -90.408 0.0353398 0.99922 0.0173155 0.00327929 
65.368 -14.8392 2.31115 -91.7411 0.0347503 0.999235 0.0177306 0.00277615 
65.4719 -14.8243 2.32693 -93.0767 0.0346079 0.999225 0.0186033 0.00245386 
65.5757 -14.8108 2.3415 -94.4004 0.0346054 0.999237 0.0179879 0.00207934 
65.6794 -14.798 2.3579 -95.7244 0.0346019 0.999248 0.0174332 0.00178935 
65.7832 -14.787 2.37419 -97.0455 0.0346984 0.999233 0.0180763 0.00144244 
65.8869 -14.776 2.38983 -98.3634 0.0344325 0.99923 0.0187688 0.0010908 
65.9908 -14.767 2.40784 -99.6766 0.0343733 0.999236 0.0185852 0.00058151 
66.0945 -14.7585 2.42687 -100.984 0.034565 0.999226 0.018788 0.00018586 
66.1983 -14.7518 2.44439 -102.29 0.0346118 0.999228 0.0185989 -0.000205423 
66.3021 -14.7441 2.46267 -103.593 0.0344802 0.999233 0.0185701 -0.000525508 
66.406 -14.7396 2.48036 -104.892 0.0347075 0.999225 0.018547 -0.000848559 
66.5097 -14.7342 2.49831 -106.186 0.0343669 0.999241 0.0182804 -0.0011637 
66.6134 -14.7307 2.51495 -107.473 0.0343341 0.999252 0.0177197 -0.00155671 
66.7173 -14.7282 2.53066 -108.763 0.0344931 0.999259 0.016962 -0.00176344 
66.821 -14.7273 2.54739 -110.046 0.0347188 0.999243 0.017415 -0.00198416 
66.9248 -14.7256 2.56369 -111.329 0.0345678 0.99922 0.0189765 -0.00197313 
67.0287 -14.7248 2.58215 -112.605 0.0350308 0.999217 0.0183087 -0.0019035 
67.1324 -14.7215 2.60037 -113.877 0.0347349 0.999237 0.0177479 -0.00177031 
67.2363 -14.7196 2.61724 -115.148 0.0350627 0.99922 0.0180785 -0.00178225 
67.3401 -14.7178 2.6342 -116.411 0.035452 0.999202 0.0183257 -0.00166239 
67.4438 -14.7158 2.65091 -117.669 0.0356256 0.999187 0.0187926 -0.00147201 
67.5477 -14.7128 2.66779 -118.924 0.0354469 0.999185 0.0192725 -0.00137397 
67.6516 -14.7098 2.68566 -120.173 0.0355804 0.999186 0.0189837 -0.00132671 
67.7553 -14.7057 2.70391 -121.414 0.0353341 0.999194 0.0189864 -0.00131696 
67.8591 -14.7029 2.71994 -122.645 0.0353866 0.999194 0.0188979 -0.00141288 
67.9629 -14.7005 2.73591 -123.867 0.035137 0.999207 0.0186392 -0.00167832 
68.0668 -14.6988 2.7515 -125.082 0.0346341 0.999219 0.0188876 -0.00232281 
68.1706 -14.6983 2.7678 -126.287 0.0340685 0.999226 0.0194356 -0.00294619 
68.2744 -14.6985 2.78482 -127.485 0.033427 0.999238 0.0198573 -0.00353972 
68.3782 -14.7012 2.80139 -128.67 0.0331327 0.999254 0.0193747 -0.00420877 
68.4821 -14.7061 2.81753 -129.845 0.0332461 0.999265 0.0184969 -0.00479714 
68.5859 -14.7123 2.83317 -131.009 0.033451 0.99926 0.0183024 -0.00511209 
68.6897 -14.719 2.84869 -132.162 0.0339005 0.999226 0.0192974 -0.00512054 
68.7936 -14.7249 2.864 -133.3 0.0341787 0.999193 0.0205044 -0.00500801 
68.8974 -14.7333 2.88027 -134.417 0.0352101 0.999149 0.0208825 -0.00504447 
69.0012 -14.7431 2.89521 -135.514 0.0361761 0.999123 0.0204585 -0.0050219 
69.1051 -14.7462 2.91317 -136.594 0.0352683 0.999144 0.0210078 -0.00518592 
69.2089 -14.7523 2.92894 -137.654 0.0353369 0.999107 0.0225846 -0.00517304 
69.3128 -14.7585 2.94671 -138.687 0.0353645 0.999104 0.0225128 -0.00584746 
69.4168 -14.7647 2.96476 -139.696 0.0347283 0.999137 0.0217279 -0.00681787 
69.5207 -14.7736 2.97953 -140.676 0.0345157 0.999137 0.0218667 -0.00749565 
69.6246 -14.7849 2.99326 -141.631 0.0350272 0.999108 0.022166 -0.00805096 
69.7284 -14.7974 3.00678 -142.556 0.0355603 0.99908 0.0224277 -0.00843455 
69.8323 -14.8085 3.02 -143.452 0.0360016 0.999066 0.0224458 -0.0082455 
69.9363 -14.818 3.03284 -144.321 0.0369261 0.999047 0.0220783 -0.00732379 
70.0401 -14.8233 3.04471 -145.155 0.0387653 0.999009 0.0214446 -0.00438115 
70.1439 -14.8188 3.05566 -145.963 0.040974 0.998937 0.0210836 0.00127684 
70.2476 -14.7976 3.06559 -146.744 0.0429713 0.998808 0.0207904 0.0101637 
70.3512 -14.7546 3.07197 -147.499 0.043672 0.998594 0.0210674 0.0214021 
70.4548 -14.6882 3.07911 -148.225 0.0434595 0.99822 0.0224097 0.0341443 
70.5586 -14.5993 3.08604 -148.926 0.0427706 0.997625 0.023957 0.0483864 
70.6622 -14.492 3.08883 -149.595 0.0425832 0.996758 0.0241016 0.0638745 
70.7658 -14.3642 3.08778 -150.225 0.0432036 0.995464 0.0228714 0.0816187 
70.8694 -14.2131 3.08933 -150.833 0.0441678 0.993587 0.0208764 0.101974 
70.9731 -14.0365 3.09078 -151.416 0.0447852 0.991057 0.0191123 0.124237 
71.0767 -13.8334 3.08658 -151.95 0.0447076 0.9878 0.0180717 0.148077 
71.1803 -13.6085 3.07671 -152.477 0.0452507 0.983535 0.017697 0.174062 
71.2839 -13.3604 3.06086 -152.95 0.0462021 0.978165 0.0170846 0.201908 
71.3877 -13.0824 3.04676 -153.424 0.0459589 0.971709 0.016024 0.231112 
71.4913 -12.7772 3.03226 -153.874 0.0457406 0.964085 0.0152635 0.261181 
71.5951 -12.4465 3.01524 -154.267 0.0453427 0.955236 0.0145796 0.291986 
71.6988 -12.0933 2.99292 -154.666 0.0453793 0.945038 0.0141857 0.323484 
71.8024 -11.7165 2.96922 -155.033 0.0446354 0.933541 0.0136674 0.355418 
71.9062 -11.3181 2.94718 -155.331 0.0441081 0.920354 0.0135373 0.388355 
72.0098 -10.9011 2.92644 -155.63 0.0430409 0.905752 0.0131681 0.421411 
72.1137 -10.4659 2.90156 -155.856 0.040368 0.890199 0.012489 0.453608 
72.2174 -10.0204 2.87276 -156.083 0.0381773 0.873755 0.0113716 0.484733 
72.3213 -9.56712 2.84459 -156.278 0.0365724 0.856256 0.00987996 0.515161 
72.4252 -9.10629 2.81575 -156.406 0.0360434 0.837705 0.00903541 0.544857 
72.5291 -8.64203 2.78724 -156.539 0.0365208 0.818151 0.00801586 0.573786 
72.6329 -8.1744 2.7555 -156.635 0.0367154 0.797751 0.0059931 0.601838 
72.7369 -7.69941 2.72269 -156.663 0.0362552 0.776492 0.00406491 0.629071 
72.8408 -7.22146 2.69034 -156.69 0.0341977 0.754067 0.00280868 0.655901 
72.9448 -6.73417 2.66501 -156.651 0.0313578 0.730567 0.00419392 0.682108 
73.0488 -6.24316 2.64127 -156.617 0.0285938 0.705942 0.00727224 0.707655 
73.1528 -5.75124 2.6152 -156.544 0.0242605 0.680369 0.0100843 0.732399 
73.2567 -5.26192 2.59331 -156.394 0.0191627 0.653863 0.0123069 0.756271 
73.3607 -4.77901 2.56936 -156.244 0.0143843 0.626222 0.0131845 0.779401 
73.4646 -4.30543 2.55295 -156.024 0.0125095 0.597538 0.01377 0.801625 
73.5686 -3.83834 2.54241 -155.808 0.011754 0.567919 0.0140153 0.822881 
73.6726 -3.37534 2.53483 -155.554 0.0102336 0.53759 0.0153479 0.843005 
73.7764 -2.92242 2.5307 -155.221 0.008118 0.506672 0.0167689 0.861937 
73.8804 -2.48057 2.52262 -154.891 0.00606046 0.475154 0.0177623 0.879702 
73.9844 -2.05796 2.51038 -154.484 0.0043325 0.443529 0.0173839 0.896081 
74.0884 -1.65388 2.49981 -154.079 0.00399858 0.412271 0.0160797 0.910911 
74.1926 -1.26849 2.49309 -153.64 0.00545523 0.381278 0.0154487 0.924315 
74.2966 -0.898358 2.48705 -153.141 0.00739279 0.350822 0.0157441 0.936281 
74.4007 -0.551078 2.47881 -152.632 0.00773922 0.320497 0.0156297 0.947089 
74.5048 -0.226137 2.46717 -152.061 0.00644169 0.289913 0.0155006 0.956906 
74.6088 0.0623072 2.4569 -151.484 0.004622 0.258334 0.0145871 0.965935 
74.7128 0.323482 2.44633 -150.88 0.00407284 0.226303 0.0150793 0.973932 
74.8169 0.552355 2.43316 -150.217 0.00287238 0.194726 0.0144438 0.980747 
74.9211 0.748482 2.42219 -149.55 0.00198149 0.1654 0.0135803 0.986131 
75.0252 0.912912 2.41062 -148.838 0.00206229 0.138765 0.0105857 0.990267 
75.1296 1.04825 2.40293 -148.113 0.00251193 0.115185 0.00745747 0.993313 
75.2338 1.16323 2.39343 -147.348 0.00258364 0.0944101 0.00472609 0.995519 
75.3382 1.26505 2.38345 -146.567 0.0019932 0.0761545 0.00447895 0.997084 
75.4426 1.3485 2.37192 -145.76 0.00105818 0.0592815 0.00433098 0.998231 
75.5469 1.40767 2.35947 -144.927 0.000538004 0.0439731 0.00379151 0.999025 
75.6513 1.44478 2.34692 -144.074 0.000450156 0.0306398 0.00217684 0.999528 
75.7557 1.46345 2.33266 -143.198 0.000735256 0.0195557 -0.00028382 0.999808 
75.8602 1.46968 2.31998 -142.303 0.00125093 0.0116158 -0.00287023 0.999928 
75.9647 1.46874 2.30591 -141.387 0.00190696 0.00675427 -0.00544401 0.999961 
76.0692 1.47132 2.29097 -140.451 0.0018755 0.00485293 -0.00718455 0.999961 
76.1737 1.47997 2.2747 -139.492 0.00149634 0.00438894 -0.00763627 0.99996 
76.2781 1.48934 2.26015 -138.515 0.000882448 0.00391985 -0.00699412 0.999967 
76.3825 1.49937 2.24674 -137.518 0.000408907 0.00332603 -0.00670101 0.999972 
76.4868 1.50484 2.23402 -136.505 0.000492619 0.00247526 -0.00587992 0.99998 
76.5911 1.50541 2.22017 -135.474 0.000797144 0.00132263 -0.00606363 0.99998 
76.6953 1.5045 2.20569 -134.422 0.000364974 0.000344938 -0.00586264 0.999983 
76.7994 1.50333 2.1902 -133.352 -0.000899264 -0.00055623 -0.00586082 0.999982 
76.9036 1.50163 2.17614 -132.265 -0.00145978 -0.00149251 -0.00508646 0.999985 
77.0077 1.49856 2.15963 -131.16 -0.000745709 -0.00229879 -0.00492042 0.999985 
77.1118 1.49165 2.14447 -130.039 9.86178e-05 -0.00291647 -0.00452558 0.999985 
77.2159 1.48238 2.12814 -128.9 0.000166159 -0.00352864 -0.00441196 0.999984 
77.3201 1.47002 2.11115 -127.744 0.000183707 -0.00389453 -0.00486065 0.999981 
77.4241 1.45844 2.09264 -126.576 0.000646847 -0.00408466 -0.00512888 0.999978 
77.5282 1.44772 2.07375 -125.388 0.00108724 -0.00405386 -0.00511718 0.999978 
77.6322 1.43672 2.05364 -124.185 0.00072714 -0.0037363 -0.00536751 0.999978 
77.7362 1.4264 2.03268 -122.965 0.000475522 -0.00326526 -0.00542256 0.99998 
77.8402 1.41804 2.00988 -121.734 0.00134518 -0.00252382 -0.00568676 0.99998 
77.9442 1.41318 1.9844 -120.492 0.00317562 -0.0015923 -0.0058286 0.999977 
78.0481 1.41038 1.95674 -119.231 0.00449756 -0.000738283 -0.00550808 0.999974 
78.1521 1.4074 1.92729 -117.951 0.00473304 -0.000234396 -0.0047398 0.999978 
78.2559 1.40577 1.89703 -116.657 0.00434184 -0.000293952 -0.00415553 0.999982 
78.3598 1.40266 1.86428 -115.348 0.00425253 -0.000827003 -0.00362251 0.999984 
78.4637 1.39673 1.83206 -114.029 0.00579437 -0.00144971 -0.0037047 0.999975 
78.5676 1.38503 1.80021 -112.695 0.00647607 -0.00265301 -0.00370409 0.999969 
78.6713 1.36969 1.76752 -111.341 0.0058728 -0.0041821 -0.00391736 0.999966 
78.7752 1.3518 1.73425 -109.973 0.0049801 -0.00546572 -0.00355232 0.999966 
78.8791 1.33055 1.70036 -108.593 0.00511764 -0.00615352 -0.00409099 0.99996 
78.9829 1.30829 1.66847 -107.2 0.00571538 -0.0067675 -0.00394059 0.999953 
79.0868 1.28483 1.63593 -105.791 0.0059516 -0.00736777 -0.00352864 0.999949 
79.1907 1.25962 1.60165 -104.368 0.00667869 -0.00784298 -0.00354584 0.999941 
79.2944 1.23026 1.56533 -102.932 0.00680275 -0.00836135 -0.0044382 0.999932 
79.3983 1.20221 1.53005 -101.479 0.00609492 -0.00845607 -0.0042339 0.999937 
79.5022 1.17007 1.49585 -100.008 0.00466974 -0.00826557 -0.00518911 0.999941 
79.6061 1.14214 1.46328 -98.5291 0.00363266 -0.00803529 -0.00527718 0.999947 
79.7099 1.11554 1.43616 -97.026 0.00248447 -0.00788561 -0.00479337 0.999954 
79.8138 1.08927 1.41068 -95.5157 -0.000591586 -0.00765709 -0.00508825 0.999958 
79.9176 1.06298 1.39069 -94.0023 -0.00341552 -0.00753709 -0.00525083 0.999952 
80.0215 1.03657 1.37467 -92.4914 -0.00484984 -0.00754308 -0.00562699 0.999944 
80.1252 1.00915 1.36142 -90.9823 -0.00587814 -0.00755096 -0.00651629 0.999933 
80.2289 0.984734 1.34847 -89.4761 -0.0062649 -0.00760358 -0.00624438 0.999932 
80.3328 0.961647 1.3334 -87.9732 -0.00538695 -0.00779748 -0.00599435 0.999937 
80.4367 0.939998 1.31647 -86.4669 -0.00410447 -0.00756595 -0.00561856 0.999947 
80.5404 0.919141 1.29831 -84.9672 -0.0040282 -0.00713106 -0.00531767 0.999952 
80.6443 0.899547 1.28285 -83.4544 -0.00541336 -0.00663476 -0.00543481 0.999949 
80.7481 0.883448 1.26824 -81.9495 -0.00533986 -0.00632772 -0.00454711 0.999955 
80.852 0.867953 1.25271 -80.4455 -0.0044617 -0.00608034 -0.00443508 0.999962 
80.9557 0.852047 1.23483 -78.9424 -0.00435679 -0.00575833 -0.00428588 0.999965 
81.0594 0.838174 1.21971 -77.4396 -0.00545688 -0.00550981 -0.00400441 0.999962 
81.1632 0.825573 1.20796 -75.9344 -0.00655545 -0.0051953 -0.00351932 0.999959 
81.2669 0.813423 1.19918 -74.432 -0.00735336 -0.00519825 -0.00327018 0.999954 
81.3707 0.800315 1.18937 -72.9364 -0.00692559 -0.00542427 -0.00304403 0.999957 
81.4746 0.784979 1.1769 -71.4434 -0.00466804 -0.00571664 -0.00319226 0.999968 
81.5783 0.763954 1.1606 -69.956 -0.00340729 -0.00606454 -0.00479859 0.999964 
81.6821 0.745043 1.1443 -68.4626 -0.00437284 -0.00627065 -0.00537348 0.999956 
81.7859 0.725241 1.12832 -66.9713 -0.00516411 -0.00641853 -0.00604873 0.999948 
81.8897 0.710763 1.1119 -65.4891 -0.00382767 -0.00668785 -0.00459726 0.99996 
81.9934 0.69463 1.0961 -64.0052 -0.0040958 -0.00712253 -0.00402185 0.999958 
82.0973 0.677741 1.08062 -62.5255 -0.00576452 -0.00747333 -0.00354142 0.999949 
82.2011 0.658775 1.06748 -61.0454 -0.00504938 -0.00801909 -0.00308969 0.99995 
82.3048 0.637038 1.04923 -59.5756 -0.00289265 -0.00868545 -0.00285671 0.999954 
82.4086 0.613503 1.03098 -58.1035 -0.00329346 -0.00929975 -0.00255039 0.999948 
82.5124 0.585664 1.01567 -56.6276 -0.00583917 -0.00992443 -0.00257634 0.99993 
82.6162 0.557118 1.00576 -55.1606 -0.00584479 -0.0105844 -0.00241665 0.999924 
82.72 0.525398 0.995703 -53.698 -0.00521671 -0.0110205 -0.0026535 0.999922 
82.8238 0.490709 0.984688 -52.2367 -0.00530062 -0.0110026 -0.003265 0.99992 
82.9276 0.456132 0.970952 -50.7785 -0.00535522 -0.0110462 -0.00392423 0.999917 
83.0314 0.423541 0.955865 -49.3229 -0.00514478 -0.0111341 -0.00396858 0.999917 
83.1352 0.392853 0.939187 -47.8694 -0.00473045 -0.011112 -0.0038092 0.99992 
83.2389 0.362164 0.923009 -46.418 -0.00476983 -0.0108648 -0.00348488 0.999924 
83.3428 0.333567 0.906968 -44.9684 -0.00481361 -0.010626 -0.0029661 0.999928 
83.4466 0.307032 0.891114 -43.5256 -0.00482048 -0.010332 -0.00222157 0.999933 
83.5504 0.280628 0.87547 -42.0791 -0.00564845 -0.00994429 -0.00185546 0.999933 
83.6543 0.254373 0.859437 -40.6366 -0.00567438 -0.00949767 -0.00195618 0.999937 
83.7582 0.228118 0.84361 -39.1972 -0.00500449 -0.00917264 -0.00220219 0.999943 
83.8621 0.202969 0.825329 -37.7625 -0.00401845 -0.00874079 -0.00246736 0.999951 
83.966 0.177799 0.806336 -36.328 -0.00370347 -0.00828151 -0.00306435 0.999954 
84.0699 0.153725 0.786514 -34.8951 -0.00488395 -0.00785279 -0.00403259 0.999949 
84.1737 0.132669 0.768286 -33.4638 -0.00573762 -0.00736657 -0.00441101 0.999947 
84.2777 0.113374 0.752231 -32.036 -0.00560524 -0.00680138 -0.00459375 0.999951 
84.3816 0.0974608 0.735284 -30.614 -0.00480563 -0.00621058 -0.00471182 0.999958 
84.4854 0.0848288 0.716896 -29.194 -0.00357691 -0.00547351 -0.00417054 0.99997 
84.5893 0.0722408 0.698098 -27.7775 -0.00405344 -0.00482474 -0.00425432 0.999971 
84.6932 0.0606257 0.678599 -26.356 -0.00511503 -0.00411827 -0.00455532 0.999968 
84.7971 0.0525687 0.658693 -24.9477 -0.00275887 -0.00338429 -0.0045429 0.99998 
84.9009 0.0439024 0.632931 -23.5434 5.82244e-05 -0.00276431 -0.00548357 0.999981 
85.0048 0.0372092 0.602174 -22.1399 0.00120217 -0.00217726 -0.00605005 0.999979 
85.1087 0.0323287 0.565375 -20.7384 0.00179961 -0.00169847 -0.00594767 0.999979 
85.2125 0.0292589 0.529558 -19.3406 0.00179087 -0.00131284 -0.00569324 0.999981 
85.3163 0.0266974 0.494739 -17.9437 0.000957783 -0.00114269 -0.0053767 0.999984 
85.4202 0.0251613 0.462474 -16.5503 -7.78613e-05 -0.000950207 -0.00494475 0.999987 
85.524 0.0241604 0.431254 -15.1661 -0.000234486 -0.000838888 -0.00432762 0.99999 
85.6278 0.0235453 0.398755 -13.7826 0.000783822 -0.00104373 -0.00390449 0.999992 
85.7316 0.0215879 0.367007 -12.4038 0.00118335 -0.0013476 -0.00351073 0.999992 
85.8353 0.0152809 0.334385 -11.0274 0.00063829 -0.00184756 -0.00411362 0.99999 
85.9391 0.00895588 0.301604 -9.65474 0.000202325 -0.00245358 -0.0040569 0.999989 
86.0428 -0.000536566 0.27162 -8.28514 5.58003e-05 -0.00312928 -0.00439213 0.999985 
86.1467 -0.00978548 0.24145 -6.91413 -0.000568846 -0.00368245 -0.00421409 0.999984 
86.2505 -0.0204447 0.210832 -5.54803 0.000341956 -0.00422703 -0.00385142 0.999984 
86.3542 -0.0311414 0.181287 -4.18329 0.00121837 -0.00438941 -0.00341584 0.999984 
86.4581 -0.0443722 0.147333 -2.81852 0.00158881 -0.00453101 -0.00356615 0.999982 
86.5618 -0.0578973 0.11347 -1.45629 0.00144954 -0.00471307 -0.00381108 0.999981 
86.6657 -0.0728973 0.0781693 -0.0907003 0.000936926 -0.00485282 -0.00409944 0.999979 
86.7695 -0.0886426 0.0459036 1.26942 0.00137754 -0.00491469 -0.00451781 0.999977 
86.8732 -0.103171 0.0117715 2.629 0.00135546 -0.00505152 -0.00474346 0.999975 
86.977 -0.117565 -0.0201632 3.98804 0.0011192 -0.00515613 -0.00484948 0.999974 
87.0807 -0.131883 -0.0534628 5.3441 0.00119815 -0.00522903 -0.00499167 0.999973 
87.1846 -0.145883 -0.0881206 6.70442 0.00138853 -0.0053294 -0.00475229 0.999974 
87.2883 -0.160177 -0.122172 8.05983 0.00168093 -0.00540478 -0.00479264 0.999972 
87.3921 -0.175095 -0.154637 9.4159 0.00109966 -0.00542016 -0.00473122 0.999974 
87.4958 -0.192609 -0.187042 10.7711 0.00047131 -0.00536717 -0.00560107 0.99997 
87.5997 -0.208154 -0.220746 12.1232 0.000655866 -0.00536436 -0.00548621 0.99997 
87.7035 -0.223104 -0.253449 13.4773 0.00107532 -0.00529902 -0.00548377 0.99997 
87.8073 -0.235533 -0.289202 14.8303 0.0011093 -0.00522552 -0.00528917 0.999972 
87.9111 -0.24822 -0.323711 16.1809 0.00107927 -0.00525581 -0.00537776 0.999971 
88.0149 -0.258853 -0.358279 17.5336 0.000741185 -0.00523478 -0.00486727 0.999974 
88.1187 -0.270914 -0.393605 18.8831 0.000537159 -0.00509047 -0.00480271 0.999975 
88.2226 -0.283357 -0.428489 20.2333 0.000780176 -0.00509594 -0.00486727 0.999975 
88.3263 -0.295209 -0.463001 21.5802 0.00131772 -0.00513323 -0.00472036 0.999975 
88.4302 -0.309468 -0.496613 22.9265 0.00106564 -0.00533727 -0.00505932 0.999972 
88.5341 -0.323376 -0.531503 24.2731 0.00096674 -0.00549461 -0.00499741 0.999972 
88.6378 -0.338072 -0.565242 25.6135 0.00114421 -0.00575284 -0.0050782 0.99997 
88.7416 -0.353458 -0.599164 26.9549 0.000409371 -0.00598442 -0.00497374 0.99997 
88.8454 -0.367457 -0.630802 28.2931 -0.000301415 -0.00606713 -0.00449661 0.999971 
88.9492 -0.383673 -0.661141 29.6238 5.1793e-05 -0.00599932 -0.0045458 0.999972 
89.0529 -0.39768 -0.692571 30.9509 0.000570281 -0.00582159 -0.00407474 0.999975 
89.1568 -0.413998 -0.724036 32.2825 0.000704876 -0.00565219 -0.00443019 0.999974 
89.2606 -0.427007 -0.756656 33.6065 0.0004346 -0.00539157 -0.00412224 0.999977 
89.3643 -0.439757 -0.788716 34.9269 0.000111067 -0.00513788 -0.00374204 0.99998 
89.4681 -0.451537 -0.820635 36.2434 0.000184649 -0.00493608 -0.00362874 0.999981 
89.5718 -0.461529 -0.851704 37.555 9.18666e-05 -0.00480412 -0.00295504 0.999984 
89.6756 -0.471855 -0.882457 38.8665 -0.000342317 -0.00471458 -0.00253459 0.999986 
89.7793 -0.483912 -0.911531 40.1738 -0.000915893 -0.00490531 -0.0022503 0.999985 
89.8832 -0.497489 -0.94036 41.4802 -0.00107649 -0.00540749 -0.00219777 0.999982 
89.9869 -0.512504 -0.96857 42.7784 -0.000947995 -0.00599424 -0.00240048 0.999979 
90.0907 -0.534623 -0.995653 44.076 -0.00149778 -0.00651247 -0.00377598 0.999971 
90.1945 -0.555204 -1.01928 45.3732 -0.00315019 -0.00687279 -0.00401174 0.999963 
90.2983 -0.578258 -1.03853 46.6701 -0.00500277 -0.00720609 -0.0044904 0.999951 
90.4021 -0.599992 -1.05363 47.9611 -0.00665412 -0.00760081 -0.00464268 0.999938 
90.5059 -0.623098 -1.06651 49.2494 -0.00745704 -0.00814294 -0.00479999 0.999928 
90.6097 -0.645636 -1.07581 50.5277 -0.00637705 -0.00858725 -0.00391501 0.999935 
90.7136 -0.674006 -1.08728 51.8104 -0.00541989 -0.00907502 -0.00459854 0.999934 
90.8173 -0.702063 -1.10074 53.0872 -0.00507666 -0.00962587 -0.00490457 0.999929 
90.9211 -0.73114 -1.11579 54.3609 -0.00510115 -0.0101923 -0.00530986 0.999921 
91.0248 -0.762477 -1.13043 55.6295 -0.0044643 -0.010709 -0.00544042 0.999918 
91.1287 -0.794281 -1.14478 56.9016 -0.00493947 -0.011257 -0.00555028 0.999909 
91.2325 -0.826899 -1.15994 58.1709 -0.00531925 -0.0117715 -0.00549634 0.999901 
91.3362 -0.859787 -1.17466 59.4341 -0.00525672 -0.0121661 -0.00560594 0.999896 
91.4399 -0.895091 -1.18876 60.6946 -0.00505328 -0.012494 -0.00581053 0.999892 
91.5437 -0.928288 -1.20386 61.9493 -0.00492727 -0.0127494 -0.00546245 0.999892 
91.6476 -0.962179 -1.21881 63.2074 -0.0044609 -0.0130987 -0.00471583 0.999893 
91.7512 -0.996173 -1.23409 64.4584 -0.00452995 -0.0135193 -0.00428547 0.999889 
91.8551 -1.03183 -1.25052 65.7102 -0.00536102 -0.0138886 -0.00425299 0.99988 
91.9588 -1.06865 -1.26781 66.9537 -0.00492773 -0.0141369 -0.00451466 0.999878 
92.0626 -1.10741 -1.28461 68.1914 -0.00400019 -0.0142754 -0.00537599 0.999876 
92.1663 -1.14827 -1.30304 69.4331 -0.00415979 -0.0142874 -0.00654687 0.999868 
92.2701 -1.18816 -1.3212 70.6688 -0.00417928 -0.014125 -0.00779474 0.999861 
92.3738 -1.22708 -1.33807 71.9003 -0.00432552 -0.01361 -0.00883129 0.999859 
92.4776 -1.26138 -1.35467 73.1272 -0.00522029 -0.0126484 -0.00891723 0.999867 
92.5813 -1.29346 -1.37064 74.3411 -0.0059071 -0.0118024 -0.00938131 0.999869 
92.6851 -1.31822 -1.38775 75.5436 -0.00576869 -0.0110697 -0.00829235 0.999888 
92.7888 -1.33708 -1.4063 76.7228 -0.00336817 -0.0102196 -0.00673145 0.999919 
92.8926 -1.3594 -1.42426 77.8869 -0.00361006 -0.00910629 -0.0074021 0.999925 
92.9963 -1.37797 -1.44331 79.0374 -0.0062664 -0.00770562 -0.0073302 0.999924 
93.1002 -1.3923 -1.45977 80.1599 -0.00648079 -0.00618997 -0.0077257 0.99993 
93.204 -1.40295 -1.47561 81.2677 -0.00471026 -0.00433836 -0.00785709 0.999949 
93.3078 -1.40727 -1.49546 82.3668 -0.00213649 -0.00284646 -0.00742552 0.999966 
93.4116 -1.40657 -1.51854 83.4619 0.000730456 -0.00141634 -0.00651498 0.999977 
93.5155 -1.40264 -1.5422 84.5575 0.00172834 -0.000197408 -0.00563625 0.999983 
93.6192 -1.39729 -1.56614 85.6552 0.000587629 0.000675595 -0.00494307 0.999987 
93.7231 -1.39409 -1.58721 86.7511 -0.000638791 0.00128707 -0.00511201 0.999986 
93.8268 -1.39133 -1.60813 87.8365 -0.000180268 0.00178718 -0.00516433 0.999985 
93.9307 -1.38556 -1.63004 88.9192 0.00098266 0.00223994 -0.00517208 0.999984 
94.0346 -1.3802 -1.6547 89.9981 0.00139353 0.00268955 -0.00540971 0.999981 
94.1385 -1.3724 -1.68101 91.0757 0.00036769 0.00296758 -0.00527102 0.999982 
94.2423 -1.36383 -1.70526 92.1496 -0.00044864 0.0029476 -0.00464595 0.999985 
94.3462 -1.35611 -1.72617 93.2186 -0.000848468 0.00276192 -0.00409197 0.999987 
94.4501 -1.34885 -1.74769 94.2821 -0.00133366 0.0020533 -0.00316739 0.999992 
94.554 -1.34311 -1.76908 95.3447 -0.0013966 0.000560183 -0.00209633 0.999997 
94.6577 -1.34128 -1.79065 96.3985 -0.000358405 -0.00128219 -0.000975985 0.999999 
94.7616 -1.34636 -1.81246 97.4521 0.00139995 -0.00313518 -0.000819607 0.999994 
94.8655 -1.358 -1.83504 98.508 0.00334721 -0.00501859 -0.00119326 0.999981 
94.9693 -1.37506 -1.8619 99.5701 0.00391079 -0.00723647 -0.00166753 0.999965 
95.0732 -1.39741 -1.88769 100.636 0.00328305 -0.00985019 -0.00181905 0.999944 
95.177 -1.42669 -1.91325 101.71 0.00242546 -0.0130137 -0.00219606 0.99991 
95.2808 -1.46312 -1.9392 102.787 0.00183821 -0.0164947 -0.00207798 0.99986 
95.3847 -1.50781 -1.96442 103.868 0.00167203 -0.0201621 -0.00244045 0.999792 
95.4886 -1.56179 -1.98822 104.957 0.00110927 -0.0232915 -0.00334104 0.999723 
95.5925 -1.62272 -2.01097 106.05 0.000445867 -0.0254379 -0.00507564 0.999663 
95.6963 -1.68624 -2.03441 107.147 0.000663423 -0.0261318 -0.00710161 0.999633 
95.8003 -1.74877 -2.05667 108.251 0.00118177 -0.0252886 -0.0094314 0.999635 
95.9043 -1.80604 -2.07976 109.362 0.00174933 -0.023191 -0.0113675 0.999665 
96.0085 -1.8557 -2.10208 110.482 0.00151604 -0.0203889 -0.0125711 0.999712 
96.1124 -1.89703 -2.12309 111.608 0.000808769 -0.0170574 -0.0134296 0.999764 
96.2166 -1.92809 -2.14515 112.744 0.000578866 -0.0130478 -0.013891 0.999818 
96.3206 -1.94909 -2.16643 113.881 0.00105387 -0.00838825 -0.0144671 0.99986 
96.4247 -1.95871 -2.18791 115.026 0.00158396 -0.00345898 -0.0147667 0.999884 
96.5287 -1.95614 -2.21029 116.179 0.00174639 0.00121627 -0.0144182 0.999894 
96.6328 -1.94013 -2.23579 117.341 0.00223612 0.00597927 -0.0139031 0.999883 
96.7368 -1.91321 -2.26115 118.508 0.00267996 0.0106633 -0.0128505 0.999857 
96.8408 -1.87627 -2.28696 119.684 0.00256032 0.0148003 -0.0123486 0.999811 
96.9449 -1.83308 -2.31212 120.866 0.00203876 0.0183225 -0.0120824 0.999757 
97.0487 -1.78139 -2.33814 122.056 0.00160543 0.0212982 -0.0121148 0.999698 
97.1527 -1.72507 -2.3627 123.258 0.00128086 0.0239636 -0.0128127 0.99963 
97.2566 -1.66595 -2.3876 124.466 0.000955047 0.0263163 -0.0140943 0.999554 
97.3606 -1.6021 -2.41093 125.684 0.000785658 0.0282401 -0.0154519 0.999481 
97.4645 -1.52904 -2.43225 126.91 6.73809e-05 0.0297711 -0.0152464 0.99944 
97.5683 -1.45419 -2.45578 128.143 -0.000130269 0.0305097 -0.015218 0.999419 
97.6722 -1.37492 -2.48055 129.386 0.00224676 0.0305501 -0.014137 0.999431 
97.7761 -1.29261 -2.5044 130.641 0.00273866 0.0300652 -0.0118821 0.999474 
97.8798 -1.21275 -2.53043 131.911 0.00108667 0.0289816 -0.00986034 0.999531 
97.9836 -1.13533 -2.55262 133.189 0.000451582 0.0272886 -0.00758887 0.999599 
98.0875 -1.06348 -2.57194 134.481 -0.000725667 0.0248143 -0.00537057 0.999677 
98.1911 -0.998254 -2.59374 135.781 -0.00104321 0.021643 -0.00298474 0.999761 
98.2948 -0.941991 -2.61386 137.089 -0.000220618 0.0182532 -0.00104084 0.999833 
98.3987 -0.895798 -2.63369 138.414 -0.000268817 0.0149779 0.000188066 0.999888 
98.5025 -0.86007 -2.65405 139.749 -0.000736762 0.0117998 0.000561801 0.99993 
98.6062 -0.832678 -2.67491 141.091 -0.00130439 0.00901718 0.000406814 0.999958 
98.71 -0.816625 -2.69333 142.451 -0.00231025 0.00638002 -0.000462555 0.999977 
98.8138 -0.808213 -2.71165 143.817 -0.00188465 0.00370806 -0.00101911 0.999991 
98.9176 -0.806307 -2.72896 145.191 -0.000388096 0.00110577 -0.00145718 0.999998 
99.0213 -0.810774 -2.75099 146.574 0.00062784 -0.00132053 -0.00204059 0.999997 
99.1251 -0.818199 -2.77954 147.962 0.00281347 -0.00319723 -0.00206184 0.999989 
99.229 -0.831134 -2.81104 149.366 0.00464685 -0.00432912 -0.00274009 0.999976 
99.3327 -0.846513 -2.84668 150.779 0.00504583 -0.00512467 -0.00311511 0.999969 
99.4366 -0.863698 -2.88442 152.202 0.0047377 -0.00594293 -0.0033664 0.999965 
99.5403 -0.881861 -2.92268 153.63 0.00416849 -0.0066549 -0.00361419 0.999963 
99.6441 -0.903141 -2.95948 155.065 0.00330185 -0.00740564 -0.00398802 0.999959 
99.748 -0.925229 -2.9955 156.508 0.00267089 -0.00813069 -0.00402498 0.999955 
99.8517 -0.950588 -3.03026 157.949 0.00199958 -0.00898421 -0.00436453 0.999948 
99.9555 -0.976517 -3.06494 159.392 0.000901633 -0.00985463 -0.00417904 0.999942 
100.059 -1.00734 -3.09665 160.832 0.000220067 -0.0107762 -0.00460562 0.999931 
100.163 -1.03944 -3.12951 162.271 0.000597546 -0.0116484 -0.00485231 0.99992 
100.267 -1.07563 -3.16205 163.709 0.0010855 -0.0122822 -0.00545494 0.999909 
100.371 -1.11266 -3.19697 165.145 0.00136167 -0.012657 -0.00583201 0.999902 
100.474 -1.15096 -3.23206 166.581 0.0022448 -0.0127779 -0.00627846 0.999896 
100.578 -1.18889 -3.26787 168.014 0.00238816 -0.0126991 -0.00679573 0.999893 
100.682 -1.22558 -3.30334 169.454 0.00135801 -0.0125229 -0.00694929 0.999897 
100.786 -1.26247 -3.33777 170.888 0.00063769 -0.0123067 -0.00702102 0.999899 
100.89 -1.29763 -3.37169 172.319 0.000371884 -0.0119904 -0.00710394 0.999903 
100.993 -1.33319 -3.40556 173.747 0.000265838 -0.0115752 -0.00763994 0.999904 
101.097 -1.3663 -3.44042 175.169 0.000707375 -0.0110723 -0.00795036 0.999907 
101.201 -1.39848 -3.47535 176.593 0.000841515 -0.0105033 -0.00837437 0.999909 
101.305 -1.42753 -3.51172 178.011 0.00133268 -0.00979031 -0.00831422 0.999917 
101.409 -1.45339 -3.54707 179.425 0.00218492 -0.00911658 -0.00760703 0.999927 
101.512 -1.47633 -3.58363 180.839 0.00210072 -0.00842922 -0.00640205 0.999942 
101.616 -1.49824 -3.61967 182.25 0.000790442 -0.00777824 -0.00571187 0.999953 
101.72 -1.51887 -3.65247 183.661 -0.00135051 -0.00700458 -0.00538696 0.99996 
101.824 -1.53974 -3.68014 185.062 -0.000886682 -0.0062207 -0.00586792 0.999963 
101.927 -1.55921 -3.70812 186.456 0.000565859 -0.00541242 -0.00650602 0.999964 
102.031 -1.57611 -3.74206 187.848 0.00125784 -0.00482597 -0.00655811 0.999966 
102.135 -1.5903 -3.77766 189.242 0.00128656 -0.00419475 -0.00645006 0.99997 
102.239 -1.60307 -3.81174 190.634 0.000236172 -0.00382998 -0.00607404 0.999974 
102.343 -1.61333 -3.84374 192.021 -0.000689423 -0.00368992 -0.00525992 0.999979 
102.446 -1.62376 -3.87512 193.401 -0.000414308 -0.0036978 -0.00460671 0.999982 
102.55 -1.63387 -3.90588 194.776 0.000433228 -0.0038293 -0.00384552 0.999985 
102.654 -1.64554 -3.93893 196.151 0.00118531 -0.00398721 -0.00382472 0.999984 
102.758 -1.65745 -3.97359 197.523 0.0015081 -0.00408839 -0.00363138 0.999984 
102.861 -1.66987 -4.00913 198.89 0.00086484 -0.00414926 -0.00396264 0.999983 
102.965 -1.6823 -4.04283 200.255 0.000118938 -0.00424109 -0.00406508 0.999983 
103.069 -1.69488 -4.07485 201.611 -1.88935e-05 -0.0043518 -0.00417 0.999982 
103.173 -1.70598 -4.10686 202.97 -0.00022235 -0.00440959 -0.00430208 0.999981 
103.276 -1.71741 -4.13988 204.323 -0.000229018 -0.00437144 -0.00465044 0.99998 
103.38 -1.72757 -4.17186 205.669 7.48894e-05 -0.00446845 -0.00470033 0.999979 
103.484 -1.73778 -4.20481 207.012 0.000284296 -0.00456021 -0.00454774 0.999979 
103.588 -1.74644 -4.23878 208.351 0.000664717 -0.00462315 -0.00433022 0.99998 
103.692 -1.7572 -4.27095 209.691 0.000293336 -0.00465989 -0.00434284 0.99998 
103.795 -1.7684 -4.30382 211.025 -5.70763e-05 -0.00477148 -0.00458962 0.999978 
103.899 -1.78001 -4.33549 212.351 9.59437e-05 -0.00491359 -0.00437583 0.999978 
104.003 -1.79249 -4.36604 213.667 1.17793e-05 -0.00521391 -0.00425001 0.999977 
104.106 -1.80273 -4.39736 214.967 -0.000678974 -0.00568692 -0.00367742 0.999977 
104.21 -1.81496 -4.4286 216.248 -0.00170315 -0.00645163 -0.00362941 0.999971 
104.314 -1.82671 -4.45832 217.507 -0.00283479 -0.0072171 -0.00314828 0.999965 
104.418 -1.84251 -4.48688 218.743 -0.00406358 -0.00793587 -0.00343521 0.999954 
104.522 -1.85973 -4.51501 219.951 -0.00408545 -0.00866039 -0.00393007 0.999946 
104.625 -1.87789 -4.54048 221.129 -0.00358904 -0.00939665 -0.00395087 0.999942 
104.729 -1.89517 -4.56933 222.285 -0.00380846 -0.0105284 -0.0037358 0.99993 
104.833 -1.91724 -4.5983 223.411 -0.00368582 -0.0121972 -0.00373135 0.999912 
104.937 -1.94167 -4.62518 224.505 -0.00344706 -0.0140791 -0.00332074 0.999889 
105.04 -1.97197 -4.65183 225.567 -0.00329415 -0.0158417 -0.00375998 0.999862 
105.144 -2.00458 -4.6795 226.603 -0.00312225 -0.0172769 -0.00407735 0.999838 
105.248 -2.04015 -4.70634 227.603 -0.00325061 -0.018346 -0.00522613 0.999813 
105.352 -2.07378 -4.73102 228.574 -0.00387466 -0.0190355 -0.00521242 0.999798 
105.456 -2.10601 -4.75544 229.512 -0.00479753 -0.0197221 -0.00521699 0.99978 
105.56 -2.13962 -4.77814 230.415 -0.00503225 -0.0204333 -0.00514165 0.999765 
105.663 -2.17419 -4.79916 231.287 -0.0049554 -0.0212908 -0.00530925 0.999747 
105.767 -2.20789 -4.81837 232.126 -0.00473998 -0.022262 -0.0049816 0.999729 
105.871 -2.24367 -4.83857 232.933 -0.00393601 -0.0231509 -0.00555005 0.999709 
105.975 -2.28007 -4.86037 233.719 -0.00267331 -0.0234625 -0.00634478 0.999701 
106.079 -2.31497 -4.88163 234.492 -0.000665358 -0.022849 -0.00714611 0.999713 
106.183 -2.34688 -4.90308 235.265 0.00102216 -0.0210125 -0.00798812 0.999747 
106.287 -2.37256 -4.92369 236.037 0.0015429 -0.0185793 -0.00786421 0.999795 
106.391 -2.39116 -4.94306 236.808 0.00119037 -0.0164497 -0.00709815 0.999839 
106.495 -2.40634 -4.96168 237.576 0.000618367 -0.0143979 -0.00624415 0.999877 
106.599 -2.42154 -4.97961 238.338 9.64647e-05 -0.0122469 -0.00558904 0.999909 
106.703 -2.43817 -4.99782 239.102 -3.75847e-05 -0.00996874 -0.00559644 0.999935 
106.807 -2.44919 -5.01612 239.859 5.10272e-05 -0.00769795 -0.0054378 0.999956 
106.911 -2.45747 -5.03286 240.614 8.40403e-05 -0.00559758 -0.00545962 0.999969 
107.015 -2.46485 -5.04902 241.365 -9.55949e-05 -0.00369193 -0.00548283 0.999978 
107.119 -2.47112 -5.06402 242.113 -0.000609968 -0.00190474 -0.00538183 0.999984 
107.223 -2.47794 -5.07675 242.858 -0.00127767 -0.000329693 -0.0055171 0.999984 
107.327 -2.48123 -5.09046 243.601 -0.00151001 0.00062817 -0.00514682 0.999985 
107.431 -2.48594 -5.10367 244.338 -0.000993716 0.00117578 -0.00491491 0.999987 
107.535 -2.4876 -5.11872 245.075 0.000353373 0.00158314 -0.00498645 0.999986 
107.639 -2.49325 -5.13184 245.816 0.00225483 0.00195881 -0.00543686 0.999981 
107.743 -2.49473 -5.14736 246.562 0.00335901 0.00218259 -0.00543587 0.999977 
107.847 -2.49727 -5.16444 247.316 0.00340568 0.00196262 -0.00502355 0.99998 
107.951 -2.49861 -5.18259 248.072 0.0032022 0.00169139 -0.00473201 0.999982 
108.055 -2.50309 -5.1993 248.833 0.00307758 0.00136983 -0.005241 0.999981 
108.159 -2.50649 -5.21822 249.599 0.0038283 0.00109279 -0.00541229 0.999977 
108.263 -2.5085 -5.23778 250.367 0.00504629 0.00127533 -0.00458267 0.999976 
108.367 -2.50556 -5.25684 251.139 0.0059403 0.00167084 -0.00322549 0.999976 
108.471 -2.50345 -5.27308 251.922 0.00485236 0.00227827 -0.00262993 0.999982 
108.575 -2.50854 -5.28923 252.712 0.00190997 0.00274279 -0.00471175 0.999983 
108.679 -2.50712 -5.30693 253.509 -0.00108451 0.00344866 -0.00482456 0.999982 
108.783 -2.49893 -5.32153 254.304 -0.000959864 0.00439734 -0.00381455 0.999983 
108.887 -2.49198 -5.3362 255.099 0.00206216 0.00596065 -0.00399499 0.999972 
108.991 -2.48556 -5.35112 255.9 0.0045169 0.00751781 -0.00479656 0.99995 
109.095 -2.47578 -5.3702 256.707 0.00492328 0.00867522 -0.00561239 0.999934 
109.199 -2.46159 -5.39272 257.526 0.00412625 0.00983462 -0.00556271 0.999928 
109.303 -2.44207 -5.4142 258.348 0.00285799 0.0108718 -0.00441515 0.999927 
109.407 -2.41879 -5.43242 259.176 0.00220821 0.011741 -0.00261466 0.999925 
109.511 -2.3981 -5.45158 260.007 0.00255593 0.0127528 -0.00230294 0.999913 
109.615 -2.3794 -5.47242 260.844 0.00372093 0.0137029 -0.00326144 0.999894 
109.719 -2.35718 -5.49298 261.688 0.00539255 0.0144106 -0.00396688 0.999874 
109.823 -2.33165 -5.51346 262.541 0.00639065 0.0151897 -0.00408767 0.999856 
109.927 -2.30521 -5.53621 263.408 0.005621 0.0161897 -0.00453853 0.999843 
110.031 -2.27845 -5.56079 264.283 0.0046001 0.0172757 -0.00511299 0.999827 
110.135 -2.24888 -5.58502 265.167 0.00437856 0.01799 -0.00530136 0.999815 
110.239 -2.21703 -5.60834 266.059 0.0046104 0.0182325 -0.00528472 0.999809 
110.343 -2.18105 -5.63277 266.96 0.00471636 0.0182762 -0.00423428 0.999813 
110.447 -2.14456 -5.65782 267.869 0.00420738 0.0183103 -0.00351725 0.999817 
110.551 -2.10709 -5.68457 268.787 0.00410225 0.0184658 -0.00296823 0.999817 
110.655 -2.073 -5.71053 269.712 0.00383278 0.0185078 -0.00259519 0.999818 
110.759 -2.03986 -5.73548 270.644 0.00337894 0.0184078 -0.00234029 0.999822 
110.863 -2.00814 -5.75997 271.578 0.00247762 0.0182592 -0.00262582 0.999827 
110.967 -1.97718 -5.78693 272.516 0.00214908 0.0178114 -0.00248136 0.999836 
111.071 -1.94858 -5.81304 273.451 0.00227393 0.016966 -0.00252827 0.99985 
111.175 -1.92369 -5.83751 274.387 0.00278491 0.0158134 -0.00265014 0.999868 
111.279 -1.90331 -5.86275 275.322 0.00314739 0.0145024 -0.00338372 0.999884 
111.383 -1.8863 -5.88899 276.256 0.00322512 0.0131626 -0.00421542 0.999899 
111.487 -1.87196 -5.9146 277.189 0.00294107 0.0117834 -0.00481068 0.999915 
111.591 -1.86017 -5.94009 278.122 0.00224076 0.0105146 -0.00531713 0.999928 
111.695 -1.85017 -5.96524 279.055 0.00122338 0.00926907 -0.0053461 0.999942 
111.799 -1.84113 -5.98929 279.982 0.000534833 0.00815784 -0.00541897 0.999952 
111.903 -1.83488 -6.01177 280.907 0.000167599 0.00710522 -0.00553793 0.999959 
112.007 -1.82954 -6.03319 281.828 2.74081e-05 0.00616728 -0.0057356 0.999965 
112.111 -1.82442 -6.05424 282.747 7.7167e-05 0.00536076 -0.00530328 0.999972 
112.215 -1.82038 -6.07601 283.663 0.000311186 0.00463753 -0.00515016 0.999976 
112.319 -1.81919 -6.09725 284.574 0.00043665 0.00390395 -0.00517289 0.999979 
112.423 -1.82008 -6.11836 285.473 4.95622e-05 0.00317132 -0.00556088 0.999979 
112.527 -1.82129 -6.14008 286.356 -0.00049386 0.00254647 -0.00550337 0.999981 
112.631 -1.82466 -6.16296 287.216 -0.000290612 0.00206431 -0.00612837 0.999979 
112.735 -1.83113 -6.18604 288.06 0.000790543 0.0017764 -0.00736103 0.999971 
112.839 -1.83581 -6.20897 288.89 0.00230797 0.0016563 -0.00863105 0.999959 
112.943 -1.83857 -6.23275 289.717 0.00342624 0.00163764 -0.00946146 0.999948 
113.047 -1.8416 -6.25781 290.542 0.00373373 0.00181106 -0.0103164 0.999938 
113.151 -1.84383 -6.28158 291.366 0.00401749 0.00206777 -0.0113035 0.999926 
113.255 -1.84405 -6.30543 292.186 0.00441554 0.00252462 -0.0118818 0.999916 
113.359 -1.84324 -6.33235 293 0.00491632 0.00329452 -0.0128585 0.9999 
113.463 -1.84021 -6.36072 293.812 0.00507426 0.00408308 -0.0134583 0.999888 
113.567 -1.83619 -6.38743 294.62 0.00449101 0.00469794 -0.013941 0.999882 
113.671 -1.82984 -6.41441 295.428 0.00351939 0.00514883 -0.0137006 0.999887 
113.775 -1.82383 -6.44031 296.232 0.00242326 0.00508153 -0.01312 0.999898 
113.879 -1.81794 -6.46419 297.031 0.00137959 0.00444597 -0.0124965 0.999911 
113.983 -1.81474 -6.48618 297.828 0.000571184 0.00368394 -0.0121108 0.99992 
114.086 -1.81204 -6.50651 298.624 0.000176111 0.00293926 -0.0116838 0.999927 
114.19 -1.80952 -6.52479 299.423 -0.00038366 0.00221946 -0.0111081 0.999936 
114.294 -1.80762 -6.54155 300.223 -0.000646473 0.00123263 -0.0102231 0.999947 
