1.24664  0.310811216 -0.112011909 -2.17007337 -0.00103495951 0.00744034422 0.00416701886 0.999963102
1.973923  0.317251343 -0.125367902 -1.37126491 -0.00077606696 0.00521481043 0.00371086872 0.999979216
2.077874  0.318064701 -0.127407886 -1.26257985 -0.000750283472 0.00486137678 0.0036254932 0.99998133
2.285652  0.317102917 -0.131952192 -1.03996822 -0.000727883389 0.00417924901 0.00362577541 0.999984429
2.389627  0.317865685 -0.132042211 -0.937089524 -0.00152902993 0.00376082738 0.0042908043 0.999982553
2.597363  0.320380302 -0.136007779 -0.683495172 -0.00101498053 0.00279683337 0.00464633862 0.999984779
2.701441  0.31913984 -0.137551066 -0.581778709 -0.000658562822 0.00237004705 0.00514753318 0.999983726
2.806098  0.318479895 -0.139506097 -0.469556668 -0.000696167502 0.00204737309 0.0045047269 0.999987515
2.909338  0.319958153 -0.14131929 -0.345886605 -0.000915820474 0.00159370258 0.00533291687 0.999984091
3.013136  0.318270606 -0.143934238 -0.234294723 -0.00104136669 0.001481059 0.00536514747 0.999983968
3.117132  0.318174847 -0.145715175 -0.121377431 -0.000983921031 0.00116100055 0.00552510741 0.999983578
3.221  0.317751679 -0.14753221 -0.00952901026 -0.000962365026 0.000921035688 0.00555596157 0.999983678
3.32499  0.317600774 -0.149180662 0.105513741 -0.00125491551 0.000797463076 0.00595398059 0.99998117
3.533061  0.316590094 -0.152472068 0.327591555 -0.00230388767 0.000932725474 0.00557430991 0.999981374
3.636879  0.316112265 -0.154151671 0.437909822 -0.00209662623 0.000934481675 0.00522859355 0.999983696
3.74087  0.31572686 -0.155319194 0.547318575 -0.00209513364 0.000992504494 0.00469633033 0.999986285
3.844868  0.315182627 -0.157051131 0.665660207 -0.00303090607 0.00133916863 0.00333620622 0.999988945
3.948871  0.315082792 -0.1584112 0.78213584 -0.00455087372 0.00215842642 0.00330355558 0.999981858
4.052745  0.315122171 -0.159456542 0.89711789 -0.00595756768 0.0030625532 0.00299250968 0.999973086
4.156747  0.31584427 -0.159980867 1.01416051 -0.00762497012 0.00378590084 0.00274695852 0.99995999
4.260741  0.316202473 -0.160490645 1.12563115 -0.00829919591 0.00448486291 0.00305619336 0.999950833
4.364619  0.316895821 -0.160597503 1.23889384 -0.00751977261 0.00528821292 0.00391268458 0.999950088
4.46862  0.317479722 -0.160822563 1.35246073 -0.0066389036 0.00584567338 0.0034264791 0.999955005
4.572617  0.318101557 -0.161304403 1.46636427 -0.00640407052 0.00624437293 0.00320563633 0.999954859
4.676494  0.318887353 -0.161955603 1.58270354 -0.00613143783 0.00625885358 0.00344864489 0.999955669
4.780371  0.320077003 -0.162535597 1.70246528 -0.00554912766 0.00579232333 0.00383316962 0.999960481
4.884244  0.31850213 -0.163616472 1.8031283 -0.00581826717 0.00507691741 0.00374314286 0.99996318
4.988118  0.319594112 -0.163844096 1.91531856 -0.00642531985 0.00435891408 0.00377062945 0.999962748
5.091994  0.320050933 -0.164303923 2.02714483 -0.00658541282 0.00382822305 0.00381880132 0.999963696
5.195994  0.32017642 -0.164439077 2.13560022 -0.00642543968 0.00338164515 0.00332882136 0.999968098
5.299899  0.320479765 -0.16550497 2.25646305 -0.00638684456 0.00310392598 0.00311380081 0.999969939
5.403745  0.320948562 -0.166505865 2.37495707 -0.00615287502 0.00300137113 0.00354937467 0.999970267
5.507756  0.321679146 -0.167758125 2.49698884 -0.00574100562 0.00285421526 0.00409142932 0.999971077
5.611618  0.321843099 -0.168301998 2.60594142 -0.00632600288 0.00265979685 0.00426065688 0.999967376
5.715493  0.322044657 -0.169097755 2.71880027 -0.00706779536 0.00245914692 0.00438273592 0.999962395
5.819513  0.322085443 -0.169664769 2.83218628 -0.00621324136 0.00226820726 0.00411423071 0.999969662
5.923372  0.32197733 -0.170350903 2.94404254 -0.00560199657 0.00231954123 0.00320066013 0.999976496
6.027387  0.322300944 -0.171109814 3.06277244 -0.00573235015 0.00227270092 0.00202312694 0.999978941
6.131261  0.321168759 -0.172079751 3.16663409 -0.00587807958 0.00235924023 0.00116496037 0.999979262
6.235244  0.320529949 -0.172804506 3.27312252 -0.00609940434 0.00245123846 0.000394543283 0.999978316
6.339121  0.3201309 -0.173416546 3.38082309 -0.00658620567 0.00294790832 0.000117013656 0.999973959
6.44312  0.319932279 -0.174070591 3.49362641 -0.00699434391 0.00398408608 -0.000731483533 0.999967335
6.547122  0.320119944 -0.174873128 3.60325778 -0.00596101858 0.00531636579 5.0716613e-05 0.999968099
6.651123  0.321166262 -0.175933016 3.71305086 -0.00343363913 0.006506967 0.00146626049 0.999971859
6.755121  0.322618414 -0.176507175 3.81457338 -0.00322071277 0.00767206281 0.00105258775 0.999964829
6.859122  0.325022122 -0.178649732 3.94046302 -0.00514753059 0.00882870118 0.00183939232 0.999946085
6.963119  0.326471868 -0.17922916 4.0431561 -0.00571713813 0.0106322949 0.0013738721 0.999926188
7.06712  0.328456955 -0.17980903 4.14705332 -0.00476050946 0.0127453079 0.00112017554 0.999906816
7.17112  0.331399562 -0.180739493 4.25245179 -0.00323873676 0.014344988 0.00146534017 0.999890786
7.379122  0.337426694 -0.184237347 4.48125819 -0.00113175528 0.0178748148 0.00228459821 0.999836982
7.483122  0.341373064 -0.186230183 4.58356201 -0.00201418875 0.0196720984 0.00249896184 0.999801334
7.587125  0.345383061 -0.188051197 4.68918013 -0.00223438285 0.0214903246 0.00203316481 0.999764492
7.795143  0.354800062 -0.191793862 4.89659035 1.36102466e-05 0.0249968869 0.00223487404 0.999685031
7.899123  0.359275928 -0.193426259 4.99683623 0.000162368327 0.02664529 0.0022353807 0.999642439
8.003122  0.364404801 -0.194537091 5.0900308 -0.000415784637 0.0279448678 0.00298218578 0.999604931
8.211127  0.377242318 -0.198666139 5.32347284 -0.00206214802 0.0309041378 0.00355864462 0.999513891
8.315124  0.383738181 -0.200055177 5.43360738 -0.00256569044 0.0320722436 0.00438609074 0.999472636
8.419122  0.390662129 -0.201135161 5.54447287 -0.00140905722 0.0330899261 0.00506118038 0.99943857
8.627137  0.404824179 -0.204535609 5.76157859 0.00178264165 0.0352746596 0.00549651622 0.99936095
8.731123  0.412006012 -0.206464548 5.8664483 0.00223360396 0.036108988 0.0054836492 0.999330317
8.835121  0.419036481 -0.208274397 5.96565568 0.00195507553 0.036257555 0.00540496249 0.99932595
9.043123  0.433244025 -0.211185879 6.16665134 0.000443675691 0.0350513189 0.00558247292 0.999369824
9.251125  0.446362922 -0.215160742 6.38789934 -0.000310106013 0.0328672118 0.00518670553 0.999446221
9.459001  0.457935348 -0.218638379 6.60772181 -8.53649214e-05 0.0294801878 0.00417156647 0.999556656
9.666891  0.46802396 -0.222076725 6.82503563 -0.000790965097 0.025490723 0.00378270894 0.999667589
9.87475  0.475915395 -0.224841759 7.03835494 -0.00143212538 0.0211201593 0.00361270831 0.999769392
10.08275  0.482827215 -0.228535545 7.26217106 -0.00147917172 0.0162850781 0.00288974693 0.999862119
10.29063  0.4871521 -0.231933352 7.48593347 -0.00101261315 0.0115235267 0.0021276276 0.999930826
10.49862  0.489477446 -0.23535207 7.70636286 -0.0010512087 0.00873677905 0.000128846348 0.999961273
10.70675  0.490791463 -0.238103706 7.92071671 -0.000953180604 0.00765981144 -0.0014912735 0.999969097
10.91475  0.493100964 -0.241737273 8.15844993 -0.00163874443 0.00687924501 -0.00202625951 0.999972942
11.01875  0.493609259 -0.242824985 8.2764056 -0.00263743533 0.00643346965 -0.00388969284 0.999968262
11.22675  0.495006685 -0.24485858 8.50403191 -0.00398705246 0.00575436141 -0.00378361131 0.999968337
11.33077  0.495427667 -0.245357502 8.60872779 -0.00317580933 0.00544725426 -0.00380126357 0.999972896
11.53863  0.498851564 -0.246871611 8.8522569 -0.00442355523 0.00442042983 -0.00115820156 0.999979775
11.64263  0.498709738 -0.248125997 8.96543294 -0.00550248899 0.00444827178 0.000457514196 0.999974863
11.74663  0.498618394 -0.249247129 9.07530629 -0.00611977123 0.00431789918 0.00132024681 0.99997108
11.85063  0.499057984 -0.249941904 9.18453497 -0.00519339746 0.00438711201 0.00338153443 0.999971173
11.95462  0.499302453 -0.250144354 9.29142482 -0.0046404037 0.00435736201 0.00464901563 0.999968933
12.0585  0.500569907 -0.251417845 9.4117541 -0.00454032749 0.00446994456 0.0053755028 0.999965254
12.1625  0.501406882 -0.252545255 9.52669218 -0.00475855759 0.00471384841 0.00550243857 0.999962429
12.26652  0.501941817 -0.253515049 9.641933 -0.00575496703 0.0050397798 0.00523884052 0.999957017
12.37038  0.502256842 -0.254391787 9.75506468 -0.00652600119 0.00540739189 0.00406606466 0.999955818
12.47437  0.502666171 -0.254583771 9.86427631 -0.00559842396 0.005659703 0.00417636991 0.999959591
12.68225  0.503760113 -0.257288612 10.1023251 -0.00356120897 0.00623416915 0.00394429 0.999966447
12.78625  0.50541693 -0.258734249 10.2197564 -0.00149844471 0.00633223868 0.00439937651 0.999969151
12.89025  0.5063251 -0.261005862 10.3267273 0.000145657027 0.00657674277 0.00422184487 0.99996945
12.99413  0.507156802 -0.26188566 10.4502267 0.000786254094 0.00656272321 0.00450560934 0.999968005
13.20213  0.508902832 -0.265499294 10.6718527 0.000492070379 0.00654720701 0.00439285137 0.999968797
13.306  0.508683836 -0.268264054 10.788357 -0.000154114349 0.00649265821 0.00392872706 0.999971193
13.41  0.508287136 -0.27066789 10.8993637 -0.000520853157 0.00637532568 0.00362257039 0.99997298
13.51401  0.510021495 -0.272693757 11.016169 -0.000300736488 0.00604139024 0.00357652224 0.99997531
13.61788  0.511180609 -0.274590429 11.1327554 -0.000393586713 0.00565178717 0.00340823512 0.999978143
13.72188  0.511865872 -0.276566194 11.2320236 -0.00098027489 0.00535922176 0.00363617148 0.999978548
13.82575  0.512589974 -0.278651895 11.3528223 -0.00115209126 0.00507436822 0.00325000584 0.99998118
13.92975  0.513142082 -0.280568779 11.4708767 -0.000666188801 0.00477706022 0.0030788017 0.999983628
14.13775  0.514049863 -0.284717104 11.7004055 -2.33042507e-05 0.00408100577 0.00250126224 0.999988544
14.24163  0.51482826 -0.286843626 11.8079272 0.000534104328 0.0037156543 0.00287086709 0.999988833
14.44965  0.514825603 -0.291307363 12.0419437 0.000787191367 0.00304700463 0.00245570811 0.999992033
14.55363  0.514686234 -0.293340304 12.1544576 7.84409139e-05 0.00264439907 0.00229263594 0.999993872
14.6575  0.514358695 -0.294795912 12.2706274 -2.73823178e-05 0.00224001671 0.00217833196 0.999995118
14.76151  0.514224686 -0.297030649 12.3791764 -0.000264633427 0.00189955061 0.00199863968 0.999996164
14.86538  0.51358814 -0.29910926 12.4882556 -0.000440758176 0.00161436845 0.00176316569 0.999997045
14.96938  0.512907812 -0.301113482 12.6007779 -1.17294222e-05 0.00138383644 0.00162470929 0.999997723
15.07325  0.511579698 -0.303041762 12.714279 0.0002786261 0.00126467228 0.00107516049 0.999998583
15.17725  0.511733567 -0.305362267 12.8247461 4.5483064e-05 0.000947482573 0.00103426713 0.999999015
15.28126  0.511175536 -0.307636854 12.9311907 0.000558801397 0.000823983242 0.00105575213 0.999998947
15.38513  0.511508856 -0.309673784 13.0491847 0.00137271041 0.00072229076 0.00178665549 0.999997201
15.48913  0.512049791 -0.311758422 13.1615407 0.00132127731 0.000563618243 0.00334458183 0.999993375
15.59313  0.512877647 -0.313728565 13.2704687 -0.000542808394 0.00017248975 0.00317459311 0.999994799
15.697  0.511839809 -0.316236683 13.389123 -0.00261005492 0.000274522516 0.00379005722 0.999989374
15.80101  0.510865431 -0.317892673 13.4901806 -0.00225690099 0.000219661791 0.00322717688 0.999992222
15.90501  0.50962874 -0.318982665 13.559316 -0.000734478602 0.000187872075 0.00230153229 0.999997064
16.00901  0.508872244 -0.320942021 13.70697 0.000237503065 0.000140220662 0.0021917493 0.99999756
16.11288  0.508204063 -0.323094982 13.828675 0.000101636964 7.30618709e-05 0.00232234189 0.999997296
16.21688  0.507204912 -0.325321725 13.9381205 -0.000492243062 6.2326089e-05 0.00246062112 0.99999685
16.42488  0.505300468 -0.329423053 14.1422021 -0.00201247018 0.000420908177 0.00277097732 0.999994047
16.63288  0.5078635 -0.333414444 14.3778087 -0.000978555532 0.00153629619 0.00328293942 0.999992952
16.73676  0.506713735 -0.335202164 14.5026249 -0.000242703008 0.00247952459 0.00336092132 0.999991249
16.84076  0.50646722 -0.337076757 14.6093364 -2.05408222e-05 0.00332485469 0.00367360793 0.999987725
17.04876  0.506986855 -0.340773875 14.8191465 -0.00130988993 0.00464865482 0.00380529957 0.999981097
17.15276  0.507133848 -0.341372315 14.9004124 -0.00136607387 0.00510867666 0.003383273 0.999980294
17.25676  0.50808409 -0.344591611 15.021229 -0.00154357504 0.00571101624 0.0034267288 0.999976629
17.36075  0.509137965 -0.346803899 15.111303 -0.0016073511 0.00611034571 0.00319478358 0.999974936
17.46476  0.510459026 -0.348930861 15.2021934 -0.00176577883 0.00648946006 0.00324192643 0.999972129
17.67276  0.511830142 -0.352493339 15.4191347 -0.00172545856 0.00736787247 0.00316761497 0.999966351
17.77676  0.512701776 -0.354264884 15.5201217 -0.00173461416 0.00766144008 0.00366189121 0.999962441
17.88063  0.513547266 -0.355740146 15.6078483 -0.00217260679 0.00766023057 0.00372512424 0.999961361
18.08863  0.515320241 -0.359640059 15.8099481 -0.0027283264 0.00705327494 0.00376407573 0.999964319
18.19263  0.516026096 -0.361450352 15.926352 -0.00216328761 0.00696144956 0.00365975547 0.999966732
18.29663  0.516301049 -0.363067408 16.0226999 -0.00173378853 0.00679439196 0.0036517994 0.999968747
18.40063  0.517012564 -0.364179202 16.0939257 -0.00162307652 0.00644374359 0.00369425444 0.999971098
18.60852  0.519773589 -0.367760934 16.2725208 -0.00204699111 0.00482465826 0.00424419728 0.999977259
18.71251  0.519765837 -0.369330777 16.4004935 -0.00276380252 0.00410023895 0.00478937122 0.999976305
18.92051  0.519379789 -0.372581255 16.5785845 -0.00365764427 0.00191681548 0.00447909022 0.999981442
19.12863  0.518007493 -0.376039516 16.7158311 -0.00364912483 -0.000791200758 0.00427256571 0.999983901
19.23263  0.517307525 -0.376663613 16.816791 -0.0037548863 -0.00229848283 0.00402690175 0.999982201
19.33651  0.516004018 -0.377555515 16.8744576 -0.00360879127 -0.00385837919 0.00380494744 0.999978806
19.44051  0.514591241 -0.379402839 16.9737733 -0.00337470012 -0.00534727795 0.00392298721 0.999972314
19.54464  0.512110694 -0.380034969 17.0359889 -0.00293976938 -0.00684241996 0.00400970496 0.99996423
19.64865  0.511227376 -0.38238673 17.1311515 -0.00298177505 -0.00855598172 0.00346343544 0.999952953
19.85663  0.507065434 -0.38497378 17.2644948 -0.00264916372 -0.011237925 0.00241942656 0.999930416
20.06489  0.50247549 -0.387691195 17.4062419 -0.00339539309 -0.0114484333 0.00201901522 0.999926661
20.16888  0.500162569 -0.388790333 17.4650531 -0.0037326773 -0.0111637913 0.00199610701 0.999928724
20.37701  0.496609304 -0.390893348 17.5989076 -0.0025106934 -0.0108191926 0.00178704802 0.999936722
20.48115  0.494903143 -0.391799875 17.6588901 -0.00144228624 -0.0103539875 0.0017832803 0.999943766
20.58526  0.493197624 -0.392423219 17.7074631 -0.000734649324 -0.00969436532 0.00172262262 0.999951255
20.79338  0.4904238 -0.395298996 17.8262339 -0.000365064208 -0.0082861539 0.00163868262 0.99996426
21.00151  0.488687037 -0.397699355 17.961153 -0.000345233814 -0.00641225355 0.00167184953 0.999977984
21.20964  0.487120189 -0.400021685 18.0865748 -0.000438292627 -0.00390228873 0.00172233914 0.999990807
21.41776  0.486716109 -0.402076985 18.1963431 -0.000957474446 -0.000852230401 0.00270812482 0.999995511
21.62601  0.48636592 -0.404398399 18.3159857 -0.000818454948 0.00204899755 0.00301323786 0.999993026
21.83414  0.486336343 -0.405662627 18.407759 -0.000121557947 0.00488107094 0.00258446154 0.99998474
22.04226  0.48813284 -0.408599397 18.5628834 -0.000429787671 0.00782389189 0.00250497179 0.999966163
22.25051  0.490131797 -0.411027966 18.6983119 -0.000687774621 0.0102600416 0.00254691999 0.999943884
22.35451  0.491363469 -0.412243474 18.7587235 7.2728382e-05 0.0114188364 0.00260473557 0.999931408
22.45866  0.492670959 -0.41331491 18.8124987 0.00124610581 0.012228488 0.00245789796 0.999921432
22.56276  0.493636203 -0.414175441 18.8594262 0.00216726997 0.0126879588 0.00294550688 0.999912818
22.66676  0.494604185 -0.414805077 18.9028986 0.00252434029 0.0126609841 0.00270928552 0.99991299
22.77076  0.496408655 -0.416511834 18.9822473 0.0027013946 0.0128166423 0.00319666693 0.999909105
22.87476  0.497887281 -0.418040733 19.0520377 0.00281745989 0.012935161 0.00273040394 0.99990864
23.0829  0.501182459 -0.4210888 19.188519 0.00398184424 0.0131689439 0.00289852806 0.999901156
23.29089  0.503819385 -0.423113019 19.2926064 0.00561272383 0.0135591678 0.00640535506 0.999871801
23.49901  0.504878283 -0.4235366 19.386622 0.000759893985 0.0140133615 0.00305807614 0.999896843
23.70716  0.509852557 -0.427201693 19.5552808 -2.81666189e-05 0.0155387008 0.00402306923 0.999871173
23.81113  0.512137976 -0.428383913 19.6365023 0.00304817847 0.0176343924 0.00347837358 0.999833805
24.01927  0.517018588 -0.431171445 19.7832959 0.00470885992 0.0211350626 0.0016795593 0.99976413
24.12328  0.52028447 -0.432819456 19.8551577 0.00356763927 0.0227067826 0.00255974018 0.999732525
24.22739  0.524125562 -0.434744923 19.9221023 0.00196316681 0.0241387465 0.00417319257 0.99969798
24.33139  0.527703284 -0.435185829 19.9919452 0.00145164662 0.0255656728 0.00524727957 0.999658319
24.43553  0.529245335 -0.436458374 20.0348112 0.00122905601 0.0269365629 0.00504422894 0.999623663
24.53951  0.534028017 -0.43894938 20.1302286 0.00210669944 0.0282739438 0.00407026178 0.999589705
24.64364  0.538460773 -0.440686276 20.2118097 0.00318783883 0.0294721593 0.00373261885 0.999553549
24.74764  0.54274668 -0.442124844 20.2847765 0.00322020256 0.0307467542 0.00356296648 0.999515669
24.85176  0.546683571 -0.443595543 20.3483424 0.00217188923 0.0321614388 0.00310561037 0.999475502
24.95576  0.550827352 -0.444270637 20.3994275 0.00144780892 0.0334774934 0.00235424443 0.99943565
25.16376  0.561247413 -0.448401728 20.5719686 0.00156287878 0.0363454242 0.002171853 0.999335705
25.37177  0.573079703 -0.45164125 20.731667 0.0014749825 0.0385459787 0.00465183758 0.999244911
25.57977  0.584835317 -0.454522574 20.8857173 0.00155495092 0.0391607526 0.00558468895 0.999216107
25.78765  0.595489001 -0.457037327 21.027486 0.0012698191 0.0392944316 0.00543925059 0.999212064
25.89164  0.599176288 -0.456846462 21.0635216 0.00126647342 0.0390642278 0.0050784836 0.999222994
25.99552  0.605486915 -0.458971043 21.1503439 0.00156998712 0.0383503915 0.00538034628 0.999248635
26.09952  0.610533451 -0.460545598 21.2197083 0.00200950857 0.0375109078 0.00537357012 0.99927975
26.20351  0.615004847 -0.461927547 21.2805049 0.00236313726 0.0367050745 0.00496047486 0.999311036
26.30739  0.619578858 -0.463272815 21.3289588 0.00257033828 0.0355836058 0.00442825095 0.999353587
26.51527  0.627204719 -0.467443162 21.4918819 0.00230440783 0.0338869745 0.00359748073 0.99941654
26.72314  0.634655539 -0.47083649 21.6393649 0.000438968417 0.0303569648 0.00438028019 0.999529427
26.93114  0.642889077 -0.473397236 21.7827031 -0.000959577208 0.0246208864 0.00522021889 0.99968277
27.13914  0.646596936 -0.476538056 21.9229927 -0.00163076832 0.0207470257 0.0056150478 0.999767659
27.34726  0.64909781 -0.479733151 22.048457 -0.00164704501 0.0165433183 0.00617497866 0.999842725
27.55539  0.65378493 -0.481432053 22.1908725 -0.00152154782 0.0125873334 0.00592983764 0.999902036
27.76339  0.65561776 -0.483076635 22.3029081 -0.00114754949 0.00852249002 0.00662942224 0.999941049
27.97139  0.655988696 -0.485156055 22.4194016 0.000838572064 0.00226296471 0.00535458494 0.999982752
28.17926  0.654106244 -0.488440699 22.5304757 0.00209205817 -0.00670326635 0.00501854753 0.999962751
28.38704  0.649313391 -0.490590565 22.6110887 0.00205897921 -0.0219172837 0.00437603197 0.99974809
28.59479  0.641152901 -0.492728601 22.725036 0.00192657468 -0.0433269203 0.00244124129 0.999056108
28.80227  0.622970369 -0.496383635 22.8242936 0.00192506344 -0.0696926448 0.00084165752 0.997566299
29.00977  0.600146638 -0.498932612 22.9132681 0.000761910909 -0.102303969 0.000423110647 0.994752803
29.21728  0.571338938 -0.499534288 22.9968595 -0.000938168546 -0.140293984 5.35177381e-05 0.990109446
29.42464  0.539746116 -0.502062503 23.0754121 -0.00294346585 -0.180981425 -0.00066731093 0.983481883
29.63216  0.501994746 -0.503740256 23.1494061 -0.00437888919 -0.224952548 -3.39559585e-05 0.97435988
29.83954  0.457225825 -0.504820247 23.2170433 -0.00553812828 -0.272558154 0.00119355312 0.962122631
30.04714  0.406785484 -0.503041764 23.2760871 -0.00615041098 -0.322477948 0.00100485727 0.946556462
30.25464  0.345627604 -0.50544338 23.3357474 -0.00819621947 -0.374332192 0.00310331254 0.927253256
30.35839  0.313151258 -0.50609233 23.3638326 -0.01082112 -0.401740053 0.00490897042 0.915676654
30.46204  0.280663057 -0.506366242 23.3862539 -0.0126903018 -0.430098629 0.00587089672 0.902673617
30.56579  0.24707282 -0.506822413 23.4030289 -0.0133897838 -0.458496086 0.00444204026 0.888584448
30.66952  0.212733722 -0.504549276 23.4170568 -0.0131904123 -0.486601097 0.00151259997 0.873523381
30.7734  0.172571806 -0.506378408 23.4363349 -0.0132310516 -0.51356014 -0.000763042061 0.857951246
30.87714  0.131862858 -0.506313224 23.4540296 -0.0132869634 -0.54041424 -0.00172796159 0.84129241
30.98089  0.0914314769 -0.506780974 23.4666304 -0.0142409346 -0.566318477 -0.00214492569 0.824060664
31.08477  0.0523692697 -0.504815249 23.4745172 -0.0157343757 -0.591646774 -0.00222679791 0.806040673
31.29241  -0.0285564086 -0.505659491 23.4793873 -0.0188584013 -0.64069634 -0.0038589738 0.76755304
31.39627  -0.0675806696 -0.505657745 23.4742729 -0.0197307323 -0.6652878 -0.00558456674 0.746305335
31.50016  -0.105680442 -0.503412156 23.464308 -0.0215584134 -0.688967619 -0.00706907161 0.724436942
31.6039  -0.15118172 -0.502889842 23.4598576 -0.0238763825 -0.712785532 -0.00914883686 0.700915831
31.70781  -0.199267606 -0.501848724 23.4519763 -0.0263076184 -0.735943397 -0.0112673714 0.676437929
31.81165  -0.247326983 -0.500484878 23.4397634 -0.0283429385 -0.758230756 -0.0133733885 0.651232639
31.91552  -0.294685323 -0.497987329 23.4224227 -0.0306439584 -0.77934466 -0.0147601273 0.625671629
32.0194  -0.339988135 -0.496383454 23.404069 -0.0325343318 -0.799954746 -0.015855699 0.598967877
32.12329  -0.377926089 -0.49473154 23.3821409 -0.0334458925 -0.818398745 -0.0165969682 0.573436488
32.2273  -0.434785644 -0.491898981 23.3560881 -0.0341571437 -0.836615201 -0.0159463525 0.54649246
32.33129  -0.489274398 -0.488831069 23.3249825 -0.0343376788 -0.853213425 -0.0156477329 0.520195082
32.43543  -0.541205443 -0.485731903 23.2899451 0.0345209559 0.868208032 0.0156028525 -0.494752127
32.53952  -0.588362705 -0.482856624 23.251452 0.034478853 0.881261221 0.0158294674 -0.471104338
32.64377  -0.638720144 -0.479756351 23.2091234 0.0347358192 0.892975741 0.016589483 -0.448455726
32.74802  -0.685064176 -0.476770831 23.1639224 0.0366685642 0.903191214 0.0170950246 -0.427327517
32.85215  -0.735869201 -0.47303987 23.1148476 0.0405120107 0.91351178 0.0172836451 -0.404420919
32.9564  -0.783138848 -0.469272522 23.0623261 0.0433544953 0.923316843 0.0180054366 -0.381159022
33.06052  -0.82489165 -0.465167159 23.0042254 0.044182452 0.932082298 0.0185420156 -0.359063636
33.16477  -0.876107429 -0.461736833 22.9397962 0.043002819 0.940298665 0.0173655505 -0.337175943
33.26902  -0.923111931 -0.458063442 22.8715398 0.0423242192 0.947635701 0.0154099116 -0.316160994
33.37314  -0.969297812 -0.454121079 22.7986575 0.0405677221 0.954402922 0.0135180542 -0.295443031
33.47742  -1.01339762 -0.450002656 22.7193571 0.0396632322 0.96038834 0.0119366607 -0.275569555
33.58164  -1.05623209 -0.44709027 22.6387971 0.0389959833 0.965947802 0.0121345014 -0.255493467
33.68577  -1.09564573 -0.444194904 22.5544117 0.0372400956 0.971136328 0.0122057538 -0.235283718
33.79002  -1.13170062 -0.441116753 22.4670281 0.0372638393 0.97584128 0.0118404585 -0.214953496
33.89415  -1.16289287 -0.437526858 22.3755522 0.0384102853 0.980038386 0.0121287208 -0.194685148
33.99828  -1.20309319 -0.435078555 22.2739449 0.040280115 0.983778739 0.0118906087 -0.174400453
34.10252  -1.23834177 -0.432008616 22.1672933 0.0407330499 0.987013 0.0130255235 -0.154843444
34.20665  -1.26838036 -0.42884508 22.0591056 0.0421726687 0.989756824 0.0135757613 -0.13571512
34.31077  -1.29167364 -0.425724465 21.9512472 0.0419876942 0.992105343 0.0136836192 -0.117374527
34.41489  -1.31093689 -0.422430643 21.8447816 0.0414868517 0.994073638 0.0122538104 -0.099731077
34.51902  -1.32616297 -0.419476856 21.7370058 0.0409574041 0.995667708 0.0110157648 -0.082746353
34.62327  -1.33662187 -0.416680155 21.6278641 0.0407063869 0.996863879 0.0112070728 -0.0669312925
34.7274  -1.35048743 -0.414716106 21.4991118 0.040122365 0.997801738 0.01144094 -0.0514877795
34.83166  -1.35943248 -0.412636471 21.3709842 0.0400521825 0.998453682 0.010942662 -0.0369638515
34.93578  -1.3630147 -0.410451259 21.2453403 0.0397580332 0.998869933 0.0109314079 -0.0236360008
35.04002  -1.36094085 -0.407841132 21.1202977 0.0385506944 0.999122874 0.0118132198 -0.011303732
35.14415  -1.36212281 -0.406179776 20.9767239 0.0377964609 0.999210114 0.0122640212 0.000410448763
35.2484  -1.35935727 -0.404620933 20.8340596 0.0365973771 0.999203502 0.0118257887 0.0106369021
35.35265  -1.3526012 -0.402758115 20.6933324 0.0341930611 0.99918394 0.0106299204 0.018689394
35.45692  -1.34415775 -0.401567719 20.5533778 0.0318117145 0.999131386 0.0102141167 0.024903008
35.56127  -1.3338798 -0.4002188 20.4150733 0.029506134 0.999086196 0.0111689864 0.0288342601
35.66552  -1.32268616 -0.398661468 20.2804096 0.0280753055 0.999062787 0.0118245798 0.030749045
35.76977  -1.31131198 -0.396046769 20.1458422 0.0269522773 0.999090952 0.0113295313 0.0310239529
35.87418  -1.30294483 -0.394703958 19.995901 0.0258108948 0.999159471 0.0106611389 0.030008146
35.97828  -1.29396313 -0.39323312 19.8424675 0.0256214907 0.999198242 0.011010792 0.0287258583
36.08252  -1.28483134 -0.391304726 19.6887094 0.0250170614 0.999246804 0.0113951028 0.0273883718
36.18665  -1.27599634 -0.389913795 19.540596 0.0246376093 0.999301275 0.0117521498 0.025531094
36.29091  -1.26739789 -0.388292507 19.396937 0.0239076879 0.99936658 0.012746596 0.0230734958
36.39503  -1.25928015 -0.385949805 19.2558189 0.0238112819 0.999407577 0.0140135254 0.0205216786
36.49915  -1.25241397 -0.384860063 19.0963231 0.0233524089 0.999462347 0.0147632714 0.0176558298
36.60315  -1.24661115 -0.383441614 18.9379227 0.0231987332 0.999509191 0.0146594323 0.015109503
36.70728  -1.2414899 -0.381713373 18.7840578 0.0225052612 0.999565417 0.0143005645 0.0125691612
36.81128  -1.23704792 -0.379582433 18.6358824 0.0217063606 0.999618466 0.0139100416 0.00991299658
36.91528  -1.23354411 -0.377878573 18.4929207 0.0213093094 0.999650808 0.0137995538 0.0073313182
37.01927  -1.2311471 -0.375220549 18.3521592 0.0211206149 0.999647769 0.0152432342 0.00508931829
37.12328  -1.22933433 -0.373754078 18.1954552 0.0214294766 0.999628466 0.0166568924 0.00250122038
37.2273  -1.22831067 -0.371525718 18.0405697 0.0217837904 0.999627171 0.0164589028 0.000299357076
37.33115  -1.22788512 -0.369108072 17.8914502 0.0223179846 0.999618648 0.0161934948 -0.00149569759
37.43515  -1.22777622 -0.366182607 17.7471111 0.0223657127 0.999619693 0.0159094824 -0.00267055374
37.53903  -1.22829265 -0.364619219 17.5894842 0.0224648011 0.999638867 0.014199281 -0.0039809639
37.6429  -1.22888554 -0.362883624 17.4335054 0.0222524885 0.999652595 0.0131183539 -0.00523683245
37.74677  -1.22989466 -0.361028404 17.2795636 0.0218643784 0.999641386 0.014133619 -0.00626809126
37.85053  -1.23108489 -0.359057878 17.1291053 0.022396196 0.999609545 0.0151019105 -0.00714839405
37.9544  -1.23235267 -0.356673375 16.9830456 0.0223549591 0.999605404 0.015289214 -0.00745198637
38.05815  -1.23349447 -0.353561342 16.8401601 0.022969277 0.999589395 0.0155155007 -0.00726108838
38.16202  -1.23516074 -0.351903259 16.6814778 0.0232435965 0.999585041 0.0154040288 -0.00722477474
38.26578  -1.23657501 -0.349951394 16.5253403 0.0240212689 0.999580894 0.0145536336 -0.00701470156
38.36953  -1.2379641 -0.34803432 16.3722869 0.0246599882 0.999579686 0.0137789567 -0.00651747739
38.47328  -1.2390941 -0.346099678 16.2210456 0.0255151981 0.999554315 0.0142916913 -0.00599109647
38.57705  -1.23992898 -0.343932955 16.0728764 0.025668238 0.999531591 0.0157690664 -0.00539236027
38.68078  -1.23978856 -0.340501054 15.9265269 0.0252086298 0.999538601 0.0162672087 -0.00474221451
38.78465  -1.24050845 -0.338453654 15.7640728 0.0244216495 0.999554352 0.0165981408 -0.00437981701
38.8884  -1.24069396 -0.335943823 15.6012874 0.0235034165 0.999582795 0.0162861321 -0.00407270222
38.99215  -1.24081965 -0.333733704 15.4430747 0.0227311396 0.999604581 0.0161018232 -0.0038351496
39.0959  -1.24107255 -0.331570452 15.2891756 0.0229733665 0.999611772 0.0153224475 -0.00370847826
39.19965  -1.24103906 -0.329332236 15.1420245 0.0229452274 0.999625348 0.0144926457 -0.0035557134
39.3034  -1.24090338 -0.326515169 15.0009892 0.0234790662 0.999606656 0.0149773912 -0.00330810186
39.40727  -1.24134993 -0.324783835 14.8379974 0.0233339922 0.999605383 0.0152925925 -0.00327713207
39.51103  -1.24147914 -0.322381419 14.6773395 0.023261922 0.999601253 0.0156778346 -0.00322858618
39.61478  -1.24144451 -0.320200197 14.5199517 0.022869215 0.999601727 0.016233666 -0.00313921548
39.71853  -1.24145345 -0.317800646 14.3667291 0.0232844853 0.999595358 0.0160100852 -0.00326032423
39.82215  -1.24121322 -0.315377264 14.2188676 0.0229352047 0.999610955 0.0155659812 -0.0031007635
39.9259  -1.24102664 -0.312230646 14.0748834 0.0238106834 0.999584808 0.0159715752 -0.00285850092
40.02966  -1.24134049 -0.310161644 13.9110378 0.0240729998 0.999565554 0.0167463338 -0.00295865684
40.1334  -1.24158132 -0.307367946 13.7488261 0.0241603852 0.999572683 0.0161782491 -0.0029987202
40.23704  -1.24175224 -0.305215944 13.5911312 0.024364251 0.999586282 0.0149921233 -0.00298074791
40.34078  -1.24169726 -0.302908146 13.4368206 0.0244558484 0.999581513 0.015159143 -0.00298523977
40.44453  -1.24169773 -0.300274991 13.2851127 0.0243351821 0.999584857 0.0151653609 -0.00281519873
40.65204  -1.24169742 -0.295813035 12.969406 0.0237500678 0.999599115 0.0151563779 -0.00279799365
40.75578  -1.2414726 -0.293799723 12.8146295 0.0233682622 0.999592513 0.0161399264 -0.00286954464
40.85953  -1.24098943 -0.290673164 12.667989 0.0229972604 0.999599275 0.0162717456 -0.00276509134
40.9633  -1.24139952 -0.288777153 12.5055799 0.0236468449 0.999590635 0.0158561434 -0.00282337552
41.06704  -1.24141043 -0.286598725 12.3508693 0.0237649884 0.999588744 0.0158123398 -0.00274552228
41.1708  -1.24135979 -0.283885956 12.1989937 0.0239215444 0.999569813 0.016726036 -0.00286144017
41.27453  -1.24175514 -0.281878788 12.0350936 0.0237232729 0.999550474 0.0180119013 -0.00341000622
41.3783  -1.24203887 -0.279084793 11.872031 0.0230157528 0.999564278 0.0180504781 -0.00396353956
41.48215  -1.24250352 -0.276608166 11.7135711 0.0225860439 0.999571381 0.0180852045 -0.0044553219
41.58591  -1.24283441 -0.274030356 11.5599526 0.0220931208 0.999576117 0.018319019 -0.00488813486
41.68967  -1.24340486 -0.271329607 11.4103788 0.0223282738 0.999572887 0.0180989922 -0.00528372363
41.79353  -1.24405939 -0.268337938 11.2676729 0.0227194847 0.999572577 0.0175598226 -0.00549004085
41.89728  -1.2453166 -0.266137135 11.110916 0.0229791487 0.999563696 0.0175917621 -0.00590808938
42.00103  -1.24650951 -0.263824212 10.9539574 0.0228149238 0.999566827 0.0175291821 -0.00619390354
42.10478  -1.24743229 -0.261066297 10.8018588 0.0227390767 0.999566656 0.0174945044 -0.00658604582
42.20853  -1.24840067 -0.258766798 10.6568743 0.0226346031 0.999560658 0.0178856851 -0.00680207618
42.31228  -1.24948712 -0.255571 10.5155112 0.0226157921 0.999540517 0.0189587788 -0.00691710371
42.41605  -1.25103052 -0.253342813 10.358538 0.0225705108 0.999533451 0.0190796752 -0.0077082803
42.5199  -1.25285043 -0.250774705 10.2020534 0.0224925301 0.999539487 0.0184002304 -0.0087367932
42.62366  -1.25485897 -0.248309309 10.0500278 0.0223294483 0.999543208 0.017894648 -0.00972380958
42.7274  -1.25721548 -0.245514509 9.90252223 0.0226630748 0.999511124 0.0187112279 -0.0106671479
42.83116  -1.25971321 -0.243116687 9.76018756 0.0231055701 0.999471916 0.0196828237 -0.0116020951
42.93491  -1.26242846 -0.239515736 9.61985635 0.0235700742 0.999458463 0.0192686724 -0.0124880334
43.03866  -1.26556914 -0.237388908 9.47335327 0.0235414499 0.999443363 0.0193320058 -0.0136028797
43.14241  -1.26897627 -0.235001528 9.32846328 0.023685399 0.999412892 0.0199071873 -0.0147165905
43.24616  -1.27236438 -0.232536589 9.19067481 0.0237281698 0.999379152 0.0207315681 -0.0157634642
43.34991  -1.2759127 -0.229274126 9.06131385 0.0240566394 0.999347632 0.0211318054 -0.0167043761
43.45369  -1.28015684 -0.22709794 8.919038 0.0241454555 0.999335904 0.0208372082 -0.0176226516
43.5574  -1.28463522 -0.224629676 8.78124964 0.024522735 0.999307852 0.0210640723 -0.0184053789
43.66103  -1.28879898 -0.222016604 8.64761167 0.024178143 0.999281474 0.0222112206 -0.0189371322
43.76479  -1.2929206 -0.219736261 8.5214563 0.0243335231 0.999271928 0.0222488634 -0.0191958534
43.86853  -1.29669432 -0.217396935 8.40251727 0.0240450629 0.999300337 0.021333171 -0.0191198033
43.97229  -1.30000021 -0.214548972 8.28932853 0.0238357371 0.999312041 0.0211511096 -0.0189718775
44.07592  -1.30443986 -0.212727115 8.15803732 0.0242705621 0.999302964 0.0211217611 -0.0189313971
44.17966  -1.30856902 -0.210737814 8.03009841 0.0242359538 0.999306999 0.0210764447 -0.0188128421
44.28328  -1.31237695 -0.208627282 7.90942501 0.0239993812 0.999305701 0.0215982306 -0.0185919987
44.38704  -1.31594507 -0.206579899 7.79388566 0.024157832 0.999286209 0.0225402316 -0.0183141692
44.49078  -1.31915763 -0.204578943 7.68253364 0.0239379999 0.999286753 0.0229244178 -0.0180950042
44.59453  -1.32206731 -0.202615556 7.5757005 0.0232772603 0.999316862 0.0224995481 -0.0178255181
44.69828  -1.32509033 -0.200498656 7.47364401 0.0236212382 0.999324512 0.0219551241 -0.0176218526
44.80216  -1.32759782 -0.198767297 7.37743166 0.023701035 0.999340688 0.021370772 -0.0173130126
44.90591  -1.32965331 -0.196999598 7.28793511 0.0233285803 0.99934961 0.0215862043 -0.017034408
45.11353  -1.33424756 -0.193153472 7.10908714 0.023773054 0.999333235 0.0223533491 -0.016378495
45.32116  -1.33928441 -0.189822088 6.92238087 0.0239071894 0.999328021 0.0226943339 -0.0160287299
45.42503  -1.34138398 -0.188319123 6.83372598 0.02311947 0.999356809 0.0224654275 -0.0157087147
45.63278  -1.34583942 -0.185106188 6.67197332 0.0252816597 0.99936121 0.0201153294 -0.0152769039
45.84053  -1.35004848 -0.181428924 6.5149369 0.0252885419 0.999371029 0.0199283333 -0.0148626197
46.04841  -1.35411309 -0.17920389 6.35359036 0.0264438722 0.999367225 0.0186508622 -0.0147653777
46.25628  -1.3580665 -0.176790177 6.1953411 0.0265284761 0.999359362 0.0187570489 -0.0150093113
46.4643  -1.36204295 -0.174538469 6.04153684 0.0270613508 0.999334691 0.0188425697 -0.0155825573
46.6723  -1.3664184 -0.172105274 5.89448749 0.028227901 0.999313135 0.0178834137 -0.0160195786
46.88028  -1.37062722 -0.170406778 5.75171475 0.029209187 0.999317482 0.0156712155 -0.0163035642
47.08828  -1.37479552 -0.168575225 5.61190653 0.0288034079 0.999352799 0.0135168318 -0.0167821888
47.29629  -1.3782706 -0.167332298 5.47781676 0.0288551728 0.999341626 0.0135868545 -0.0172942276
47.50441  -1.38190194 -0.166203672 5.34962992 0.0280190669 0.999345588 0.0146028505 -0.0176092159
47.71241  -1.38414431 -0.164913463 5.22523322 0.0246606111 0.999482802 0.0111587892 -0.0173627217
47.92041  -1.38786499 -0.163868912 5.08112367 0.0236744084 0.999544684 0.0068249854 -0.0174174427
48.12843  -1.39043154 -0.163328974 4.93406828 0.019887522 0.999618253 0.0095600616 -0.0166265123
48.33641  -1.39353745 -0.162502905 4.78633159 0.0190528123 0.999643573 0.0113436865 -0.0148673442
48.54441  -1.39603106 -0.160645885 4.6373701 0.0184348243 0.99971354 0.00999855703 -0.0115335728
48.75241  -1.39674631 -0.158808479 4.48605836 0.0168660088 0.999752117 0.0119548104 -0.00826584225
48.85641  -1.39608928 -0.157342499 4.41168928 0.0170699617 0.999729642 0.0143557853 -0.00657049719
48.96041  -1.39728959 -0.156291272 4.32142477 0.0178296091 0.999706312 0.0156667128 -0.00489386158
49.06453  -1.3978949 -0.154824162 4.2293211 0.0185672634 0.999698641 0.0157607627 -0.00307931421
49.16854  -1.39803914 -0.152958944 4.13927008 0.019361653 0.999696362 0.015196281 -0.00117590468
49.27254  -1.39763744 -0.151239311 4.05144983 0.0200406488 0.999702436 0.0138767026 0.000921129069
49.37654  -1.39661082 -0.149409677 3.96431507 0.0211366325 0.999682834 0.0133960869 0.00283188475
49.48054  -1.39511251 -0.14775636 3.87909766 0.0217461613 0.999658153 0.0136810259 0.00484879784
49.58454  -1.39307888 -0.146182984 3.79690168 0.0225562578 0.999613646 0.0147172272 0.00686853054
49.68854  -1.38979778 -0.143995469 3.71822646 0.0232551712 0.999563542 0.0158222597 0.00903203784
49.79254  -1.388023 -0.142355908 3.61160529 0.0248141212 0.9995076 0.0156718322 0.0110999944
49.89654  -1.38528718 -0.14059906 3.5076815 0.0254952956 0.99947989 0.0145607423 0.0133388324
50.00054  -1.38187512 -0.138796717 3.40583701 0.0260580328 0.999457704 0.0129555463 0.0154087933
50.10455  -1.37759572 -0.137046393 3.30500321 0.0263481722 0.999429053 0.0122267146 0.0172583389
50.20854  -1.37317813 -0.135681618 3.20538237 0.0263788147 0.999400717 0.0123481792 0.0187052637
50.31254  -1.36829758 -0.134528869 3.10751135 0.0266277528 0.999380579 0.0120607973 0.0195948715
50.41654  -1.36278077 -0.132694936 3.00870579 0.0259930748 0.999402059 0.0108988903 0.0200274522
50.52054  -1.35777896 -0.131964999 2.8998591 0.0258488951 0.999421065 0.00914623743 0.0201424017
50.62467  -1.35304196 -0.130818502 2.78760014 0.0268967252 0.999407326 0.00789794573 0.0199796165
50.72866  -1.34815851 -0.129218043 2.67485377 0.0275169105 0.999381543 0.00964166285 0.0196568142
50.83266  -1.3433093 -0.128316899 2.56184048 0.0275236157 0.999348831 0.0126995366 0.0195725714
50.93679  -1.33844685 -0.126721119 2.4508719 0.027794901 0.999332684 0.0136430475 0.0193777503
51.04079  -1.33337805 -0.124903581 2.34284488 0.0272106358 0.999367227 0.012584515 0.0191404666
51.14479  -1.32828396 -0.122661989 2.23681488 0.026739156 0.999394991 0.011819657 0.0188405374
51.24879  -1.32311038 -0.121437678 2.11537495 0.0261157737 0.999414572 0.0120527797 0.01852595
51.35279  -1.31815119 -0.120212738 1.99418892 0.0261442543 0.99942261 0.0115119617 0.0183956181
51.45679  -1.31327013 -0.118622747 1.87621764 0.0263985146 0.999425267 0.0112635498 0.0180384875
51.56079  -1.3086363 -0.116667849 1.76136777 0.0265821049 0.999411161 0.0127585381 0.0175482888
51.66479  -1.30374971 -0.115160019 1.63608945 0.0262572107 0.99942139 0.0136689229 0.0167512844
51.76879  -1.29906955 -0.112779231 1.5113003 0.0254708688 0.999466211 0.0128680051 0.0159041686
51.87279  -1.29452611 -0.110804661 1.38011395 0.0253630459 0.999484389 0.0131941483 0.0146145868
51.97679  -1.29007205 -0.109307297 1.25059326 0.0240304483 0.999547473 0.0121345903 0.0134215619
52.08079  -1.28645286 -0.107698877 1.12412215 0.0247861381 0.999593195 0.00749957697 0.0119519401
52.18466  -1.28338884 -0.106293994 0.997845795 0.0247987386 0.999615148 0.00621452968 0.0107683822
52.28868  -1.28010096 -0.105954057 0.870309848 0.0249704751 0.999595745 0.00985077627 0.00936927001
52.39267  -1.27747169 -0.10412205 0.741481321 0.0247235317 0.999576806 0.0129970037 0.00812614937
52.49667  -1.27452623 -0.102232473 0.604857761 0.0240606106 0.999599699 0.0132358458 0.00680745928
52.60067  -1.27201308 -0.1000797 0.470318489 0.0235000261 0.99963022 0.0124667047 0.00563492601
52.70454  -1.2704145 -0.097801285 0.340173929 0.0235334404 0.999642128 0.0118513073 0.00461952273
52.80854  -1.26858731 -0.0960993493 0.197322514 0.0238564765 0.99963583 0.0120969989 0.00356904809
52.91241  -1.26745349 -0.0942225164 0.058677741 0.0249763124 0.999609648 0.0122370535 0.00264393321
53.01642  -1.2662852 -0.0920497835 -0.0758029902 0.0247100421 0.999606801 0.0131386547 0.00174145023
53.12031  -1.26533652 -0.0902596943 -0.22180758 0.0245101583 0.999599332 0.0141460327 0.000563869552
53.22416  -1.26446946 -0.0882181902 -0.366118659 0.0238147902 0.999592313 0.0157437026 -0.00044660466
53.32804  -1.26394907 -0.0858906952 -0.508266447 0.0234188799 0.999573976 0.0173642278 -0.00138086854
53.43191  -1.26377627 -0.0840493195 -0.642378742 0.0235672065 0.999561572 0.0177817854 -0.00224911228
53.53579  -1.26370244 -0.0820181816 -0.774740947 0.0235036387 0.999571823 0.0171897306 -0.002874418
53.63967  -1.26363253 -0.0794365799 -0.905704852 0.0238068617 0.999570746 0.0167397549 -0.00336723556
53.74342  -1.2639855 -0.0775908353 -1.05147155 0.0236932594 0.99956915 0.0168893268 -0.00385937787
53.84731  -1.26433194 -0.0756042051 -1.19389356 0.0232750068 0.999568851 0.017395774 -0.0042158306
53.95117  -1.26480011 -0.0736058488 -1.33104893 0.0232187065 0.999576398 0.016956165 -0.00451711089
54.05492  -1.26528247 -0.0712476479 -1.46200098 0.0232477595 0.99959434 0.0157510839 -0.00475409774
54.15879  -1.2661373 -0.0693066009 -1.6059466 0.0236599572 0.999573077 0.0164134457 -0.00494661987
54.26254  -1.2669258 -0.0670695479 -1.74691641 0.0240636747 0.99952708 0.0184674538 -0.00505068778
54.36629  -1.26752707 -0.0642752054 -1.88468421 0.0239849548 0.999505258 0.0197351067 -0.00494841402
54.47016  -1.26800478 -0.0615992891 -2.0178868 0.0238871238 0.999519446 0.0192249733 -0.00454779624
54.57391  -1.26818223 -0.0591533428 -2.14701577 0.0237969071 0.999552728 0.0176632412 -0.00400774783
54.67769  -1.26841692 -0.0564039431 -2.27833053 0.0233675071 0.999594563 0.0159115874 -0.00338989487
54.78154  -1.26853085 -0.0550663214 -2.41498972 0.0233037608 0.999600239 0.0156968104 -0.00314741423
54.88529  -1.26847458 -0.0533634135 -2.54948489 0.0229050637 0.999599592 0.0163765063 -0.00279703505
54.98917  -1.26859138 -0.0515796704 -2.68283625 0.0235497803 0.999559786 0.0178760725 -0.00246759879
55.09292  -1.26860164 -0.0488672725 -2.81270515 0.0232977612 0.999537103 0.0194573766 -0.00205049431
55.19679  -1.26818977 -0.0465986233 -2.9548777 0.0224901769 0.999557705 0.0193600239 -0.00194305521
55.30054  -1.26790625 -0.0442864523 -3.09338791 0.0223469066 0.999600406 0.0171947105 -0.00199638241
55.40441  -1.26761652 -0.0421734466 -3.22843789 0.0221973054 0.999627618 0.0157139246 -0.00223120688
55.50819  -1.26750135 -0.040651428 -3.35434158 0.022766933 0.999612372 0.0158473219 -0.00237385786
55.61191  -1.26750223 -0.0389022675 -3.47324238 0.023345736 0.999573842 0.017357251 -0.00241595792
55.71579  -1.26744686 -0.0368237583 -3.59333823 0.0230993389 0.999572002 0.0177708506 -0.00253563912
55.81954  -1.26717807 -0.0348471372 -3.72255651 0.0223159068 0.999598564 0.0172113978 -0.00291195128
55.9233  -1.26693262 -0.0329128501 -3.85362013 0.021360169 0.999623623 0.0169113999 -0.00321885002
56.02717  -1.26698078 -0.0311120212 -3.98214291 0.021012335 0.999637432 0.0164797544 -0.00345026208
56.13092  -1.26709715 -0.0296616686 -4.10594252 0.0213490326 0.999637303 0.016016495 -0.00359894566
56.23467  -1.26767201 -0.0276993642 -4.22636153 0.0225061435 0.999613091 0.0159501657 -0.00356852018
56.33842  -1.26819683 -0.0262413219 -4.361244 0.0235980588 0.999576207 0.0166352288 -0.00371588701
56.44229  -1.26870467 -0.0246872914 -4.49363442 0.023820775 0.999565208 0.0169720521 -0.00373038505
56.54604  -1.26899438 -0.0229296511 -4.62056308 0.0237497018 0.99957628 0.0164084627 -0.00373813907
56.64981  -1.26916998 -0.0207399268 -4.73458471 0.0229568018 0.999597627 0.0162202754 -0.00380428554
56.75355  -1.26915123 -0.0194863313 -4.86191702 0.0220253298 0.99961547 0.0163576256 -0.0040281106
56.85729  -1.26922016 -0.0178980275 -4.98856007 0.021436978 0.999627993 0.0163335319 -0.00418888203
56.96106  -1.26953593 -0.0161928215 -5.11299561 0.021441259 0.999615928 0.0170396764 -0.00423309601
57.06479  -1.26988089 -0.0147214056 -5.23519242 0.0219431394 0.999601789 0.017197079 -0.00436157277
57.16854  -1.27042781 -0.0129752431 -5.35460417 0.0226207165 0.999579783 0.0175667668 -0.00446879213
57.2723  -1.27116816 -0.0103466893 -5.47299784 0.0226894043 0.999574765 0.0177662135 -0.0044544662
57.37617  -1.27154993 -0.00901623324 -5.59914809 0.0224288293 0.999600552 0.0165658229 -0.00461061287
57.47992  -1.27170608 -0.00761854518 -5.72470081 0.0212595989 0.999658161 0.0144408828 -0.00480115833
57.58367  -1.27176105 -0.00638882771 -5.84646164 0.0190684402 0.999714439 0.0135815713 -0.00479337483
57.68742  -1.27169263 -0.00536944616 -5.9661066 0.0176457347 0.999725391 0.0146978729 -0.0046629643
57.79117  -1.27180357 -0.00416314699 -6.08224923 0.0173120407 0.999714609 0.0158278604 -0.00452468801
57.89492  -1.27221767 -0.0016997553 -6.19516759 0.0178888894 0.999690998 0.0166735433 -0.00445973349
57.99868  -1.27319637 -0.00021339592 -6.32275606 0.0200949975 0.999625735 0.0180314789 -0.00440978332
58.10242  -1.27438306 0.00174618861 -6.44833588 0.022516107 0.999561791 0.0187205952 -0.00433486769
58.20619  -1.27511925 0.00404241937 -6.56955777 0.0235205553 0.999548299 0.0182209642 -0.00423996535
58.31004  -1.27563209 0.00593418415 -6.6868394 0.0240318116 0.99955813 0.0169817769 -0.00419964041
58.4138  -1.27584722 0.00780614497 -6.8006494 0.0236230151 0.99958563 0.0158883001 -0.00425238351
58.51755  -1.27570761 0.00979611258 -6.9107148 0.0224531579 0.999619602 0.0154089913 -0.00436681906
58.62142  -1.2759643 0.0114764124 -7.03769834 0.0217547813 0.999629348 0.0157315957 -0.00451818087
58.72519  -1.27630156 0.0131180421 -7.16124255 0.0214602919 0.999639928 0.0154371898 -0.00460026007
58.82907  -1.27667179 0.0149079164 -7.28176949 0.0214860803 0.999651694 0.0145932274 -0.00467736461
58.93282  -1.27712114 0.0163197219 -7.4000506 0.02115476 0.999661704 0.0143952219 -0.00466159553
59.03655  -1.27751502 0.017710128 -7.51582251 0.0211168029 0.999658199 0.0146765982 -0.00470788993
59.14042  -1.27769522 0.0197076807 -7.63039572 0.0204492353 0.99967792 0.0142602341 -0.00474656124
59.24417  -1.27798317 0.0209749412 -7.75570115 0.0193903299 0.999692126 0.0146750094 -0.00493080726
59.34804  -1.27814718 0.0228733066 -7.88092505 0.0182279649 0.999694024 0.0159426565 -0.00504289347
59.4518  -1.27844121 0.024331928 -8.00134292 0.0173855617 0.999709919 0.0158563119 -0.00513779534
59.55558  -1.27884944 0.0258633274 -8.11742073 0.0171614107 0.999737073 0.0142700911 -0.00525698625
59.65942  -1.27936425 0.0279137055 -8.23103904 0.0165928239 0.999753448 0.0138364522 -0.00512574369
59.76318  -1.27982024 0.0290133808 -8.35882927 0.0164325989 0.999749338 0.0143358957 -0.00507077523
59.86692  -1.2800921 0.0301771911 -8.4837344 0.0158346999 0.999774946 0.013226284 -0.00493809538
59.9708  -1.28031803 0.031127906 -8.60275777 0.0152323968 0.999806982 0.0114376864 -0.00481169293
60.07455  -1.28088288 0.0325059264 -8.71653265 0.0150482992 0.99981596 0.0109364933 -0.00468902541
60.17832  -1.28125956 0.0331157389 -8.8433691 0.0156322709 0.999796093 0.0119343496 -0.00457987374
60.28217  -1.28193842 0.0339621792 -8.96779055 0.0171095027 0.999769343 0.0122300491 -0.00435341575
60.38592  -1.28257179 0.0350559132 -9.08978899 0.0178122297 0.999761475 0.0119766767 -0.00403441994
60.48967  -1.28289798 0.0357530452 -9.20979057 0.0177479884 0.999763063 0.0120002999 -0.00384967969
60.59342  -1.28300588 0.0364496861 -9.32672241 0.0173186235 0.999782624 0.0109524746 -0.00384890571
60.69718  -1.28321036 0.0378896908 -9.44326498 0.0166423792 0.99978711 0.0116311028 -0.00367186552
60.80105  -1.28323045 0.0384779679 -9.56883041 0.0167592923 0.999762522 0.0135135422 -0.0033778776
60.9048  -1.28354538 0.0395872957 -9.69341555 0.0178052365 0.999743169 0.0136757297 -0.00308925283
61.00855  -1.28398682 0.0410528796 -9.81629559 0.0190132713 0.999730563 0.0130446301 -0.00267121471
61.1123  -1.28422511 0.0417470917 -9.935608 0.020101856 0.999705517 0.0133879441 -0.00235738823
61.21617  -1.28422051 0.0425606642 -10.0519114 0.0206848842 0.999687521 0.013870002 -0.00214896921
61.31992  -1.28424129 0.0439667686 -10.1659168 0.0217383881 0.999666232 0.0138102651 -0.00203557013
61.42367  -1.28450848 0.0448384829 -10.2936564 0.0227828761 0.999637245 0.0142417552 -0.00186852138
61.52755  -1.28463662 0.0459717813 -10.4202677 0.023702943 0.99960651 0.0149039213 -0.00169353866
61.6313  -1.28466236 0.0474249126 -10.5429465 0.0247034872 0.999575518 0.0153612498 -0.00159767484
61.73505  -1.28467307 0.0482201029 -10.6592884 0.0257923428 0.999575777 0.0134450706 -0.00150068187
61.8388  -1.2846077 0.0488693574 -10.7694801 0.0267882972 0.999576689 0.0112688978 -0.00135733139
61.94255  -1.284537 0.0497372711 -10.87668 0.027247641 0.99957142 0.0106359143 -0.00119140114
62.04642  -1.28427947 0.0498679299 -10.9950084 0.0273058526 0.999554215 0.0120125218 -0.00120888552
62.15017  -1.28385576 0.0505234185 -11.1139769 0.0269852622 0.999556612 0.0125271706 -0.00120180388
62.25392  -1.28344184 0.0510982182 -11.2292952 0.0268054628 0.999567572 0.012028107 -0.00120867126
62.35767  -1.28327843 0.0522701226 -11.3416663 0.0267478233 0.999569958 0.0119586597 -0.00120179039
62.46155  -1.2829021 0.0527273017 -11.4656361 0.026565044 0.999567912 0.0125235776 -0.00120284618
62.5653  -1.28272779 0.0534699317 -11.5866429 0.026750074 0.999575783 0.0114197357 -0.0015088289
62.66905  -1.28237889 0.0541995385 -11.7047844 0.0261750081 0.999592841 0.0111907229 -0.00194627117
62.77292  -1.28229199 0.054545749 -11.8197385 0.0262192012 0.999585448 0.0116443643 -0.00242782011
62.87668  -1.28236568 0.054911507 -11.9309882 0.026681759 0.999573214 0.0115562002 -0.00281570926
62.98055  -1.28288964 0.0555918514 -12.0395528 0.0270601766 0.99957018 0.0108238736 -0.00316946071
63.0843  -1.28304447 0.0558613254 -12.1591955 0.02691303 0.999572356 0.0108543674 -0.00360228722
63.18817  -1.28329868 0.0563112385 -12.2771051 0.0266041393 0.999573655 0.0113386661 -0.00402025854
63.29193  -1.28376928 0.0568305498 -12.3923277 0.0260403808 0.999584581 0.0115341658 -0.00441890421
63.3958  -1.28404943 0.0572248941 -12.5049572 0.0256990056 0.999589013 0.0117663034 -0.0047874754
63.49955  -1.28460085 0.0575934368 -12.6142269 0.0256056526 0.999590583 0.011710853 -0.00508647162
63.60343  -1.2853725 0.058449716 -12.721376 0.0256369797 0.999588985 0.0117108306 -0.00524045437
63.70717  -1.2861193 0.0586753732 -12.8434415 0.0261362163 0.999582298 0.0111836816 -0.00520134421
63.81105  -1.28683909 0.0590542324 -12.9647902 0.0262627107 0.999591389 0.0101003512 -0.00503076623
63.9148  -1.28739677 0.0594164251 -13.082026 0.0262147621 0.999596115 0.00983140829 -0.0048720977
64.01868  -1.2879551 0.059371639 -13.1946192 0.0268086252 0.999575045 0.0104533013 -0.00466424934
64.12242  -1.28850011 0.0594862712 -13.302008 0.0275309067 0.999547309 0.0113531061 -0.00428176065
64.22618  -1.28910545 0.0604274436 -13.4078642 0.0280331119 0.999524675 0.0122935353 -0.00366563508
64.33005  -1.28939558 0.060537192 -13.5222746 0.0282898491 0.999521761 0.0120918728 -0.0031176722
64.4338  -1.28949302 0.0608533139 -13.6372119 0.0281075942 0.999548041 0.0102875112 -0.00280069547
64.53757  -1.28937869 0.0610793929 -13.7492258 0.0272374223 0.999585041 0.00900073941 -0.00261820176
64.64143  -1.28925732 0.0608915083 -13.8581374 0.0267276726 0.999590221 0.00990892286 -0.00261435633
64.7453  -1.28919906 0.0609940381 -13.9624346 0.0267334069 0.999566469 0.0120606826 -0.00259579275
64.84905  -1.28944978 0.061840112 -14.0618368 0.0271176022 0.999542245 0.0131821397 -0.00248336894
64.95292  -1.28940322 0.0624267079 -14.1728926 0.0273172106 0.999534446 0.013339137 -0.00259400277
65.05669  -1.28943371 0.0629457596 -14.2829725 0.0272213746 0.999548966 0.0123804372 -0.00275435512
65.16055  -1.28947358 0.0635930889 -14.3912947 0.0269449664 0.999565229 0.0115458305 -0.00316477348
65.2643  -1.28953465 0.0638010541 -14.4973345 0.0263299733 0.99958601 0.0110074993 -0.00365725304
65.36805  -1.2897585 0.0640604846 -14.6004451 0.0258376015 0.999591432 0.0115154165 -0.00409665387
65.47193  -1.29015693 0.0646204667 -14.700945 0.0257674861 0.999585032 0.0120967624 -0.00441244195
65.57568  -1.29068817 0.065003863 -14.8148682 0.0257773942 0.999588592 0.0116370785 -0.00476981802
65.67942  -1.29121918 0.0654994512 -14.9278332 0.0256811613 0.999595056 0.0111622524 -0.00506015172
65.78318  -1.29186405 0.0661807394 -15.0381775 0.0257069012 0.999585044 0.0118369336 -0.00536492183
65.88693  -1.29250962 0.0665051918 -15.1468299 0.0256513084 0.999578944 0.0122740555 -0.00576994449
65.9908  -1.29319499 0.0670094477 -15.2513821 0.0254888665 0.999580857 0.0122052639 -0.00628161688
66.09455  -1.29408928 0.0674301303 -15.3528633 0.0256265976 0.999575129 0.0121923342 -0.00664722717
66.1983  -1.29506364 0.0677977197 -15.4511955 0.0257126808 0.999571929 0.012076578 -0.00699811368
66.30208  -1.29608724 0.0684271795 -15.549191 0.0255367618 0.999576682 0.0118792573 -0.00729483486
66.40595  -1.29719296 0.0687697506 -15.6575509 0.0257131529 0.999568113 0.0120224748 -0.00760797241
66.50968  -1.29815968 0.0692410441 -15.7661357 0.025401373 0.999575597 0.0118455188 -0.00794232683
66.61343  -1.29949878 0.0695287456 -15.870289 0.0253223696 0.99958241 0.011198426 -0.00826914135
66.7173  -1.30070201 0.0696519443 -15.9687972 0.0255290694 0.99958382 0.0103903135 -0.00851440645
66.82105  -1.30199924 0.069697398 -16.0619234 0.0257461099 0.999570105 0.0109899387 -0.0087157667
66.92481  -1.30320805 0.070333149 -16.1499433 0.0258487617 0.999555333 0.0120107531 -0.00875900657
67.02868  -1.30458408 0.0705585609 -16.2560076 0.0260270617 0.999556502 0.0116109696 -0.0086357262
67.13244  -1.30582826 0.0709124408 -16.3605115 0.0257158115 0.999569816 0.0112467743 -0.00850828713
67.2363  -1.3071559 0.0713880925 -16.4619919 0.0261278458 0.99955708 0.0114520776 -0.00847521043
67.34005  -1.30841192 0.0714748472 -16.5597136 0.0264582235 0.999547555 0.0116327028 -0.00832631573
67.44382  -1.30959338 0.0716943177 -16.6544349 0.0266270703 0.999539341 0.0120752201 -0.00814215952
67.54768  -1.31067323 0.0724822594 -16.7508271 0.0265377063 0.999541937 0.0121155248 -0.00805489078
67.65155  -1.31179488 0.072722012 -16.8503265 0.0266366917 0.999539679 0.0121046265 -0.00802459961
67.7553  -1.31283599 0.0731730648 -16.9502187 0.0263372064 0.999547489 0.0121390844 -0.0079882388
67.85906  -1.31393202 0.0736650901 -17.047605 0.0264102446 0.999546961 0.0119258408 -0.00813308405
67.96293  -1.3150308 0.0738043526 -17.141014 0.0260535317 0.999555478 0.0117766814 -0.00844810922
68.06681  -1.31614623 0.0739217932 -17.2300821 0.0255983208 0.999558841 0.011995553 -0.00910798298
68.17055  -1.31778078 0.0740963198 -17.3143307 0.0251219215 0.99956197 0.0124446058 -0.00948100932
68.27443  -1.31875173 0.0744671581 -17.4139159 0.0244378953 0.999566789 0.0128042772 -0.0102505348
68.37818  -1.32019968 0.0748571142 -17.5119547 0.0241107684 0.999572258 0.0123916307 -0.0109735977
68.48205  -1.32192693 0.0752017428 -17.6072942 0.0242159781 0.999574028 0.0114929588 -0.0115438612
68.58593  -1.32369619 0.0754683451 -17.6998653 0.0244070536 0.999566165 0.0114789764 -0.0118326235
68.68968  -1.32557974 0.0757333254 -17.790033 0.0248465656 0.999543023 0.012496127 -0.0118423186
68.79356  -1.32728779 0.0758481685 -17.8761369 0.025163004 0.999525255 0.0134501113 -0.0116267584
68.89743  -1.3290177 0.0761680937 -17.9592397 0.0264852802 0.999486096 0.0137110351 -0.0117508197
69.00118  -1.33065198 0.0763543291 -18.0371451 0.0269893735 0.999477439 0.0134022284 -0.0116962698
69.10505  -1.33238804 0.0765837703 -18.113512 0.0264520207 0.999487245 0.0139102471 -0.0114909432
69.20893  -1.33370274 0.07676363 -18.1960525 0.0265436313 0.999460735 0.0152428073 -0.0118882842
69.3128  -1.33527449 0.0772780486 -18.2771902 0.0262901142 0.999459851 0.0151105592 -0.012669176
69.41681  -1.33688798 0.0778184591 -18.355015 0.0256255095 0.99947409 0.0144503398 -0.0136405441
69.52068  -1.33869526 0.0780287652 -18.4293233 0.0254325935 0.999468451 0.0144931722 -0.0143508223
69.62456  -1.34070907 0.0781693817 -18.499534 0.0259919533 0.999440385 0.0148183588 -0.0149583241
69.72844  -1.34250464 0.0789617265 -18.5688088 0.0265714191 0.99942413 0.0148565484 -0.014988368
69.93632  -1.34615467 0.0793175023 -18.706936 0.0279793684 0.99940587 0.0145541775 -0.0139009925
70.04006  -1.347691 0.0794924994 -18.7736505 0.0297988681 0.999397941 0.0140685929 -0.010856234
70.14393  -1.34843553 0.0796318866 -18.8356951 0.0320120306 0.999382103 0.0136693304 -0.00487771356
70.24756  -1.3478995 0.0796515957 -18.8921938 0.0338759256 0.999326359 0.0134857976 0.00416933298
70.35118  -1.34661455 0.0811520842 -18.9474455 0.0345305782 0.999184668 0.0139014146 0.0156329568
70.45481  -1.34135663 0.080238584 -19.0055231 0.0342032543 0.998892003 0.0155203464 0.0283553072
70.55857  -1.33494273 0.0797561968 -19.0597054 0.0334098228 0.998386718 0.0171653282 0.0425804705
70.66218  -1.32709386 0.0789953287 -19.1088925 0.0332890114 0.997600533 0.0172202342 0.0582106593
70.76581  -1.31631012 0.0801321125 -19.1568763 0.0340319778 0.996374946 0.0157976095 0.076349373
70.86943  -1.30648517 0.0792832174 -19.206137 0.0349734349 0.994580313 0.0143352824 0.0968574219
70.97306  -1.29414674 0.0789440788 -19.2524217 0.0354754984 0.992155449 0.0129091403 0.119173858
71.07668  -1.27963679 0.0784360381 -19.2944179 0.0353577318 0.98897225 0.0122970826 0.143291665
71.18031  -1.26341955 0.0775219533 -19.3329055 0.0361022645 0.984811167 0.0120615367 0.169405167
71.28393  -1.24531329 0.0764114139 -19.3679284 0.0370097844 0.979548109 0.01165017 0.197433665
71.38768  -1.2249589 0.0752881053 -19.3999986 0.0367238811 0.973211938 0.0109062739 0.226695685
71.49131  -1.20030182 0.0764505221 -19.4330131 0.0365615878 0.965665548 0.0102884201 0.256996983
71.59508  -1.17548128 0.0741869602 -19.4671962 0.03612444 0.956895659 0.0103239081 0.287991561
71.69881  -1.14838793 0.0722559456 -19.4995721 0.0362097268 0.946860461 0.0102271764 0.319436266
71.80243  -1.11938671 0.0703401258 -19.5275011 0.0356936783 0.935447097 0.00998031581 0.351518255
71.9062  -1.08864705 0.0687126756 -19.5512184 0.0351214187 0.922354497 0.0102024321 0.384609643
72.00981  -1.04969756 0.0696876532 -19.5751948 0.034175834 0.907670005 0.010240836 0.418165398
72.11368  -1.01679265 0.0665519429 -19.5971829 0.0314821733 0.892320542 0.0101341942 0.450189094
72.21745  -0.980575861 0.0639507561 -19.6168542 0.0294359183 0.876107516 0.00937773324 0.481124938
72.32131  -0.938806367 0.0649347235 -19.6354914 0.0283811979 0.858558823 0.00829189331 0.511861798
72.42518  -0.898172896 0.0614956422 -19.65203 0.0280561233 0.840121371 0.00807242742 0.541612197
72.52906  -0.856421494 0.058898122 -19.6636182 0.0284229623 0.820705108 0.00742392065 0.570596307
72.63293  -0.815153014 0.0560740369 -19.669513 0.0286472757 0.80047822 0.00582725824 0.598648475
72.73695  -0.770959553 0.0574880848 -19.671422 0.0288113241 0.779303804 0.00393216057 0.625971266
72.84082  -0.729813274 0.053648737 -19.67233 0.0264762739 0.757023306 0.00352169371 0.652841726
72.94481  -0.684997931 0.0514108135 -19.6716814 0.0239445895 0.733536827 0.00565552018 0.679204237
73.04881  -0.640036718 0.0495210787 -19.6679524 0.0210378664 0.709018488 0.00910979638 0.704817142
73.15283  -0.595878507 0.0502690077 -19.6585034 0.0170166005 0.684057347 0.0119302968 0.72913212
73.25669  -0.546922764 0.0466741251 -19.6481927 0.0121274538 0.657295903 0.0148535228 0.753388607
73.36068  -0.499209706 0.0441032312 -19.6324368 0.00761890616 0.629717946 0.0162652437 0.776616187
73.46456  -0.452996126 0.0430026527 -19.6133099 0.00608521367 0.601129637 0.0172563553 0.798942017
73.56856  -0.408177257 0.0443412663 -19.5879573 0.00538431269 0.572297167 0.0175727295 0.819840327
73.67258  -0.360220859 0.0433254941 -19.5660878 0.00412081635 0.541867833 0.0196622664 0.840223581
73.77644  -0.312922486 0.043203261 -19.5396433 0.00220294722 0.510983215 0.0217377398 0.859312965
73.88045  -0.269946978 0.0437026751 -19.5060332 0.000249437213 0.480099076 0.0228131907 0.876917541
73.98444  -0.223128937 0.0426611154 -19.4676121 -0.000862822226 0.448424533 0.0229077213 0.893526681
74.08844  -0.180415856 0.0421207674 -19.4254936 -0.000889845064 0.417165731 0.0220689642 0.908562008
74.19256  -0.141835814 0.042305032 -19.3805972 0.000858121309 0.38654354 0.0219328616 0.922009927
74.29656  -0.107112361 0.0431988058 -19.3291177 0.00261847501 0.357316171 0.0222407467 0.933714971
74.40068  -0.0679161641 0.0430719712 -19.2748099 0.00335251224 0.327016263 0.0225625347 0.944743381
74.50481  -0.0310817847 0.0426076588 -19.2155066 0.00237267602 0.296498862 0.0227741104 0.954758679
74.60881  0.00185393703 0.0419668694 -19.1526752 0.00110726357 0.265189694 0.0222871921 0.963938007
74.71282  0.0300023957 0.0417797412 -19.0856849 0.000546328704 0.233893313 0.0230323025 0.971989266
74.81693  0.0542393898 0.0411224866 -19.0186164 -0.000349588246 0.202584497 0.0225338065 0.979005427
74.92108  0.0742052957 0.0411601215 -18.9436646 -0.0011370658 0.174443867 0.0218065912 0.984424968
75.0252  0.0972477902 0.0404889217 -18.8660736 -0.000709718043 0.147834553 0.0189779337 0.988829752
75.12956  0.11695769 0.0401309109 -18.7836871 1.29757461e-05 0.124551784 0.0159889959 0.992084273
75.23381  0.133486177 0.0397337386 -18.7000024 0.000246137024 0.104184872 0.0136522778 0.994464211
75.33819  0.14519549 0.0397257135 -18.6138097 -0.000233366077 0.0864393766 0.0136105063 0.99616411
75.44256  0.153511243 0.0390993237 -18.529456 -0.0010115787 0.0695554467 0.0135334454 0.997485771
75.54693  0.159972163 0.0388051415 -18.4424022 -0.00155925218 0.0544211443 0.0129929607 0.998432317
75.65131  0.163972816 0.0384221687 -18.3538803 -0.0015669478 0.0412165303 0.0112931458 0.999085185
75.75568  0.16535184 0.038450265 -18.2614175 -0.00135513224 0.0307915625 0.00881246354 0.99948606
75.86022  0.169456773 0.0374829319 -18.1586812 -0.000641370535 0.0226655897 0.00635488734 0.999722699
75.96471  0.172163029 0.0367117121 -18.0531943 -2.43415924e-05 0.0180710827 0.00388495208 0.999829157
76.06919  0.174208298 0.0359265987 -17.9476656 2.87716604e-06 0.0161320975 0.00224798187 0.999867342
76.17371  0.175986209 0.0353735847 -17.8410194 -0.000369502741 0.0156948966 0.00198672192 0.999874785
76.27806  0.178069733 0.0346768494 -17.7363226 -0.0010472896 0.0151901372 0.00255831796 0.999880802
76.38246  0.18014807 0.0341427474 -17.633014 -0.00163524143 0.0144247671 0.00278172469 0.999890751
76.48681  0.182015602 0.0341277778 -17.5298169 -0.0015464297 0.0136720046 0.00348503286 0.999899265
76.59106  0.184587395 0.033190781 -17.4112544 -0.00122978435 0.0124999187 0.00334619022 0.999915518
76.69531  0.186863401 0.0324998013 -17.2901573 -0.00169465772 0.0115308378 0.00359883938 0.999925605
76.79944  0.188912392 0.0319671104 -17.1701425 -0.00288204505 0.0105552252 0.00368392178 0.999933353
76.90356  0.190592739 0.0316705388 -17.0530066 -0.00320885618 0.0097228124 0.00443213089 0.999937761
77.00769  0.192109809 0.0313563902 -16.9380606 -0.00261683376 0.00883509783 0.00451845233 0.999947337
77.11181  0.19343174 0.0311333624 -16.8224566 -0.00200197278 0.00818698423 0.0047919067 0.999953
77.21594  0.194733844 0.0310209815 -16.7063938 -0.00213465236 0.00770452407 0.00484258176 0.999956316
77.32006  0.195729839 0.0299379473 -16.5758737 -0.00185353289 0.00731282329 0.00454012222 0.999961236
77.42406  0.196813182 0.028854458 -16.4444364 -0.001266774 0.00715628092 0.00435291279 0.999964117
77.52819  0.197934092 0.0279345102 -16.3143435 -0.000961675462 0.00726600152 0.00426454036 0.999964046
77.63219  0.199163438 0.0272368668 -16.1857779 -0.00135116412 0.00758772104 0.00403300808 0.999962167
77.73619  0.200452609 0.0264142229 -16.0596136 -0.00165354837 0.00817606 0.00392362295 0.999957511
77.84019  0.202060252 0.025539714 -15.9341616 -0.000729483452 0.00899700101 0.00359380847 0.999952802
77.94421  0.204066281 0.0247786774 -15.8095003 0.000923653474 0.00994717792 0.0033542086 0.999944473
78.04806  0.20618615 0.0229864497 -15.6704277 0.00219866185 0.0108934251 0.00381704277 0.999930962
78.15207  0.208896076 0.021001333 -15.5318019 0.00258167019 0.0113882616 0.00458411901 0.999921311
78.25594  0.211492242 0.01904666 -15.3958348 0.00201164596 0.0112918355 0.00508942385 0.99992127
78.35982  0.214348525 0.017179344 -15.2619966 0.00211459686 0.010844953 0.00564201665 0.999923039
78.46369  0.216454574 0.0146464716 -15.1132949 0.00352073551 0.0101962583 0.00551151682 0.999926629
78.56758  0.218316038 0.0121054573 -14.9644144 0.00427170786 0.00898579886 0.00551492145 0.999935295
78.67132  0.219919288 0.00944107367 -14.8174772 0.00381277569 0.00745599269 0.0054348436 0.999950165
78.77519  0.221144461 0.00687134429 -14.6712924 0.00286876406 0.00632793287 0.0057357134 0.999959414
78.87906  0.221910716 0.00439805469 -14.5271084 0.00315693647 0.00560933123 0.00522659654 0.999965625
78.98294  0.222694843 0.0023639137 -14.385291 0.00334672846 0.0050511972 0.00551077048 0.999966458
79.08681  0.223637239 0.000328140111 -14.245828 0.00382583625 0.00452733267 0.00587771294 0.999965159
79.19069  0.223976845 -0.00233417832 -14.0965453 0.00445672156 0.00410742699 0.00564893855 0.999965677
79.29444  0.224118933 -0.00513239428 -13.9468827 0.00439375564 0.00364677977 0.00490790462 0.999971654
79.39831  0.224650352 -0.00750298615 -13.7991389 0.00392162247 0.00360840922 0.00504374328 0.99997308
79.5022  0.224677387 -0.0103382909 -13.639955 0.00228584801 0.00386005986 0.00423380192 0.999980975
79.60606  0.225125614 -0.0127754868 -13.4827734 0.00148729531 0.00400004812 0.00434275043 0.999981464
79.70994  0.22588033 -0.014344565 -13.326822 -3.44942589e-05 0.00419049522 0.00459191597 0.999980676
79.81382  0.226355196 -0.0160925874 -13.1665526 -0.0029189608 0.0044094735 0.00437669151 0.99997644
79.91756  0.226925509 -0.0170262126 -13.0081521 -0.00563472219 0.00451122695 0.00420891173 0.999965091
80.02146  0.227378667 -0.0174529705 -12.8538835 -0.00707539322 0.00448783683 0.0035205369 0.999958701
80.12519  0.227930661 -0.0174556338 -12.7039205 -0.00799148965 0.00451064637 0.00268855577 0.99995428
80.22894  0.228493157 -0.0181830007 -12.5387133 -0.00832038593 0.00448536642 0.00308860588 0.999950555
80.33281  0.228979156 -0.0187986743 -12.3803012 -0.00732033738 0.00437058467 0.00312297771 0.999958778
80.43667  0.230057685 -0.0191430492 -12.2256867 -0.00631594703 0.00464398959 0.00342163464 0.999963417
80.54044  0.230816028 -0.0203044128 -12.063599 -0.00626166583 0.00513449834 0.00386254694 0.999959754
80.64432  0.231824434 -0.0211429095 -11.9030191 -0.00734077253 0.00561957979 0.00382165119 0.999949963
80.7481  0.233071172 -0.0218344059 -11.7450647 -0.00720856145 0.00595175103 0.0047045539 0.999945239
80.85196  0.234210645 -0.0224824498 -11.5908682 -0.00644767292 0.00622096802 0.0046400948 0.999949097
80.9557  0.23541142 -0.0231415596 -11.4402099 -0.00663874666 0.00655782663 0.00479301021 0.999944973
81.05944  0.236999114 -0.0234639327 -11.2942688 -0.00756412288 0.00680512713 0.00507695134 0.999935347
81.16321  0.238391736 -0.0240748895 -11.1352528 -0.00860698179 0.00712169618 0.00554805231 0.999922207
81.26694  0.239852365 -0.024471151 -10.9767315 -0.00931314207 0.00716310338 0.00572224697 0.999914602
81.3707  0.241495158 -0.024745332 -10.8214493 -0.00868280902 0.00694694841 0.00603272007 0.999919974
81.47457  0.242691792 -0.025351858 -10.6697581 -0.00650543748 0.00669512941 0.00563705218 0.999940537
81.57833  0.243431714 -0.0260638208 -10.5218857 -0.00558753163 0.00636783315 0.00397250705 0.999956224
81.68207  0.244179242 -0.0265678996 -10.3761642 -0.0063764849 0.00619661132 0.00346923768 0.999954452
81.78594  0.245033093 -0.0277938197 -10.2193888 -0.0069197244 0.00602066707 0.00298061035 0.999953491
81.8897  0.246346799 -0.0287021205 -10.0645069 -0.00579358267 0.00579413374 0.00435695711 0.999956939
81.99344  0.24746483 -0.0292517408 -9.9132355 -0.00636855146 0.00535606943 0.00483780624 0.999953674
82.09731  0.24854235 -0.0301881688 -9.76582128 -0.00752019625 0.00498965639 0.00565619298 0.999943277
82.20107  0.249027115 -0.0305758633 -9.62322069 -0.00676009977 0.00449656291 0.00582170103 0.999950094
82.30484  0.249672036 -0.0318085115 -9.4670903 -0.00512281339 0.00379878477 0.00597382567 0.999961819
82.40857  0.249989996 -0.0331057773 -9.31486316 -0.00538074522 0.00322328693 0.00629688969 0.999960503
82.51244  0.24999239 -0.0340417482 -9.16720659 -0.00786936233 0.00252163434 0.00623367144 0.999946426
82.61621  0.249914073 -0.0341245262 -9.02477834 -0.00782005602 0.00195068436 0.00645455621 0.999946689
82.71996  0.249613766 -0.0346285437 -8.87337829 -0.00732634339 0.00150600729 0.0061039204 0.999953398
82.82382  0.249040726 -0.0353730657 -8.72357076 -0.00716623051 0.00143138137 0.00559395653 0.999957651
82.92757  0.248333728 -0.0361461172 -8.57595155 -0.00726821168 0.00140868647 0.00495769781 0.999960304
83.03144  0.247860363 -0.0369324648 -8.43083144 -0.00698260599 0.00131413837 0.004920623 0.999962651
83.13519  0.247443385 -0.0377044289 -8.28897454 -0.00671407689 0.00136122353 0.00507613964 0.99996365
83.23894  0.247474822 -0.0381350699 -8.14997364 -0.00680701271 0.00162512148 0.0054883795 0.99996045
83.34282  0.247330675 -0.0393803631 -7.99712794 -0.0068222749 0.00189515015 0.00603831542 0.999956701
83.44657  0.247482626 -0.0401564159 -7.84598303 -0.00681328438 0.00215729268 0.00677296411 0.999951525
83.55044  0.247555991 -0.0410698646 -7.6989797 -0.00764279701 0.00254604938 0.00710333674 0.999942322
83.65432  0.247584653 -0.0417407197 -7.55591781 -0.00757206248 0.00299900546 0.00700852682 0.999942274
83.75819  0.247993048 -0.04230535 -7.41677668 -0.00694120477 0.00332242856 0.00661363649 0.999948519
83.86207  0.248156375 -0.0433809607 -7.26990369 -0.00589689833 0.00380667703 0.00654908069 0.999953922
83.96595  0.24830105 -0.0444592399 -7.12579561 -0.00585237281 0.00423328589 0.00566399168 0.999957873
84.06985  0.248681327 -0.0454518433 -6.98717817 -0.00691363632 0.00464741469 0.00501929206 0.999952704
84.17369  0.249262779 -0.0456112147 -6.85305824 -0.00771289068 0.00507397643 0.0045275823 0.999947132
84.27769  0.249870451 -0.0464210168 -6.70777682 -0.00768914488 0.00568175597 0.00420768427 0.999945444
84.38159  0.250744461 -0.0473100888 -6.56387977 -0.00682259918 0.00631414185 0.00413071915 0.999948259
84.48544  0.252007599 -0.0482721719 -6.42221673 -0.00560805171 0.00700972246 0.00467627032 0.999948772
84.58932  0.25330663 -0.0491640432 -6.28213961 -0.00631314468 0.00770062977 0.0044843615 0.999940366
84.6932  0.254773596 -0.050151023 -6.14508019 -0.00692697532 0.00840738352 0.00434248457 0.999931236
84.79707  0.256535775 -0.0504768843 -6.01061628 -0.00457068797 0.00911047157 0.00407501084 0.999939749
84.90094  0.258126916 -0.0521467125 -5.86352044 -0.00202437273 0.00984797717 0.00305215961 0.9999448
85.00482  0.260184231 -0.0542676388 -5.71677692 -0.000802706803 0.0104174706 0.00270228382 0.999941763
85.10871  0.262437297 -0.0569080711 -5.57248744 -0.000329465273 0.0109111193 0.00283837775 0.999936389
85.21245  0.264863732 -0.0594588499 -5.43386794 -0.000307883244 0.0112474025 0.00312601773 0.999931812
85.31633  0.267395487 -0.061932646 -5.29973505 -0.00120420397 0.0113858888 0.00349399895 0.999928349
85.42019  0.270059052 -0.0637331639 -5.16841147 -0.00221983039 0.0115214708 0.00387868548 0.999923639
85.52396  0.272569664 -0.0661071806 -5.03218682 -0.00218194014 0.0116341522 0.0045816524 0.999919444
85.62782  0.275190663 -0.0681964438 -4.89479388 -0.00137385412 0.0114151602 0.0048845916 0.999921971
85.73159  0.277597525 -0.0705902959 -4.7594529 -0.000825031362 0.0111036712 0.00528426994 0.999924049
85.83532  0.279564476 -0.0728486335 -4.62682627 -0.00149490731 0.010542904 0.00467009506 0.999932399
85.93907  0.281507661 -0.0750905312 -4.49812043 -0.0016811829 0.00990353565 0.00494880938 0.999937299
86.04282  0.282956349 -0.0765898303 -4.37244555 -0.00219955729 0.00926806779 0.00433717963 0.999945225
86.14669  0.284761694 -0.0789102155 -4.23269058 -0.00254792543 0.00863207814 0.00467895752 0.99994855
86.25046  0.286384494 -0.080844887 -4.09500371 -0.00163580295 0.00820314648 0.00504275299 0.9999523
86.35421  0.287939127 -0.0829607226 -3.96070721 -0.000803674349 0.0080438628 0.00544858532 0.999952481
86.45807  0.289174653 -0.0852403516 -3.82903997 -0.00035440314 0.00789565206 0.00522986079 0.99995509
86.56182  0.290265278 -0.0874255402 -3.70057963 -0.000685401492 0.00774825387 0.0049946205 0.999957273
86.66569  0.291680257 -0.0893457974 -3.57490378 -0.0010709189 0.00760815186 0.00468680157 0.999959501
86.76945  0.292974622 -0.091728177 -3.4299844 -0.000611152385 0.00754001829 0.0043246205 0.999962035
86.8732  0.294277806 -0.0938204449 -3.29100789 -0.000860038393 0.00744785267 0.00398924836 0.999963937
86.97695  0.295484574 -0.0960813983 -3.15630324 -0.000819917708 0.00729610846 0.00406899108 0.999964768
87.0807  0.296612964 -0.0981444477 -3.025113 -0.000996225765 0.00719938366 0.00393175039 0.999965858
87.18457  0.297813798 -0.100310671 -2.89763448 -0.000583393091 0.0071298703 0.00412244742 0.999965914
87.28832  0.298802764 -0.102213396 -2.77223904 -0.000519583091 0.00704708882 0.0039819469 0.999967106
87.39207  0.299877984 -0.104649342 -2.64227183 -0.00106721405 0.00709152845 0.00406290252 0.999966031
87.49583  0.300800376 -0.106867162 -2.51021996 -0.00163139681 0.00709399052 0.00326791908 0.999968167
87.59969  0.301794237 -0.108888041 -2.38152417 -0.00129653419 0.00717003587 0.00341301347 0.99996763
87.70345  0.302841232 -0.110927038 -2.25710946 -0.00113571461 0.00719054109 0.00338029077 0.999967789
87.80732  0.304169598 -0.11249013 -2.13882586 -0.00102214265 0.00729690277 0.00343283633 0.999966962
87.91107  0.305371243 -0.114942249 -1.99934665 -0.00105361908 0.00728324455 0.00336225386 0.999967269
88.01495  0.306716029 -0.117130282 -1.86501064 -0.00119703205 0.00738715717 0.00390876189 0.999964359
88.1187  0.308040811 -0.119263454 -1.73444173 -0.00147098043 0.00746416551 0.00395949166 0.999963222
88.22259  0.309367046 -0.121022019 -1.60621988 -0.00118534587 0.00747220616 0.00372279918 0.99996445
88.32632  0.310617582 -0.123223377 -1.47519978 -0.000770330093 0.00736913923 0.00396970921 0.999964671
88.4302  0.311443734 -0.125125647 -1.34828085 -0.0010143418 0.00715089839 0.00360027503 0.999967436
88.53407  0.31263024 -0.127460395 -1.21969232 -0.000910426528 0.00700686035 0.00391543224 0.999967372
88.63782  0.313870278 -0.129411852 -1.09926456 -0.000807029438 0.00661784654 0.00362664841 0.9999712
88.74158  0.31489917 -0.131462965 -0.980762473 -0.00166633201 0.00646408493 0.00382395864 0.999970408
88.84545  0.316058078 -0.133248077 -0.843325145 -0.00222746809 0.00646820825 0.00424571054 0.999967587
88.9492  0.316835115 -0.135606844 -0.702702339 -0.00211970395 0.00672838128 0.00427496745 0.99996598
89.05295  0.318066109 -0.137659376 -0.583102602 -0.00155562434 0.00687193533 0.00447475299 0.999965166
89.1568  0.319388137 -0.139628951 -0.459484389 -0.00130694068 0.00693704092 0.00445789585 0.999965148
89.26059  0.320395392 -0.142060752 -0.325378919 -0.00161073358 0.00737585234 0.00425677392 0.99996244
89.36432  0.321688796 -0.144137546 -0.199486303 -0.00182283037 0.00743812348 0.00484655426 0.99995893
89.46809  0.323209735 -0.146217836 -0.0722831078 -0.00182098257 0.00759724365 0.00515865957 0.999956176
89.57183  0.324465465 -0.148264251 0.0517524561 -0.00185426157 0.00777580472 0.00577532701 0.999951371
89.67557  0.325601646 -0.150170085 0.173345087 -0.00221303994 0.00778883199 0.00621186835 0.999947923
89.77934  0.326815522 -0.151905818 0.292882479 -0.00295605894 0.00755158481 0.00652551211 0.999945825
89.8832  0.328328494 -0.153585223 0.416040164 -0.00291515216 0.00706235564 0.00653508055 0.999949458
89.98695  0.329657194 -0.155005945 0.53588978 -0.00287388894 0.00649964949 0.00627217211 0.999955077
90.0907  0.330556796 -0.155968304 0.654453335 -0.00351063223 0.00588932291 0.0048316719 0.999964823
90.19445  0.331082793 -0.157845176 0.782916123 -0.00516204763 0.00560457363 0.00487236244 0.9999591
90.29833  0.331477712 -0.159154245 0.909716321 -0.0069211008 0.00523794558 0.00436614161 0.999952798
90.40208  0.332071914 -0.159551808 1.03169447 -0.008685286 0.00479332447 0.00433634427 0.999941391
90.50595  0.332419452 -0.160333384 1.15851036 -0.00893207939 0.00426510863 0.0043592529 0.99994151
90.6097  0.332783493 -0.160610716 1.28217609 -0.00813989799 0.00390296522 0.0048985878 0.999947255
90.71357  0.332957013 -0.160914573 1.40532087 -0.00748139175 0.0033622068 0.00417020167 0.999957666
90.81732  0.332338642 -0.161610533 1.5218901 -0.00723496057 0.00282923966 0.0038162081 0.999962543
90.92107  0.331590722 -0.162452747 1.63588345 -0.00687668487 0.00224234152 0.00358280633 0.999967423
91.02484  0.330618221 -0.163070592 1.74907452 -0.00653507078 0.00180051221 0.00325300582 0.999971734
91.1287  0.331385156 -0.163518528 1.87138124 -0.00684589595 0.00125428529 0.00333105337 0.999970232
91.23245  0.332459035 -0.163669818 1.99031995 -0.00690983093 0.000474344645 0.00348782346 0.999969932
91.33622  0.331207936 -0.164349355 2.09757244 -0.00710201651 0.000169492982 0.00327554223 0.999969401
91.43995  0.329680875 -0.164834357 2.21855182 -0.00677136125 1.47535505e-05 0.00316735388 0.999972058
91.5437  0.329465677 -0.165918817 2.3470984 -0.00666890404 -0.000301326911 0.00363686057 0.999971104
91.6476  0.329016975 -0.16701771 2.47413254 -0.00613058454 -0.000547936484 0.00442590368 0.999971263
91.75121  0.328441599 -0.167951645 2.59581414 -0.00633751231 -0.000903240367 0.00480621784 0.99996796
91.85508  0.327723945 -0.168918311 2.71458776 -0.00716645208 -0.00130647131 0.00484624203 0.999961724
91.95883  0.326686359 -0.169770578 2.8352258 -0.00659606205 -0.00161641947 0.00456559845 0.999966517
92.06258  0.324583846 -0.170325131 2.94484106 -0.00585959269 -0.00159185823 0.00354923179 0.999975267
92.16632  0.324830755 -0.171491872 3.06393855 -0.0061468235 -0.00165773015 0.00227975939 0.999977135
92.27007  0.322999703 -0.172140602 3.17738001 -0.0060965867 -0.00140094061 0.00104360398 0.99997989
92.37383  0.32158544 -0.172868596 3.28790361 -0.00633155176 -0.000899252263 7.84253545e-05 0.999979548
92.47758  0.320700583 -0.173494562 3.39216636 -0.00707083193 -9.25320881e-05 2.06145332e-06 0.999974997
92.58132  0.320107625 -0.174030579 3.50051727 -0.0078846764 0.000664273966 -0.000532810577 0.999968553
92.68507  0.319707049 -0.174825376 3.61450499 -0.00710696422 0.0013903606 0.000895242717 0.999973378
92.78883  0.319626832 -0.175581747 3.72796458 -0.00513814451 0.00230197084 0.00200981497 0.99998213
92.89258  0.319060017 -0.176361944 3.84296135 -0.00570036595 0.00337076213 0.000957151207 0.999977614
92.99632  0.318720006 -0.177451062 3.9516768 -0.00761439056 0.00495582241 0.00108993835 0.999958136
93.1002  0.322136158 -0.179688727 4.05614585 -0.00836520266 0.00609161299 0.000711740831 0.999946203
93.20395  0.323007479 -0.180032419 4.15967328 -0.00633843802 0.00798032071 0.000866004318 0.999947693
93.30783  0.323978519 -0.181262987 4.26001812 -0.00381785205 0.00963079467 0.00131396842 0.999945471
93.41158  0.325707935 -0.18265575 4.36165987 -0.00112247611 0.0111492716 0.0023088845 0.999934549
93.51545  0.327687175 -0.183947287 4.46386573 -0.000257447468 0.0122186488 0.00319839271 0.999920201
93.6192  0.329824846 -0.186225764 4.56902928 -0.00154782214 0.0130333703 0.00388955595 0.999906299
93.72308  0.331691617 -0.187428844 4.6675789 -0.00242091031 0.013623387 0.00358082484 0.999897855
93.82683  0.333536667 -0.187716337 4.75553841 -0.00169232315 0.0143811787 0.00346955965 0.999889134
93.9307  0.336078188 -0.191289801 4.85627722 -0.00079167771 0.0146450116 0.00336923323 0.999886766
94.03458  0.337904964 -0.193549979 4.95979706 -0.000743038977 0.0150532425 0.00325713388 0.999881112
94.13845  0.345422733 -0.195040256 5.0601421 -0.00146994008 0.014921897 0.00354253061 0.999881306
94.24233  0.346333109 -0.19643308 5.15504686 -0.00221347769 0.0154063691 0.00414407503 0.999870277
94.3462  0.348178533 -0.197705838 5.25588529 -0.00265734303 0.0151487317 0.00467901313 0.999870772
94.45009  0.350507174 -0.199073024 5.35570993 -0.003100106 0.0143261105 0.00559595296 0.999876911
94.55395  0.352645177 -0.200464528 5.45115623 -0.00309856172 0.0127497139 0.00663890981 0.999891878
94.65771  0.35454046 -0.201927838 5.54594475 -0.00193972442 0.0109282226 0.00762832743 0.999909306
94.76158  0.354810374 -0.202234255 5.64281609 -6.65019215e-05 0.00945384667 0.00767859351 0.999925827
94.86546  0.356310459 -0.204413546 5.73743742 0.00147116496 0.00727823742 0.00730759871 0.999945729
94.96933  0.356882595 -0.206504959 5.83476334 0.00209233122 0.00501408009 0.00683500784 0.999961881
95.0732  0.356928202 -0.208583886 5.93289596 0.00157965377 0.00235084756 0.00672984231 0.999973343
95.17695  0.355528358 -0.209582094 6.03160596 0.000689687635 -0.00049283198 0.00639060929 0.999979221
95.28083  0.354551067 -0.211716764 6.12980134 0.000238027771 -0.00430367346 0.0066277941 0.999968747
95.3847  0.352401068 -0.213420621 6.22842235 -1.8068766e-05 -0.00793133346 0.00612328524 0.999949798
95.48858  0.349397224 -0.215003606 6.32756219 -0.00053476154 -0.0110090099 0.00519584893 0.999925757
95.59247  0.345671078 -0.216482145 6.42692524 -0.00120013397 -0.0130721588 0.00344303403 0.999907908
95.69633  0.341763423 -0.21763599 6.52575265 -0.000979889809 -0.01357947 0.00139256803 0.999906345
95.80033  0.337828885 -0.219116023 6.62509653 -0.000427713212 -0.0126481881 -0.000898081924 0.999919514
95.90433  0.334425222 -0.22050013 6.72447095 -4.09694932e-05 -0.0105247859 -0.00280987458 0.999940664
96.00846  0.331239774 -0.221339038 6.82293342 -0.000262728536 -0.00766211114 -0.00402573589 0.999962508
96.11245  0.32954236 -0.222886771 6.9342457 -0.000796877725 -0.00405440591 -0.00479836381 0.999979951
96.2166  0.328884488 -0.224465764 7.04192942 -0.00100844801 0.000120786044 -0.0051546119 0.999986199
96.32058  0.329001712 -0.225554026 7.14422401 -0.000737390024 0.00463086067 -0.00594970651 0.999971306
96.42472  0.330133323 -0.227043411 7.24833935 -0.000233540163 0.00957755048 -0.00615712547 0.999935151
96.5287  0.332575184 -0.228535101 7.35259901 -0.000144881971 0.0142874538 -0.00594560572 0.999880242
96.63283  0.336238288 -0.23016857 7.45724724 0.000332334381 0.0190063464 -0.00532545297 0.999805125
96.73683  0.340966592 -0.231834614 7.56237003 0.00076205473 0.0235891186 -0.00442560969 0.999711652
96.84083  0.346875499 -0.233164638 7.66772969 0.000506264442 0.0274380031 -0.00377027973 0.999616269
96.94485  0.352819171 -0.23489885 7.77510477 2.32744579e-06 0.0310563298 -0.00373725271 0.999510649
97.04871  0.35953544 -0.236549148 7.88339409 -0.000370340031 0.0340244344 -0.00378617887 0.999413761
97.15272  0.366799726 -0.237835539 7.99130195 -0.000690582093 0.0365723476 -0.00455519108 0.999320387
97.25658  0.374364621 -0.239262595 8.09950082 -0.00113294705 0.0389013709 -0.005944249 0.999224732
97.36058  0.382238253 -0.240471782 8.20689834 -0.00134606547 0.0407612294 -0.00726418797 0.999141603
97.46446  0.391497549 -0.241099039 8.31443735 -0.00199316027 0.0419778532 -0.00691591469 0.999092617
97.56833  0.400034783 -0.242666886 8.43189911 -0.00186436354 0.0429528034 -0.00674393712 0.999052601
97.67221  0.409227878 -0.243896983 8.5483325 0.000248090135 0.0429667182 -0.00576731309 0.999059827
97.77608  0.418982413 -0.244965222 8.66497734 0.000536168008 0.0423744412 -0.00366036915 0.999094951
97.87984  0.428391236 -0.246491721 8.78054276 -0.000974130846 0.0413760198 -0.00156531847 0.999141945
97.98358  0.437320481 -0.247509538 8.89485746 -0.0016362688 0.0394253972 0.000888416647 0.999220782
98.08747  0.4457911 -0.248157316 9.00945548 -0.00267823248 0.0367472606 0.00323075136 0.99931578
98.19108  0.454242052 -0.249313058 9.12912267 -0.00275445036 0.0336296806 0.00565322085 0.999414578
98.29484  0.461825529 -0.250235877 9.24987074 -0.00208538109 0.0302954628 0.0073661794 0.999511669
98.3987  0.46831962 -0.251206656 9.36991869 -0.00208895098 0.0270530739 0.00862477661 0.999594608
98.50247  0.473874744 -0.252302188 9.49042087 -0.00226508458 0.0238547406 0.00889482292 0.999673298
98.6062  0.478353965 -0.253225735 9.61001591 -0.0031094402 0.0210343827 0.00870648049 0.999736007
98.70996  0.481571849 -0.253709947 9.72974258 -0.00381397643 0.0183574216 0.00781701564 0.999793655
98.81383  0.485136352 -0.254602608 9.84998833 -0.00355333795 0.0157761598 0.00737570401 0.99984203
98.91758  0.487951007 -0.255324834 9.96958859 -0.00191589241 0.0131457223 0.0069396994 0.999887674
99.02133  0.489881634 -0.256273447 10.0909317 -0.000793470597 0.010717581 0.00639111991 0.999921826
99.12508  0.491787268 -0.258062727 10.2164878 0.00137777947 0.0089214967 0.0063211028 0.999939274
99.22896  0.493173404 -0.260094758 10.3425142 0.00334080025 0.00783028282 0.00585703211 0.999946609
99.33271  0.494303514 -0.262396064 10.4662877 0.00350622512 0.00705990834 0.00533977084 0.999954674
99.43658  0.494729632 -0.264922064 10.5984831 0.00329585099 0.00622607927 0.004916479 0.9999631
99.54033  0.494961746 -0.267688092 10.7296369 0.00247059922 0.00538938477 0.00498256902 0.999970012
99.64408  0.495160215 -0.270058598 10.8599357 0.00184276594 0.00459500148 0.00470019306 0.999976699
99.74796  0.494685682 -0.27204774 10.9894994 0.00121682138 0.00388514068 0.00451400682 0.999981524
99.85171  0.495536704 -0.274788623 11.1240252 0.000550403079 0.0030156149 0.00413052757 0.999986771
99.95546  0.495866969 -0.277204546 11.2566412 -0.000707535369 0.00208095308 0.00425460856 0.999988534
100.0592  0.495608581 -0.279436572 11.3863506 -0.00113143348 0.00116146806 0.00382505526 0.99999137
100.163  0.495089738 -0.281631447 11.5138849 -0.000855048585 0.000285924214 0.00355707739 0.999993267
100.2668  0.494180592 -0.28380271 11.6394495 -0.000450720491 -0.00038383564 0.00277796374 0.999995966
100.3706  0.493119242 -0.285982662 11.7644424 6.76022269e-05 -0.00076323252 0.00245968247 0.999996681
100.4744  0.492445271 -0.288569729 11.8968482 0.000822391617 -0.00085370028 0.00195984468 0.999997377
100.5782  0.491780162 -0.291035864 12.0288153 0.00101769394 -0.000808600649 0.00167997327 0.999997744
100.682  0.491008324 -0.293736117 12.1615468 -2.40829101e-05 -0.000674042486 0.00149203199 0.999998659
100.7857  0.490303043 -0.296310195 12.2905769 -0.000616076493 -0.000539542297 0.00162017259 0.999998352
100.8896  0.489585785 -0.298259357 12.4150835 -0.000960537367 -0.000234739644 0.00138392582 0.999998554
100.9933  0.489098125 -0.299815882 12.536591 -0.00102356471 -7.78975787e-05 0.000796984253 0.999999156
101.0972  0.484928668 -0.302679548 12.6632329 -0.000423746874 0.00102846342 0.000515459294 0.999999249
101.201  0.485894681 -0.304567858 12.7918866 -0.000310367021 0.00136555588 2.37094288e-05 0.999999019
101.3047  0.485834368 -0.306642286 12.9086847 9.30626171e-05 0.00193401698 0.000287408407 0.999998084
101.4085  0.484842603 -0.309407772 13.0326346 0.000998092846 0.00276446491 0.00112505678 0.999995048
101.5123  0.485708911 -0.312150202 13.1639764 0.00110904952 0.00350130586 0.00222856219 0.999990772
101.6161  0.48846656 -0.315106852 13.2849101 -0.000657710846 0.00395782145 0.0027645501 0.99998813
101.7198  0.488574332 -0.317000839 13.4113385 -0.00291646607 0.00487016481 0.0031145902 0.999979037
101.8236  0.488789653 -0.31853843 13.5349661 -0.00200491233 0.00563786866 0.00235590467 0.999979322
101.9273  0.489411485 -0.320214022 13.659086 -0.000533215335 0.00628810506 0.00175429269 0.999978549
102.0311  0.49071655 -0.322326892 13.7826317 0.000113807254 0.00676925495 0.00179691217 0.999975467
102.1348  0.492025458 -0.324665042 13.9051339 -0.000111351467 0.00735482514 0.00195579122 0.999971034
102.2387  0.493657679 -0.326912937 14.024976 -0.00112775731 0.00769355829 0.0023284122 0.999967057
102.3425  0.495472688 -0.329043025 14.1408356 -0.00187138319 0.00780465342 0.00315151869 0.999962826
102.4462  0.496579994 -0.331463461 14.271157 -0.00167203983 0.007792044 0.00383374594 0.999960895
102.55  0.497912501 -0.334147647 14.4027131 -0.000883724203 0.00770941449 0.00445558318 0.999959965
102.6537  0.498447237 -0.334706853 14.5263541 -4.82983464e-05 0.00762569881 0.0044292046 0.999961114
102.7576  0.499878033 -0.337322198 14.6421641 8.57697142e-05 0.00733312954 0.00456657671 0.999962681
102.8613  0.500724862 -0.339596323 14.7547221 -0.000546555981 0.00729532701 0.00441429002 0.999963496
102.9651  0.501455773 -0.34176338 14.8664322 -0.0010946018 0.00748782945 0.00424637278 0.999962351
103.0688  0.502703026 -0.345223721 14.9911772 -0.00141532577 0.00752475699 0.0038029236 0.999963456
103.1726  0.503945286 -0.346846422 15.113196 -0.00149372244 0.00732626358 0.0039573619 0.999964216
103.2765  0.504763124 -0.348462035 15.2162096 -0.00124849084 0.00747632631 0.00380318944 0.99996404
103.3802  0.506252378 -0.350584813 15.336452 -0.00113879822 0.00723440821 0.00350378009 0.999967044
103.484  0.507421619 -0.352625609 15.4522863 -0.000856819062 0.00711320485 0.0037859241 0.999967167
103.5877  0.508429532 -0.35472964 15.5653305 -0.000518298928 0.00701840845 0.00391550763 0.999967571
103.6916  0.509522919 -0.356921915 15.6870298 -0.000940398112 0.00702942122 0.00386578391 0.999967379
103.7954  0.510672689 -0.358987851 15.8086128 -0.00112258807 0.00687908209 0.00373491456 0.999968734
103.8991  0.5117257 -0.361387666 15.9203231 -0.000965554609 0.00679776453 0.00383804728 0.999969063
104.0027  0.512738962 -0.363845426 16.0315518 -0.00110058564 0.00645986394 0.00391212649 0.999970877
104.1065  0.513616749 -0.366392503 16.1327366 -0.00189314274 0.00584755285 0.00443014341 0.999971298
104.2102  0.514214065 -0.367222029 16.2604149 -0.00270486226 0.00505872751 0.00490705929 0.999971506
104.314  0.514765602 -0.369011431 16.3764695 -0.00376344414 0.00468484098 0.0051081227 0.999968897
104.4178  0.514562038 -0.371380003 16.4843718 -0.00495627696 0.00380072521 0.00477010854 0.999969117
104.5216  0.514653571 -0.373351443 16.587122 -0.00480050931 0.00315816874 0.00433783788 0.999974082
104.6253  0.51466162 -0.375210784 16.6900868 -0.0044700336 0.00246065048 0.00424849446 0.999977957
104.7292  0.514304588 -0.375895649 16.7940983 -0.00441793248 0.00126558084 0.00440644079 0.999979732
104.833  0.513706851 -0.377967043 16.8843615 -0.00443662329 -0.000390875089 0.00440827681 0.999980365
104.9367  0.513223636 -0.379931569 16.9838453 -0.00422372971 -0.00246143281 0.00479835377 0.999976538
105.0405  0.51053354 -0.381369608 17.0829006 -0.00410423897 -0.00388357255 0.00419828633 0.999975223
105.1443  0.509470257 -0.383205639 17.1755223 -0.00396146149 -0.00546399082 0.00388936318 0.999969662
105.2481  0.507751866 -0.38503095 17.2675857 -0.00403318646 -0.00655481528 0.00276697354 0.999966555
105.352  0.505907678 -0.386407705 17.3477249 -0.00473615148 -0.00723939448 0.00290398688 0.999958363
105.4558  0.504227549 -0.387844081 17.4250736 -0.00551345319 -0.00798104808 0.0029228036 0.99994868
105.5596  0.502356798 -0.389239831 17.5007397 -0.00567758912 -0.00870806685 0.00301322972 0.999941426
105.6635  0.499957022 -0.390375727 17.5757389 -0.00555737394 -0.00961104675 0.00283401357 0.999934354
105.7673  0.498095519 -0.391585509 17.6471701 -0.00527310823 -0.0106391913 0.00319567778 0.999924392
105.8712  0.495714687 -0.392821119 17.7174849 -0.00451093874 -0.0113992905 0.00246298167 0.999921818
105.9752  0.494513369 -0.394288331 17.7859185 -0.00332567546 -0.011797449 0.00188232874 0.999923106
106.0791  0.49227784 -0.395467666 17.8502006 -0.00135553853 -0.0109999353 0.00100935966 0.999938071
106.1831  0.490454989 -0.396837656 17.9158372 0.000191900262 -0.00906512407 0.000190145087 0.999958874
106.2871  0.489238711 -0.398243422 17.9823233 0.000714701791 -0.00669834711 0.000454987288 0.999977207
106.3911  0.488355036 -0.399602041 18.0503287 0.000436454931 -0.00466569699 0.0012071323 0.999988292
106.4951  0.488038149 -0.400828075 18.1166606 -0.000388899723 -0.00264722097 0.00225835466 0.99999387
106.5991  0.487931201 -0.4018706 18.182589 -0.000781732043 -0.000517461154 0.00264382873 0.999996066
106.7031  0.48786905 -0.403020066 18.2505686 -0.000917322672 0.00167339195 0.00247155365 0.999995125
106.8071  0.48806169 -0.404308662 18.3165808 -0.000802727017 0.00397395068 0.00268134532 0.999988187
106.9111  0.488620762 -0.405397622 18.3797165 -0.000878381335 0.00604348612 0.00264065208 0.999977866
107.0151  0.489232578 -0.406465929 18.4432084 -0.0010088667 0.00779494343 0.00259151276 0.999965752
107.119  0.490322773 -0.407684452 18.5098472 -0.00159895447 0.00946391703 0.00279542995 0.99995003
107.223  0.491476291 -0.40882484 18.5779377 -0.00224987213 0.0107776892 0.00271084586 0.999935713
107.327  0.492667882 -0.40994896 18.6458431 -0.00238329591 0.0115984057 0.00314161031 0.999924961
107.431  0.493958807 -0.411163605 18.7132197 -0.00182540465 0.011983037 0.00330112618 0.999921086
107.535  0.495170665 -0.412268735 18.7797388 -0.000413302411 0.0123491636 0.00318277986 0.999918595
107.639  0.49630571 -0.413177179 18.8365939 0.00137578176 0.0126307596 0.00276873879 0.999915449
107.7428  0.497503752 -0.414123264 18.8901378 0.00243058733 0.0127425707 0.00282150733 0.999911875
107.8468  0.498746583 -0.415172477 18.9429478 0.00251920945 0.0123676545 0.0032529627 0.999915053
107.9508  0.500821574 -0.416829367 19.0247248 0.00246447173 0.0120899394 0.00352784346 0.999917654
108.0548  0.501921574 -0.418504383 19.0926261 0.00223731044 0.0118329163 0.00310884048 0.999922653
108.1588  0.503079765 -0.420065785 19.1637801 0.00297556944 0.0115983971 0.00291579657 0.999924058
108.2629  0.50453716 -0.42170114 19.2341817 0.00433562475 0.0118309706 0.00398272653 0.99991268
108.3668  0.50640339 -0.423206006 19.29901 0.00500994268 0.0121985657 0.00550954715 0.999897865
108.4708  0.50788789 -0.424525312 19.362494 0.00391167005 0.0127553069 0.00577297459 0.999894331
108.5748  0.508811654 -0.425748653 19.4269734 0.000615002149 0.0131470158 0.0035973383 0.999906914
108.6788  0.510326838 -0.426832723 19.4945965 -0.00174522084 0.013770966 0.00373966424 0.999896659
108.7829  0.512389054 -0.427893354 19.5602877 -0.00160327557 0.0148065203 0.00465491284 0.999878257
108.887  0.514169911 -0.428608926 19.6280246 0.00140357193 0.01649911 0.0043495222 0.999853435
108.991  0.515968883 -0.429596563 19.696079 0.00350556297 0.0180171594 0.00335712678 0.999825896
109.095  0.518131236 -0.430922422 19.7646357 0.00405444583 0.019137118 0.00254695352 0.999805404
109.199  0.520479985 -0.432445464 19.8339284 0.00311588514 0.0201899876 0.00261422478 0.999787888
109.303  0.52338845 -0.433963291 19.903193 0.00211721891 0.021124793 0.00392396157 0.999766904
109.407  0.526448497 -0.435321459 19.9710042 0.00131661401 0.0219497477 0.00567746096 0.999742088
109.511  0.529617947 -0.436715038 20.0421834 0.00182505544 0.022972791 0.00590401928 0.999716991
109.615  0.532422039 -0.438306849 20.1135935 0.00315001387 0.0238522992 0.00486093715 0.999698713
109.719  0.535388758 -0.439607612 20.1866667 0.00481889361 0.0244801125 0.00415019027 0.999680088
109.823  0.538813489 -0.441030186 20.2588912 0.00548574814 0.0253010403 0.00391876079 0.999657145
109.927  0.542319532 -0.442697948 20.3334428 0.00473168337 0.0262980587 0.00345577999 0.999636975
110.031  0.545878063 -0.444486347 20.4085737 0.00383274089 0.0273663844 0.00295792873 0.999613746
110.135  0.549757001 -0.446138683 20.483741 0.00365378905 0.0280048641 0.00289531822 0.999596916
110.239  0.553642372 -0.447744417 20.5594604 0.00384617645 0.0281811555 0.00288481784 0.99959127
110.343  0.55785238 -0.449359249 20.6355466 0.00388149277 0.0281941597 0.0039224978 0.999587234
110.447  0.561935064 -0.450720038 20.7142068 0.00356828815 0.028031023 0.00459590576 0.999590119
110.551  0.566053768 -0.452376025 20.7891618 0.00328415697 0.0282227192 0.00514587246 0.999583019
110.655  0.570274196 -0.453948168 20.866246 0.00297807551 0.0282782908 0.00551650969 0.999580431
110.759  0.574460984 -0.455497799 20.9434282 0.00246887317 0.0281921943 0.00594209824 0.999581811
110.8628  0.578242827 -0.456984012 21.0190195 0.00135393318 0.0279368716 0.00579000082 0.999592004
110.9668  0.582251483 -0.458669643 21.1061275 0.00131039948 0.0274063907 0.00578873249 0.999606754
111.0708  0.585985268 -0.460532982 21.185937 0.00154043107 0.0265900816 0.00569555591 0.999629009
111.1748  0.588820803 -0.461967107 21.2650802 0.00222071495 0.0254913738 0.00516147075 0.999659251
111.2788  0.592275356 -0.463878627 21.3420674 0.00242250015 0.0241493277 0.004455966 0.999695497
111.3827  0.595399315 -0.465783777 21.4212658 0.00262385301 0.0228423077 0.00377390035 0.999728514
111.4867  0.598235276 -0.467504983 21.5007395 0.00230182134 0.0215149133 0.00312871391 0.999760982
111.5907  0.600899866 -0.469312906 21.5792034 0.00158170977 0.0202489329 0.00271932006 0.99979002
111.6947  0.603410713 -0.471000276 21.6569774 0.000679691705 0.0190887886 0.00282971458 0.999813557
111.7986  0.605353635 -0.472383514 21.7335622 -3.79043699e-05 0.0179829683 0.0026824868 0.999834694
111.9026  0.607615644 -0.474169278 21.8131189 -0.000330714654 0.0169079978 0.00256770943 0.999853698
112.0066  0.609578887 -0.475757727 21.8915875 -0.000372114827 0.0159314369 0.00244645892 0.999870024
112.1106  0.611470514 -0.477296149 21.9688692 -0.000310797769 0.0150264822 0.00291364656 0.999882803
112.2146  0.612984873 -0.479004501 22.0438843 1.11633512e-05 0.0142470492 0.00303556028 0.999893898
112.3186  0.613940071 -0.480886951 22.1168436 1.86778245e-05 0.0135199953 0.00303826267 0.999903985
112.4226  0.617203343 -0.480718435 22.1986583 -6.80799821e-05 0.012560512 0.00264068573 0.999917624
112.5266  0.618070019 -0.483002778 22.2716729 -0.000636633268 0.0122424829 0.00269640049 0.99992122
112.6306  0.619124827 -0.484771069 22.3436678 -0.000412103871 0.0118020363 0.00199417219 0.99992828
112.7346  0.619687733 -0.486222217 22.4142291 0.000598754712 0.0116113621 0.00065882577 0.99993219
112.8386  0.620460476 -0.488059532 22.4825377 0.00208919427 0.011435469 -0.000620943083 0.999932238
112.9426  0.621202216 -0.490099256 22.5497007 0.00318446849 0.0114096498 -0.00150476666 0.999928705
113.0466  0.621674455 -0.492591028 22.6158403 0.00327321681 0.0116453662 -0.00243346808 0.999923872
113.1506  0.623501179 -0.493297279 22.6838565 0.00379152941 0.0118561671 -0.00335137631 0.999916908
113.2546  0.625257751 -0.494045969 22.7523364 0.004401956 0.0123888405 -0.00397669459 0.999905658
113.3586  0.626132188 -0.496530722 22.8228702 0.00465587975 0.0131304596 -0.004871755 0.999891084
113.4626  0.627319056 -0.49865789 22.8947479 0.00467929298 0.0138669658 -0.00549263628 0.999877814
113.5666  0.628744838 -0.500615743 22.965986 0.00407046679 0.014384817 -0.00591532571 0.99987075
113.6706  0.630467421 -0.502579982 23.0360504 0.00319748847 0.0147355685 -0.00561616504 0.999870541
113.7746  0.632155921 -0.504440089 23.1048881 0.00210854693 0.0145595996 -0.00496650554 0.999879446
113.8785  0.633698364 -0.505986302 23.1723735 0.00112501002 0.0138579238 -0.00437415215 0.999893774
113.9825  0.635202165 -0.507358211 23.2388773 0.000529802635 0.0128298785 -0.00394915964 0.999909755
114.0863  0.636394398 -0.50872148 23.3053158 8.25409006e-05 0.0120141745 -0.00358211184 0.999921408
114.1903  0.63762214 -0.509964915 23.3720635 -0.000383687845 0.0112377841 -0.00282932721 0.999932778
114.2943  0.638746579 -0.51104538 23.4394614 -0.000656508709 0.0102111415 -0.00209025082 0.999945465
