0.000000 -0.0000703835 -0.0000190318 0.0000309676 -0.0000056484 0.0000003667 0.0000002247 1.0000000000
0.104499 0.0004803461 -0.0011466151 0.0716613680 0.0005208454 0.0004874922 -0.0004688458 0.9999996424
0.415494 -0.0002559801 -0.0050743008 0.2853039205 -0.0000368533 0.0022591441 -0.0001298580 0.9999974370
0.727346 0.0002930155 -0.0079522347 0.4988816977 0.0007748484 0.0034399154 0.0000325545 0.9999938011
1.038877 0.0015512470 -0.0124265058 0.7118273377 -0.0003155903 0.0014785805 0.0010814593 0.9999982715
1.558293 0.0004852382 -0.0168883689 1.0640424490 0.0002884075 -0.0010766395 -0.0000110671 0.9999993443
1.870090 -0.0011662685 -0.0208865292 1.2765074968 0.0010267058 -0.0018171679 0.0000749870 0.9999977946
2.181756 -0.0028351592 -0.0253373906 1.4844175577 0.0010564866 -0.0031357610 0.0001436368 0.9999945164
2.597363 -0.0070584351 -0.0305168536 1.7627139091 0.0002162434 -0.0046345363 0.0015800617 0.9999880195
3.013136 -0.0107850935 -0.0352515131 2.0393295288 0.0002958276 -0.0061428682 0.0015745076 0.9999798536
3.428991 -0.0146745294 -0.0404414497 2.3139624596 -0.0006710828 -0.0069774734 0.0023172663 0.9999727607
3.948871 -0.0205905661 -0.0454483032 2.6611847878 -0.0032096298 -0.0057733064 -0.0003168190 0.9999781251
4.260741 -0.0240717791 -0.0460938066 2.8680131435 -0.0067337267 -0.0031075857 -0.0005712432 0.9999723434
4.676494 -0.0267825350 -0.0474868193 3.1412906647 -0.0045243227 -0.0012818993 0.0001449774 0.9999889135
4.988118 -0.0282199997 -0.0493303165 3.3453204632 -0.0047722193 -0.0031090805 0.0000699025 0.9999837875
5.299899 -0.0304047596 -0.0514196381 3.5505354404 -0.0049172877 -0.0047325809 -0.0001541573 0.9999766946
5.507756 -0.0322531313 -0.0525406972 3.6864941120 -0.0041467925 -0.0050098654 0.0002871858 0.9999787807
5.819513 -0.0370861962 -0.0538868122 3.8916425705 -0.0046382034 -0.0049674897 0.0006513566 0.9999766946
6.235244 -0.0410332568 -0.0566564947 4.1635088921 -0.0044491203 -0.0051673772 -0.0031199965 0.9999718666
6.547122 -0.0437912270 -0.0581550263 4.3668794632 -0.0039725713 -0.0023620974 -0.0040209522 0.9999812245
6.859122 -0.0445562340 -0.0610032454 4.5681800842 -0.0031662432 0.0015947165 -0.0022361735 0.9999912381
7.171120 -0.0437386408 -0.0631460398 4.7691068649 -0.0013750666 0.0070209382 -0.0017453943 0.9999728799
7.587125 -0.0391135514 -0.0684851557 5.0330715179 -0.0003830000 0.0141625488 -0.0014260522 0.9998986125
7.795143 -0.0358212590 -0.0710382238 5.1636357307 0.0017774658 0.0178340673 -0.0011965969 0.9998386502
8.211127 -0.0243875980 -0.0761420205 5.4230241776 -0.0001928499 0.0233090613 0.0002988563 0.9997282624
8.835121 -0.0033908784 -0.0829609707 5.8139367104 0.0040174625 0.0287338980 0.0019177694 0.9995771646
9.562998 0.0160756707 -0.0923579857 6.2815046310 0.0017460574 0.0204839930 0.0005551568 0.9997884631
10.290630 0.0257300939 -0.1013436764 6.7557492256 0.0007950366 0.0042156512 -0.0013910657 0.9999898076
10.914750 0.0242007896 -0.1087464020 7.1698918343 0.0002453932 -0.0005341450 -0.0057411245 0.9999833107
11.538630 0.0205326825 -0.1139658242 7.5874137878 -0.0027720847 -0.0027865171 -0.0047423039 0.9999810457
11.954620 0.0191102624 -0.1168059632 7.8683276176 -0.0029066857 -0.0030701158 0.0007248495 0.9999908209
12.266520 0.0176608823 -0.1189246103 8.0835475922 -0.0038945454 -0.0024533798 0.0016723000 0.9999880195
12.682250 0.0146393385 -0.1219242066 8.3667249680 -0.0016340390 -0.0013145345 0.0004146818 0.9999977350
13.202130 0.0120753646 -0.1284473836 8.7165775299 0.0022580484 -0.0007444244 0.0010539913 0.9999966025
13.721880 0.0098407343 -0.1357901841 9.0644168854 0.0008970406 -0.0020160554 0.0006891619 0.9999973178
14.137750 0.0063378215 -0.1415985227 9.3409233093 0.0018294480 -0.0031554368 -0.0006159450 0.9999931455
14.553630 0.0030263662 -0.1476280540 9.6190090179 0.0020624746 -0.0046234750 -0.0007373419 0.9999868870
15.281260 -0.0042078495 -0.1581907123 10.1043281555 0.0025276712 -0.0067494716 -0.0022397286 0.9999715090
15.593130 -0.0079854429 -0.1625889838 10.3123693466 0.0013881135 -0.0069743432 -0.0002083029 0.9999746680
15.905010 -0.0114392936 -0.1663707644 10.5201110840 0.0010645292 -0.0071912715 -0.0008066318 0.9999732375
16.424880 -0.0172916651 -0.1728626490 10.8615541458 -0.0000425799 -0.0070536220 -0.0005410702 0.9999749660
16.840760 -0.0217981488 -0.1776267737 11.1329259872 0.0023441962 -0.0042676274 0.0004750392 0.9999880195
17.568750 -0.0258874204 -0.1877816170 11.5923318863 0.0005053800 -0.0002206437 -0.0000461366 0.9999998212
17.880630 -0.0272168331 -0.1921967566 11.7821168900 -0.0000559487 0.0005557830 0.0007560158 0.9999995828
18.504630 -0.0298610963 -0.1993481964 12.1379108429 0.0005433835 -0.0012116174 0.0009309672 0.9999986887
18.920510 -0.0323318541 -0.2043183744 12.3620042801 -0.0016108417 -0.0051976787 0.0012446566 0.9999844432
19.544640 -0.0396991968 -0.2100356817 12.6653480530 -0.0007258054 -0.0143666314 0.0013209619 0.9998956919
19.960780 -0.0473565459 -0.2140709162 12.8440723419 -0.0004572731 -0.0190229118 -0.0006894447 0.9998186827
20.481150 -0.0557592809 -0.2184266001 13.0481081009 0.0008354745 -0.0177347437 -0.0009113456 0.9998419881
21.001510 -0.0626552105 -0.2227317393 13.2419700623 0.0019804544 -0.0135960188 -0.0011274514 0.9999049902
21.730010 -0.0670768172 -0.2287408561 13.5055217743 0.0017053355 -0.0037642706 0.0003704296 0.9999914169
22.146400 -0.0676113367 -0.2320007980 13.6547327042 0.0015280308 0.0020051289 -0.0003250514 0.9999967813
22.562760 -0.0663021654 -0.2349794805 13.8070211411 0.0046040127 0.0053877989 0.0004080384 0.9999747872
22.770760 -0.0657519400 -0.2372004092 13.8843107224 0.0048277951 0.0055947350 0.0010482944 0.9999721646
23.082900 -0.0648461729 -0.2400521636 14.0049886703 0.0061873472 0.0057330490 0.0006688492 0.9999641776
23.290890 -0.0640975833 -0.2415620536 14.0864095688 0.0078938762 0.0063740313 0.0039982437 0.9999405146
23.707160 -0.0623414516 -0.2452848703 14.2538728714 0.0022155894 0.0085170614 0.0016871069 0.9999598265
24.435530 -0.0534899831 -0.2519798875 14.5588340759 0.0033115756 0.0201473720 0.0024960672 0.9997884035
24.955760 -0.0443194509 -0.2571774423 14.7804164886 0.0037732059 0.0269605573 -0.0004488827 0.9996292591
25.683760 -0.0261365175 -0.2645736933 15.0934200287 0.0041542561 0.0329258442 0.0024691888 0.9994460940
26.307390 -0.0107616782 -0.2713421583 15.3644666672 0.0049753012 0.0296378825 0.0010367965 0.9995477796
27.035140 0.0007720590 -0.2791421413 15.6742191315 0.0010716417 0.0172284376 0.0020481793 0.9998489022
27.451390 0.0035877824 -0.2822335362 15.8405103683 0.0011572237 0.0085701458 0.0026804805 0.9999589920
28.075410 0.0002750456 -0.2868139744 16.0563068390 0.0044603157 -0.0067016669 0.0012791294 0.9999668002
29.009770 -0.0327825546 -0.2962732315 16.3173179626 0.0027357431 -0.1077641472 -0.0035444396 0.9941664338
30.047140 -0.1489787102 -0.2990010381 16.5343036652 -0.0049692784 -0.3279462457 -0.0035304897 0.9446766973
30.462040 -0.2201352119 -0.2994084358 16.5919570923 -0.0116206696 -0.4355558455 0.0009843411 0.9000861645
31.084770 -0.3416595459 -0.2991909385 16.6358509064 -0.0156702381 -0.5969367623 -0.0078360848 0.8020969629
31.603900 -0.4530389607 -0.2980473340 16.6334190369 -0.0248152465 -0.7171391249 -0.0152325109 0.6963214874
32.331290 -0.6246170998 -0.2886321843 16.5634441376 -0.0365939662 -0.8570296168 -0.0216253214 0.5135108829
32.956400 -0.7756910324 -0.2755334377 16.4285125732 0.0461922437 0.9263563752 0.0231907051 -0.3730848134
33.477420 -0.8928928375 -0.2633479834 16.2545871735 0.0430881716 0.9628666043 0.0166217163 -0.2659981549
33.998280 -0.9872307777 -0.2530562878 16.0257930756 0.0438561477 0.9852477908 0.0159157887 -0.1646515429
34.414890 -1.0358710289 -0.2445413172 15.8047580719 0.0454785153 0.9947410226 0.0157249924 -0.0904144347
34.935780 -1.0621600151 -0.2359128892 15.4859008789 0.0440998226 0.9988335967 0.0138634667 -0.0139462687
35.352650 -1.0528728962 -0.2305744886 15.1997070312 0.0389574468 0.9987336397 0.0133261150 0.0289109480
35.874180 -1.0191700459 -0.2236355543 14.8149442673 0.0305421781 0.9986497164 0.0129943192 0.0399635099
36.290910 -0.9922634363 -0.2195435911 14.4877500534 0.0287736729 0.9989385605 0.0151221789 0.0326357707
36.603150 -0.9769955873 -0.2149302065 14.2367820740 0.0277485196 0.9991672635 0.0168153159 0.0247406010
37.019270 -0.9623224735 -0.2089182138 13.9025087357 0.0259773489 0.9994149804 0.0171182677 0.0142063657
37.642900 -0.9493350387 -0.2025362849 13.3966379166 0.0266211238 0.9995200634 0.0154113630 0.0036690405
38.265780 -0.9470125437 -0.1910024881 12.8902282715 0.0283588674 0.9994606972 0.0164395534 0.0019607495
38.680780 -0.9433524609 -0.1846268475 12.5449380875 0.0297251120 0.9993884563 0.0179803092 0.0039741634
38.992150 -0.9379230142 -0.1794026792 12.2832832336 0.0272042733 0.9994584918 0.0178541206 0.0048865527
39.407270 -0.9329590201 -0.1731683314 11.9341583252 0.0277862512 0.9994575977 0.0168640185 0.0052910591
39.718530 -0.9285556078 -0.1680848897 11.6682510376 0.0280364566 0.9994386435 0.0175117571 0.0054455614
40.029660 -0.9238434434 -0.1632018685 11.4001455307 0.0286586080 0.9994085431 0.0181582924 0.0056161960
40.237040 -0.9221458435 -0.1593363583 11.2195501328 0.0294400286 0.9994165897 0.0162743144 0.0059083560
40.652040 -0.9158274531 -0.1522523910 10.8585672379 0.0282056220 0.9994531870 0.0161943492 0.0059617865
40.963300 -0.9107216597 -0.1481573284 10.5840644836 0.0279416796 0.9994503260 0.0168421306 0.0058828541
41.274530 -0.9074410796 -0.1435726881 10.3148727417 0.0284737740 0.9993968606 0.0191329513 0.0053937137
41.585910 -0.9035534859 -0.1376397610 10.0475387573 0.0270532444 0.9994413257 0.0192340463 0.0039090924
42.001030 -0.8994233012 -0.1315544695 9.6938610077 0.0275930334 0.9994454980 0.0184835792 0.0023911940
42.416050 -0.8964404464 -0.1249991059 9.3384885788 0.0271955393 0.9994304180 0.0199673548 0.0007106042
42.831160 -0.8963643909 -0.1192123294 8.9888553619 0.0278797317 0.9993900061 0.0207920000 -0.0031609354
43.142410 -0.8980140090 -0.1138372719 8.7289438248 0.0285355002 0.9993537664 0.0209698416 -0.0061693378
43.764790 -0.9046081901 -0.1055508256 8.2509517670 0.0286534894 0.9992547631 0.0235204864 -0.0107546672
44.179660 -0.9090682268 -0.0988677144 7.9680519104 0.0287366584 0.9992846847 0.0222024452 -0.0105540203
44.698280 -0.9145780206 -0.0905450881 7.6469826698 0.0278789420 0.9993066788 0.0228608157 -0.0092869643
46.048410 -0.9172576666 -0.0795824826 6.9658703804 0.0303657707 0.9993162155 0.0198379979 -0.0071760477
47.608410 -0.9251698852 -0.0665120035 6.3271493912 0.0290369093 0.9994198680 0.0143907079 -0.0104715684
48.752410 -0.9258061647 -0.0622699857 5.8497433662 0.0204741638 0.9997116327 0.0124675818 -0.0014036680
49.688540 -0.9157944918 -0.0524292216 5.3793339729 0.0263798740 0.9994031787 0.0158430170 0.0156979505
50.312540 -0.8990413547 -0.0472423658 5.0207252502 0.0295913182 0.9991399646 0.0121571468 0.0263795070
50.832660 -0.8790080547 -0.0428390950 4.6978325844 0.0300055686 0.9991278648 0.0125190951 0.0262000598
51.248790 -0.8650455475 -0.0393642485 4.4172229767 0.0289547238 0.9991742969 0.0120742815 0.0258186907
51.664790 -0.8486095667 -0.0354066566 4.1229557991 0.0291179717 0.9991979599 0.0137215434 0.0238178447
51.976790 -0.8368104696 -0.0310254656 3.8941543102 0.0267313626 0.9993662834 0.0117758950 0.0203416385
52.184660 -0.8298562765 -0.0287693888 3.7375485897 0.0273355674 0.9994598031 0.0056738104 0.0173414350
52.496670 -0.8210961223 -0.0268576182 3.4937441349 0.0267753154 0.9994669557 0.0128417145 0.0135629978
52.808540 -0.8140565753 -0.0235708803 3.2499730587 0.0261400864 0.9995421171 0.0115346843 0.0099608274
53.120310 -0.8098136187 -0.0204923376 2.9955136776 0.0269278847 0.9995175004 0.0136765484 0.0072501116
53.328040 -0.8060112000 -0.0177885294 2.8270070553 0.0254050512 0.9995256066 0.0166632347 0.0050456016
53.639670 -0.8030246496 -0.0139954463 2.5769603252 0.0261339787 0.9995244145 0.0160867348 0.0030337400
53.847310 -0.8013778925 -0.0121167302 2.4098498821 0.0253439415 0.9995359182 0.0167322438 0.0023859739
54.158790 -0.7993189096 -0.0074368939 2.1608459949 0.0253969841 0.9995564818 0.0154778343 0.0015030748
54.470160 -0.7976043820 -0.0026944056 1.9108489752 0.0257783514 0.9995002151 0.0181960985 0.0019336586
54.885290 -0.7933690548 0.0007278360 1.5824840069 0.0243228525 0.9995796680 0.0153583959 0.0035997629
55.196790 -0.7902630568 0.0041013882 1.3355664015 0.0239399597 0.9995357990 0.0183067229 0.0044639632
55.508190 -0.7860500216 0.0077605769 1.0951017141 0.0245004911 0.9995823503 0.0148455855 0.0038099210
55.715790 -0.7835075259 0.0103512853 0.9341554046 0.0249981899 0.9995409250 0.0167922415 0.0033301888
56.027170 -0.7804268003 0.0128693525 0.6965577006 0.0228665788 0.9996150732 0.0155170467 0.0024609009
56.338420 -0.7777843475 0.0153339040 0.4620231390 0.0250893552 0.9995602965 0.0156811159 0.0019718111
56.649810 -0.7759461403 0.0189915374 0.2288255543 0.0245060269 0.9995836616 0.0151408650 0.0016448798
56.961060 -0.7724472284 0.0201371126 0.0000043360 0.0227177981 0.9996085763 0.0162924752 0.0011000913
57.272300 -0.7708299756 0.0236123838 -0.2274218798 0.0243175942 0.9995632768 0.0167719070 0.0007690967
57.894920 -0.7663673759 0.0284370724 -0.6773669720 0.0192099102 0.9996916652 0.0157234166 0.0005924547
58.206190 -0.7647071481 0.0328840353 -0.8999756575 0.0247139279 0.9995522499 0.0168547276 0.0006380055
58.725190 -0.7618651390 0.0366251208 -1.2690564394 0.0220735334 0.9996544123 0.0142768007 0.0000491235
59.140420 -0.7609350681 0.0403200984 -1.5702017546 0.0207930412 0.9996975064 0.0131374635 -0.0000224633
59.451800 -0.7584353089 0.0429437049 -1.7941136360 0.0176734347 0.9997375011 0.0145696765 -0.0005165240
59.866920 -0.7579650879 0.0461193174 -2.0934443474 0.0165684279 0.9997905493 0.0120137678 -0.0001749090
60.178320 -0.7563751936 0.0477788001 -2.3194003105 0.0161943566 0.9998114109 0.0107182842 0.0001819656
60.593420 -0.7538472414 0.0489448905 -2.6225283146 0.0179310907 0.9997900724 0.0098983645 0.0005821256
61.008550 -0.7508085370 0.0522940941 -2.9262771606 0.0197758581 0.9997355938 0.0116422512 0.0014482200
61.319920 -0.7492711544 0.0540386513 -3.1544737816 0.0222004205 0.9996719956 0.0126014855 0.0020654488
61.735050 -0.7468826771 0.0559179969 -3.4549264908 0.0267702099 0.9995624423 0.0122816740 0.0027358325
62.253920 -0.7431280017 0.0570855103 -3.8267917633 0.0273922328 0.9995594025 0.0110556828 0.0028953589
62.669050 -0.7388855219 0.0590595976 -4.1232695580 0.0271227788 0.9995788932 0.0100953821 0.0021169705
63.291930 -0.7357500196 0.0612111837 -4.5719351768 0.0267955288 0.9995881915 0.0102586811 -0.0004606519
63.499550 -0.7358648181 0.0613929592 -4.7201809883 0.0259989481 0.9996067286 0.0104583325 -0.0010545133
63.914800 -0.7334932685 0.0605098940 -5.0152406693 0.0266725477 0.9996042848 0.0088466797 -0.0012699311
64.330050 -0.7342892885 0.0617480017 -5.3088870049 0.0288858619 0.9995212555 0.0110468119 0.0009003619
64.641430 -0.7320107222 0.0612752736 -5.5259647369 0.0274175145 0.9995831847 0.0089314673 0.0014021727
65.264300 -0.7305441499 0.0630220324 -5.9538216591 0.0276797563 0.9995673299 0.0099186627 0.0007502180
65.471930 -0.7297043204 0.0637003928 -6.0950794220 0.0269790459 0.9995754361 0.0110025015 -0.0001284439
65.783180 -0.7291718721 0.0648986474 -6.3045043945 0.0264081415 0.9995950460 0.0105427420 -0.0010698842
66.302080 -0.7278649807 0.0644806921 -6.6498184204 0.0266938936 0.9995763898 0.0111813471 -0.0030768416
66.613430 -0.7284092307 0.0653930753 -6.8557062149 0.0263695754 0.9995904565 0.0103061078 -0.0041626594
67.236300 -0.7307426333 0.0676329508 -7.2589721680 0.0273940600 0.9995630383 0.0102267377 -0.0043320856
67.547680 -0.7304942012 0.0677694008 -7.4568700790 0.0276216902 0.9995438457 0.0114145419 -0.0043374146
67.962930 -0.7305217981 0.0680606067 -7.7160172462 0.0272229258 0.9995573163 0.0109265167 -0.0049667512
68.170550 -0.7312471867 0.0686936677 -7.8441567421 0.0261288006 0.9995707870 0.0116859414 -0.0062387534
68.585930 -0.7338105440 0.0690274835 -8.0925312042 0.0255751796 0.9995827079 0.0105247209 -0.0083391620
68.897430 -0.7365566492 0.0692503005 -8.2717685699 0.0277469959 0.9994999170 0.0127850072 -0.0081592770
69.208930 -0.7389378548 0.0696223676 -8.4415893555 0.0279715024 0.9994686246 0.0145815499 -0.0082112197
69.624560 -0.7415157557 0.0707939863 -8.6522846222 0.0273198858 0.9994654655 0.0141500914 -0.0110529736
71.180310 -0.6900744438 0.0713067055 -9.1882305145 0.0374209099 0.9841277599 0.0108483694 0.1731315255
72.321310 -0.4911463261 0.0663505420 -9.3768472672 0.0303998310 0.8563478589 0.0058951257 0.5154701471
72.529060 -0.4472866058 0.0640096962 -9.3903303146 0.0304164775 0.8177745938 0.0044779726 0.5747169256
72.840820 -0.3773446083 0.0604882576 -9.3992357254 0.0280136988 0.7525550723 0.0003441884 0.6579330564
73.880450 -0.1398229599 0.0533623174 -9.3082847595 -0.0003176935 0.4741261005 0.0188900717 0.8802542090
74.192560 -0.0736942291 0.0532015264 -9.2419843674 0.0000853681 0.3803064227 0.0178565420 0.9246881604
74.712820 0.0177831650 0.0531216711 -9.0894002914 -0.0006889732 0.2256773263 0.0190729182 0.9740151167
75.442560 0.0801149607 0.0518292375 -8.7899084091 -0.0028783171 0.0602595881 0.0103606749 0.9981248379
75.755680 0.0868410766 0.0516996048 -8.6348857880 -0.0029233501 0.0213164594 0.0056339032 0.9997526407
76.069190 0.0869966894 0.0514473058 -8.4682359695 -0.0017729149 0.0069548069 -0.0007276062 0.9999739528
76.382460 0.0886105746 0.0506735891 -8.2899703979 -0.0032513724 0.0048568076 -0.0001480511 0.9999828935
76.799440 0.0878085494 0.0501731932 -8.0325241089 -0.0045879665 0.0012783738 0.0004603847 0.9999885559
77.215940 0.0857565850 0.0498501025 -7.7593469620 -0.0036384838 -0.0014549304 0.0019353274 0.9999904633
77.632190 0.0827848762 0.0491287820 -7.4722228050 -0.0028716985 -0.0016101603 0.0011738085 0.9999938607
78.152070 0.0820249394 0.0465435013 -7.0894203186 0.0011599330 0.0020907177 0.0019532561 0.9999952316
78.567580 0.0812297985 0.0425352976 -6.7682852745 0.0028763998 -0.0002154128 0.0031982199 0.9999907017
78.879060 0.0795936584 0.0390106849 -6.5180969238 0.0016576301 -0.0038084940 0.0030256249 0.9999867678
79.294440 0.0752407014 0.0354709513 -6.1721487045 0.0032909010 -0.0060428637 0.0028350586 0.9999722838
79.502200 0.0709773228 0.0324770659 -5.9965415001 0.0012623549 -0.0054471344 0.0015719936 0.9999831319
79.917560 0.0651838183 0.0293365493 -5.6312251091 -0.0066522406 -0.0045663561 0.0011513669 0.9999668002
80.228940 0.0613870844 0.0287277400 -5.3554964066 -0.0093883025 -0.0048038573 -0.0000714630 0.9999443889
80.436670 0.0593116283 0.0287857056 -5.1731672287 -0.0072109643 -0.0046984339 0.0005555456 0.9999628067
80.748100 0.0565783158 0.0278963298 -4.8990435600 -0.0083847167 -0.0034929728 0.0018606401 0.9999570251
81.059440 0.0536345094 0.0275073946 -4.6276378632 -0.0085198460 -0.0026067744 0.0028967205 0.9999561310
81.370700 0.0500442162 0.0275672004 -4.3594408035 -0.0096660862 -0.0022520961 0.0033841375 0.9999450445
81.993440 0.0443284400 0.0270383544 -3.8196046352 -0.0070139021 -0.0038066765 0.0015371284 0.9999669790
82.201070 0.0416665301 0.0257595740 -3.6412174702 -0.0075466852 -0.0045860144 0.0026048215 0.9999576211
82.719960 0.0347102508 0.0239448883 -3.1978087425 -0.0079961941 -0.0077418676 0.0027089992 0.9999343753
83.031440 0.0287018213 0.0238116197 -2.9325723648 -0.0074803117 -0.0078890184 0.0018160797 0.9999392629
83.446570 0.0216363110 0.0224321783 -2.5832185745 -0.0075977696 -0.0070252856 0.0040644589 0.9999381900
83.758190 0.0165081955 0.0217698105 -2.3226120472 -0.0075071789 -0.0057318965 0.0042108567 0.9999465346
84.173690 0.0103540719 0.0214522742 -1.9791901112 -0.0079905344 -0.0037979614 0.0014132570 0.9999598861
84.589320 0.0069553563 0.0207432974 -1.6400008202 -0.0064348564 -0.0010369287 0.0016780812 0.9999773502
85.004820 0.0046982984 0.0183757134 -1.3055548668 -0.0007160215 0.0018378317 -0.0004809815 0.9999979138
85.627820 0.0025724284 0.0122178318 -0.8134559393 -0.0008728288 0.0036240895 0.0012337089 0.9999923110
86.146690 0.0015634074 0.0062654493 -0.4071228206 -0.0019727193 0.0012146271 0.0008083147 0.9999969602
86.458070 0.0008875200 0.0033591979 -0.1641294658 0.0005488898 0.0003575329 0.0014803025 0.9999986887
86.873200 -0.0011352730 -0.0027343926 0.1605157405 0.0001003333 0.0001156212 0.0000814159 1.0000000000
88.430200 -0.0043026279 -0.0227636341 1.3632640839 0.0003500068 -0.0006050328 0.0001515591 0.9999997616
89.986950 -0.0107679106 -0.0434958525 2.5110485554 -0.0016929120 -0.0009035463 0.0025640533 0.9999948740
91.543700 -0.0260192156 -0.0520772524 3.6023797989 -0.0054424731 -0.0081089921 0.0003124681 0.9999522567
93.100200 -0.0481318757 -0.0613309592 4.6400046349 -0.0061688200 -0.0010284048 -0.0028454605 0.9999763966
94.657710 -0.0400365368 -0.0782485008 5.5586504936 -0.0001093089 0.0034362092 0.0043348600 0.9999846816
96.216600 -0.0667280853 -0.0952881724 6.4724764824 0.0006590917 -0.0077651516 -0.0084398752 0.9999340177
97.776080 -0.0255990624 -0.1118169725 7.4728150368 0.0024165160 0.0348964706 -0.0070548840 0.9993631244
99.332710 0.0037805452 -0.1261581779 8.5946788788 0.0052903211 -0.0000640252 0.0017364826 0.9999845028
100.889600 -0.0141073912 -0.1512607038 9.7790822983 0.0009574731 -0.0075389342 -0.0017428769 0.9999696016
102.446200 -0.0254784450 -0.1741670966 10.9365243912 0.0002912255 0.0004521282 0.0005750761 0.9999997020
104.002700 -0.0320074074 -0.1970515996 12.0450859070 0.0011808207 -0.0004953163 0.0009652940 0.9999986887
105.559600 -0.0499059856 -0.2164594829 12.9574174881 -0.0032244883 -0.0160286352 0.0004065052 0.9998662472
107.119000 -0.0660651475 -0.2307333648 13.5890674591 0.0007264735 0.0021109025 0.0001485237 0.9999974966
108.678800 -0.0621861964 -0.2443266064 14.2019233704 0.0004564355 0.0067030527 0.0010492182 0.9999768734
110.239000 -0.0442219973 -0.2586316466 14.8654184341 0.0064393054 0.0214803088 -0.0006073454 0.9997483492
111.798600 -0.0217430890 -0.2772703171 15.6019573212 0.0023998278 0.0117121032 -0.0010691923 0.9999279380
113.358600 -0.0198980272 -0.2955554724 16.2750301361 0.0071859537 0.0081817247 -0.0084980717 0.9999045730
114.086300 -0.0152940452 -0.3030844331 16.5579566956 0.0026448867 0.0078123128 -0.0075100604 0.9999377728
