0.103875 -0.00459671 -0.00200152 0.0915427 -0.000156445 -0.00319023 -0.000250758 0.999995 
0.207894 -0.0100112 -0.0043597 0.185737 -0.00010275 -0.0067032 -0.000530081 0.999977 
0.31175 -0.0175337 -0.00685967 0.283467 0.000209027 -0.0104651 -0.000695604 0.999945 
0.415622 -0.0286319 -0.00672666 0.38731 0.000910209 -0.0150418 -0.00102646 0.999886 
0.519499 -0.042737 -0.00730302 0.50114 0.00179227 -0.0207008 -0.0011527 0.999783 
0.623377 -0.0600001 -0.00806547 0.627936 0.00226452 -0.0274608 -0.00113543 0.99962 
0.727122 -0.0827569 -0.008995 0.76694 0.00226684 -0.0355095 -0.00119279 0.999366 
0.830874 -0.10905 -0.0103398 0.91918 0.00226608 -0.04483 -0.000597811 0.998992 
0.934622 -0.141534 -0.0119509 1.08191 0.002266 -0.0548471 5.40326e-05 0.998492 
1.0384 -0.181606 -0.0160452 1.25138 0.00237154 -0.0659623 6.93076e-05 0.997819 
1.14213 -0.232564 -0.0226536 1.42564 0.00311395 -0.0781159 -0.00171243 0.996938 
1.24587 -0.293459 -0.0311643 1.60414 0.00420008 -0.090942 -0.00403973 0.995839 
1.34963 -0.361651 -0.0393336 1.78864 0.00476292 -0.104529 -0.00593151 0.994493 
1.45325 -0.436624 -0.0431351 1.97923 0.00506325 -0.119517 -0.00644348 0.992798 
1.557 -0.522492 -0.0457364 2.17302 0.00497221 -0.135286 -0.00746445 0.990766 
1.66077 -0.620094 -0.0490223 2.36874 0.00468249 -0.151723 -0.00869756 0.988374 
1.76437 -0.724845 -0.0514074 2.56569 0.00442682 -0.169251 -0.00976123 0.985515 
1.868 -0.839493 -0.0539779 2.75828 0.00466664 -0.186783 -0.0112538 0.982326 
1.97175 -0.968759 -0.05101 2.95042 0.00485513 -0.20448 -0.0130184 0.978772 
2.0755 -1.10363 -0.0467624 3.14208 0.00485142 -0.223232 -0.0135915 0.974658 
2.17913 -1.24276 -0.0429268 3.33311 0.00507152 -0.243045 -0.0118423 0.96993 
2.28288 -1.39247 -0.0423897 3.52303 0.0048574 -0.263988 -0.00937007 0.964468 
2.3865 -1.56445 -0.0449198 3.70627 0.0037113 -0.286408 -0.00990213 0.95805 
2.49014 -1.76157 -0.0489941 3.8807 0.00262654 -0.310397 -0.0133252 0.95051 
2.59362 -1.96936 -0.0514114 4.0495 0.00251681 -0.335236 -0.0151486 0.942009 
2.69733 -2.18784 -0.0535875 4.21588 0.00259478 -0.360859 -0.015501 0.932488 
2.80089 -2.41553 -0.0531892 4.38239 0.00132712 -0.387166 -0.0130354 0.921917 
2.90464 -2.66315 -0.0528704 4.54077 0.000302837 -0.413696 -0.0108963 0.91035 
3.00825 -2.92911 -0.0528379 4.68768 -0.00102396 -0.439674 -0.0102489 0.898098 
3.112 -3.21551 -0.0513893 4.82443 -0.00256794 -0.466003 -0.0101146 0.884721 
3.21575 -3.51784 -0.0487755 4.94818 -0.00359255 -0.492487 -0.00997461 0.870255 
3.31937 -3.83696 -0.0450566 5.05727 -0.00460836 -0.518435 -0.0104639 0.855041 
3.42313 -4.17713 -0.0387884 5.15347 -0.00588263 -0.543894 -0.0109818 0.839061 
3.52689 -4.53433 -0.0332507 5.23379 -0.00663892 -0.568728 -0.0117338 0.822415 
3.63065 -4.91108 -0.0294544 5.30245 -0.00872148 -0.592432 -0.012202 0.805481 
3.7344 -5.29933 -0.0269775 5.36094 -0.0109913 -0.614726 -0.0118901 0.788575 
3.83825 -5.70136 -0.0230308 5.40169 -0.0119659 -0.635191 -0.011271 0.772181 
3.94212 -6.12209 -0.0160427 5.42129 -0.0113329 -0.653678 -0.0124296 0.756586 
4.04628 -6.55899 -0.00575705 5.42767 -0.0103666 -0.669916 -0.0134959 0.742242 
4.15027 -7.00909 0.00619158 5.42402 -0.00918495 -0.684048 -0.0136786 0.729251 
4.25438 -7.47343 0.0162511 5.4107 -0.00839384 -0.696646 -0.0126989 0.717254 
4.35851 -7.95041 0.0230642 5.38928 -0.00760669 -0.707972 -0.0116763 0.706103 
4.46265 -8.44461 0.0306642 5.35364 -0.00668417 -0.717422 -0.0114263 0.696513 
4.56689 -8.95301 0.0405748 5.31073 -0.00562566 -0.724804 -0.0108696 0.688847 
4.67125 -9.48038 0.0524899 5.26387 -0.00522446 -0.730452 -0.0103295 0.682866 
4.7755 -10.023 0.0614173 5.21123 -0.00572471 -0.734984 -0.0101471 0.677985 
4.87996 -10.5792 0.065962 5.15308 -0.00590838 -0.738309 -0.0112047 0.674343 
4.98425 -11.1527 0.069364 5.08836 -0.0056857 -0.740587 -0.0126383 0.671817 
5.0885 -11.7394 0.0785547 5.02588 -0.00595335 -0.742116 -0.0130007 0.670119 
5.19288 -12.3441 0.0912305 4.96484 -0.00685597 -0.742699 -0.012175 0.669479 
5.29715 -12.9643 0.102671 4.90181 -0.00826718 -0.742474 -0.0120914 0.669715 
5.4015 -13.6001 0.109516 4.83568 -0.00898757 -0.741957 -0.0133778 0.670254 
5.50575 -14.2516 0.117824 4.76722 -0.00829955 -0.741313 -0.0144182 0.670954 
5.61001 -14.9134 0.129615 4.69736 -0.0067597 -0.740767 -0.0139921 0.671582 
5.71425 -15.5937 0.14508 4.63 -0.00655636 -0.740351 -0.0140442 0.672042 
5.81838 -16.291 0.162225 4.5633 -0.00749999 -0.739815 -0.0147102 0.672608 
5.92252 -17.0048 0.177019 4.49463 -0.00836036 -0.73916 -0.0163128 0.673281 
6.02677 -17.7332 0.190559 4.42653 -0.00906433 -0.73851 -0.0178866 0.673944 
6.13088 -18.4718 0.209275 4.35925 -0.00827306 -0.737899 -0.017883 0.674623 
6.23502 -19.2243 0.230555 4.29098 -0.00652884 -0.737274 -0.0176271 0.675332 
6.33903 -19.9883 0.250319 4.22312 -0.00576503 -0.736739 -0.0177773 0.675919 
6.44314 -20.7731 0.270352 4.16193 -0.00746172 -0.736169 -0.0176542 0.676526 
6.54727 -21.5645 0.288025 4.10022 -0.00901741 -0.735764 -0.0175711 0.676949 
6.65128 -22.3642 0.306224 4.03596 -0.0100756 -0.735289 -0.0181357 0.677436 
6.75538 -23.1641 0.321615 3.97102 -0.00865093 -0.735084 -0.0166335 0.677717 
6.85938 -23.9695 0.334206 3.90897 -0.00657626 -0.734978 -0.0134051 0.677926 
6.96338 -24.7895 0.349254 3.84905 -0.00617043 -0.735006 -0.0104005 0.677953 
7.06738 -25.6189 0.36151 3.78608 -0.00652884 -0.735183 -0.00965296 0.677768 
7.17126 -26.4614 0.37177 3.71634 -0.00909703 -0.735064 -0.0131778 0.677808 
7.27527 -27.3075 0.385499 3.64475 -0.0110248 -0.735121 -0.0161228 0.677654 
7.37927 -28.1529 0.402882 3.56954 -0.0123397 -0.735166 -0.0189955 0.677509 
7.48325 -28.9976 0.419417 3.4929 -0.0119929 -0.735273 -0.0199472 0.677371 
7.58727 -29.8372 0.437006 3.41846 -0.0107573 -0.73544 -0.0188362 0.677243 
7.69113 -30.6742 0.45666 3.34605 -0.00970167 -0.735624 -0.0175618 0.677093 
7.79513 -31.5159 0.476386 3.27199 -0.00957313 -0.735595 -0.0185621 0.677099 
7.899 -32.3544 0.491726 3.19882 -0.0101305 -0.735493 -0.0199692 0.677162 
8.003 -33.1952 0.507645 3.12363 -0.00944739 -0.735502 -0.019881 0.677165 
8.107 -34.0263 0.52419 3.05126 -0.00744429 -0.735407 -0.0182439 0.677339 
8.211 -34.86 0.53867 2.98036 -0.00546159 -0.735314 -0.0169908 0.677491 
8.31501 -35.6964 0.550032 2.91062 -0.00563083 -0.735161 -0.0171901 0.677651 
8.41888 -36.5335 0.557955 2.84314 -0.00691967 -0.734883 -0.0178836 0.677922 
8.52288 -37.3738 0.570778 2.77507 -0.0086346 -0.734688 -0.0193525 0.678074 
8.6269 -38.2148 0.587862 2.70698 -0.0107821 -0.734425 -0.0210778 0.678276 
8.73075 -39.0492 0.605565 2.63885 -0.0120833 -0.734435 -0.0225654 0.678197 
8.83476 -39.8817 0.62465 2.57226 -0.0119921 -0.73435 -0.0222266 0.678301 
8.93876 -40.7117 0.646486 2.50481 -0.0108375 -0.734329 -0.0208881 0.678385 
9.04276 -41.5384 0.664017 2.43615 -0.00900246 -0.73424 -0.0194334 0.678552 
9.14663 -42.3652 0.680723 2.36307 -0.00671605 -0.73411 -0.0198724 0.678707 
9.25065 -43.1914 0.697748 2.2902 -0.00485332 -0.734269 -0.020285 0.678538 
9.3545 -44.0152 0.709279 2.22368 -0.00477192 -0.734515 -0.0192522 0.678303 
9.45853 -44.8388 0.720699 2.16091 -0.00489918 -0.734997 -0.0166411 0.677848 
9.5625 -45.6612 0.733196 2.09662 -0.00560218 -0.73528 -0.0143084 0.677589 
9.66639 -46.4834 0.743445 2.02825 -0.00701022 -0.735816 -0.0151879 0.676975 
9.77038 -47.3074 0.753414 1.95912 -0.00991596 -0.736372 -0.0170026 0.67629 
9.87425 -48.1233 0.764692 1.89049 -0.0119876 -0.736953 -0.0177374 0.675605 
9.97813 -48.9331 0.776721 1.82029 -0.0119207 -0.737555 -0.0169666 0.674968 
10.0821 -49.7355 0.787419 1.7407 -0.00949379 -0.737901 -0.0172031 0.674623 
10.186 -50.5325 0.798993 1.65937 -0.00667895 -0.738339 -0.0172105 0.674177 
10.29 -51.3287 0.812643 1.5753 -0.00463281 -0.738703 -0.0182028 0.673769 
10.3939 -52.1228 0.82195 1.49375 -0.00431144 -0.739003 -0.0195357 0.673405 
10.4978 -52.9159 0.83177 1.41681 -0.00501211 -0.739312 -0.0199729 0.673048 
10.6017 -53.702 0.841954 1.33748 -0.00424653 -0.739612 -0.0204774 0.672708 
10.7056 -54.484 0.849493 1.25899 -0.00382385 -0.7398 -0.0208176 0.672493 
10.8096 -55.263 0.860136 1.1847 -0.00485665 -0.739978 -0.0208817 0.672289 
10.9135 -56.0381 0.869673 1.11076 -0.00614722 -0.740068 -0.0213982 0.672164 
11.0175 -56.8107 0.882023 1.03264 -0.0074508 -0.740013 -0.0232567 0.67215 
11.1214 -57.5746 0.8957 0.956539 -0.00830652 -0.740143 -0.0241628 0.671963 
11.2254 -58.3304 0.910654 0.883063 -0.00840141 -0.740393 -0.0239522 0.671694 
11.3293 -59.0776 0.923455 0.810007 -0.00802471 -0.740572 -0.0230462 0.671534 
11.4333 -59.8104 0.93378 0.735968 -0.00691515 -0.740641 -0.0216434 0.671516 
11.5372 -60.5366 0.943218 0.662366 -0.00594699 -0.740655 -0.0207387 0.671539 
11.6411 -61.2455 0.950801 0.591948 -0.00492467 -0.740256 -0.0199921 0.67201 
11.7451 -61.9403 0.956511 0.52376 -0.00395501 -0.73947 -0.0204441 0.672867 
11.8491 -62.6202 0.960729 0.461718 -0.00399967 -0.738159 -0.0211842 0.674282 
11.9533 -63.2855 0.965475 0.408841 -0.00469739 -0.736168 -0.0212234 0.676449 
12.0573 -63.9355 0.969673 0.362295 -0.00558289 -0.733747 -0.0214879 0.679061 
12.1614 -64.5705 0.974213 0.320188 -0.00573675 -0.730784 -0.0222804 0.682221 
12.2655 -65.1899 0.980183 0.285958 -0.00557904 -0.726649 -0.0235906 0.686581 
12.3696 -65.7914 0.988245 0.262767 -0.00510983 -0.721613 -0.0251086 0.691823 
12.4739 -66.3756 0.996652 0.255567 -0.0050304 -0.715175 -0.0259638 0.698445 
12.5781 -66.937 1.00371 0.26462 -0.00493294 -0.707505 -0.0263963 0.706198 
12.6824 -67.4767 1.00921 0.29417 -0.00532902 -0.698475 -0.0262648 0.715133 
12.7868 -67.9905 1.01381 0.34556 -0.00576624 -0.688142 -0.0251387 0.725118 
12.8911 -68.4821 1.01648 0.416481 -0.00628173 -0.675813 -0.0244298 0.736642 
12.9955 -68.9541 1.01982 0.504881 -0.0066957 -0.661856 -0.0238423 0.749222 
13.0999 -69.4038 1.02154 0.611089 -0.00678787 -0.646504 -0.0232734 0.762525 
13.2044 -69.8485 1.02393 0.741967 -0.00771063 -0.628951 -0.0228322 0.777071 
13.3088 -70.2705 1.02434 0.895575 -0.00858828 -0.609732 -0.0212758 0.792276 
13.4133 -70.6817 1.02389 1.08074 -0.0100496 -0.589125 -0.0170599 0.8078 
13.5176 -71.0686 1.02589 1.28575 -0.0105908 -0.567235 -0.0134248 0.823379 
13.6221 -71.4514 1.03236 1.51356 -0.011215 -0.54398 -0.00995131 0.838965 
13.7265 -71.8142 1.04029 1.75383 -0.01129 -0.520022 -0.00944086 0.854026 
13.8308 -72.1707 1.04555 2.01365 -0.0117623 -0.496464 -0.00856063 0.867936 
13.9351 -72.5074 1.04918 2.29694 -0.0140662 -0.473253 -0.00528601 0.880798 
14.0394 -72.8107 1.05219 2.60177 -0.0174331 -0.449632 -0.000100129 0.893044 
14.1436 -73.1085 1.05221 2.90867 -0.0165536 -0.425364 0.00196426 0.904869 
14.2479 -73.3852 1.05199 3.22082 -0.0128438 -0.400386 0.00223796 0.916254 
14.3521 -73.6593 1.05608 3.55438 -0.00680809 -0.374231 0.00336974 0.927304 
14.4564 -73.9133 1.05875 3.91127 -0.00159256 -0.346858 0.00320224 0.937911 
14.5606 -74.1659 1.05785 4.30055 0.000186496 -0.318796 0.00312587 0.947818 
14.6649 -74.4017 1.05708 4.71851 0.00126492 -0.290629 0.00382711 0.956827 
14.769 -74.6151 1.05346 5.15583 0.00310394 -0.262569 0.00297672 0.964904 
14.8732 -74.8256 1.04484 5.62315 0.00240197 -0.235957 0.00221204 0.971758 
14.9771 -75.0182 1.03812 6.11025 0.0025323 -0.211673 -0.000612252 0.977337 
15.0812 -75.2056 1.03584 6.6181 0.00395403 -0.18932 -0.00301218 0.981903 
15.185 -75.3799 1.03028 7.15198 0.0038403 -0.169896 -0.00514014 0.985441 
15.2888 -75.5393 1.02013 7.7061 0.00264393 -0.153825 -0.00563465 0.988079 
15.3925 -75.692 1.01045 8.28109 0.00179508 -0.141108 -0.00488229 0.98998 
15.4962 -75.837 1.00469 8.8744 0.000700975 -0.130031 -0.00461112 0.991499 
15.5999 -75.9807 0.996633 9.48642 -0.000654916 -0.12055 -0.00578666 0.99269 
15.7036 -76.1222 0.988948 10.1122 -0.000896785 -0.112593 -0.0077308 0.993611 
15.8073 -76.258 0.981275 10.7552 -0.00175612 -0.105585 -0.00993789 0.994359 
15.911 -76.379 0.976809 11.415 -0.00172224 -0.0988355 -0.00908719 0.995061 
16.0148 -76.4929 0.973449 12.0915 -0.00163895 -0.091857 -0.00904006 0.99573 
16.1185 -76.602 0.970597 12.7842 -0.00191465 -0.0844339 -0.0091881 0.996385 
16.2224 -76.7027 0.965085 13.4941 -0.00214122 -0.0771425 -0.00979147 0.99697 
16.3261 -76.7966 0.954649 14.2125 -0.000942097 -0.0706462 -0.00989101 0.997452 
16.4299 -76.8846 0.943731 14.9454 0.00126146 -0.0649188 -0.0106977 0.997832 
16.5338 -76.9646 0.935227 15.6878 0.00467426 -0.0599958 -0.00952461 0.998142 
16.6375 -77.0409 0.926755 16.4468 0.00526046 -0.0558405 -0.00925267 0.998383 
16.7413 -77.1187 0.913311 17.2186 0.00203314 -0.0523839 -0.00998112 0.998575 
16.8451 -77.1988 0.897536 17.9936 -0.00202908 -0.0497674 -0.0120662 0.998686 
16.9489 -77.272 0.885944 18.7675 -0.00465693 -0.0475977 -0.012529 0.998777 
17.0526 -77.3372 0.87656 19.534 -0.00371738 -0.0458689 -0.0115605 0.998874 
17.1564 -77.4024 0.867371 20.3015 -0.00323166 -0.0442209 -0.011702 0.998948 
17.2603 -77.4637 0.859522 21.0725 -0.00421105 -0.0427735 -0.0108764 0.999017 
17.364 -77.5211 0.85142 21.843 -0.0057131 -0.0415422 -0.00987461 0.999072 
17.4679 -77.5734 0.840816 22.6143 -0.00681935 -0.0399797 -0.00864887 0.99914 
17.5717 -77.6221 0.827911 23.3777 -0.00542007 -0.0385829 -0.00833285 0.999206 
17.6755 -77.6767 0.819127 24.1383 -0.0015267 -0.0375687 -0.00972776 0.999246 
17.7794 -77.7342 0.804672 24.8981 0.00232649 -0.0367441 -0.0101184 0.999271 
17.8831 -77.7896 0.790315 25.6548 0.00475982 -0.0361316 -0.0104969 0.999281 
17.987 -77.8461 0.773941 26.4219 0.00381757 -0.0351577 -0.0113854 0.99931 
18.0909 -77.9088 0.75085 27.1807 0.00200485 -0.0339839 -0.0127977 0.999338 
18.1948 -77.969 0.729373 27.9392 -0.000703656 -0.0328804 -0.0146266 0.999352 
18.2985 -78.0201 0.713706 28.692 -0.00161235 -0.0317489 -0.0135871 0.999402 
18.4024 -78.0647 0.696969 29.4407 -0.00150203 -0.031195 -0.0120319 0.99944 
18.5063 -78.1097 0.679877 30.1928 -0.00180911 -0.030776 -0.0110702 0.999463 
18.6101 -78.1555 0.664743 30.9457 -0.00100958 -0.030156 -0.0111078 0.999483 
18.7139 -78.1981 0.647677 31.7013 2.86875e-05 -0.0298621 -0.0100641 0.999503 
18.8178 -78.2423 0.630163 32.4641 -0.000272626 -0.029535 -0.00926579 0.999521 
18.9216 -78.295 0.614909 33.2308 -0.000506411 -0.0290957 -0.0107783 0.999518 
19.0255 -78.3462 0.599053 34.0009 -3.03286e-05 -0.0290853 -0.0107322 0.999519 
19.1294 -78.3993 0.578998 34.7769 -6.52471e-06 -0.0299628 -0.0108016 0.999493 
19.2333 -78.4497 0.564155 35.5615 -0.00031865 -0.0310197 -0.00955615 0.999473 
19.337 -78.5072 0.547364 36.3475 -2.00146e-05 -0.0325578 -0.0100639 0.999419 
19.4409 -78.5715 0.528529 37.1435 -0.000124452 -0.0340609 -0.0120144 0.999348 
19.5448 -78.6362 0.511017 37.9375 0.0019795 -0.0353523 -0.0128463 0.99929 
19.6485 -78.7004 0.494083 38.7352 0.0044606 -0.0366637 -0.0128654 0.999235 
19.7524 -78.7627 0.48257 39.546 0.00491241 -0.0376213 -0.0122973 0.999204 
19.8563 -78.8286 0.464618 40.3645 0.0043267 -0.0387076 -0.0127781 0.99916 
19.9601 -78.8959 0.446148 41.1947 0.00363112 -0.0397937 -0.0124179 0.999124 
20.064 -78.9599 0.433903 42.0306 0.00304296 -0.0407663 -0.0114506 0.999098 
20.1679 -79.029 0.420782 42.8743 0.0011678 -0.04131 -0.0111683 0.999083 
20.2719 -79.1003 0.403992 43.7247 -0.00117148 -0.0417681 -0.0108777 0.999067 
20.3758 -79.1713 0.388897 44.5789 -0.00256965 -0.0415406 -0.0108212 0.999075 
20.4797 -79.2467 0.375658 45.4386 -0.00244711 -0.040479 -0.0125938 0.999098 
20.5836 -79.3186 0.363929 46.2992 -0.00185298 -0.0395526 -0.0126326 0.999136 
20.6875 -79.3849 0.349896 47.163 -0.00075514 -0.0387731 -0.0115054 0.999182 
20.7915 -79.4453 0.334438 48.0317 0.00010507 -0.0379925 -0.00947906 0.999233 
20.8954 -79.5086 0.320996 48.9021 0.000117653 -0.0370372 -0.00875847 0.999276 
20.9993 -79.5738 0.302792 49.779 -0.0010802 -0.0364928 -0.00787392 0.999302 
21.1033 -79.6339 0.286751 50.6563 -0.00250823 -0.0361768 -0.0062661 0.999323 
21.2071 -79.6974 0.272043 51.5294 -0.00270185 -0.0357445 -0.00573902 0.999341 
21.3111 -79.7647 0.257441 52.3966 -0.00142806 -0.0352178 -0.0066345 0.999357 
21.415 -79.8336 0.24086 53.2548 0.00152936 -0.0348666 -0.00804862 0.999358 
21.519 -79.9004 0.2201 54.1135 0.00420589 -0.034353 -0.00898398 0.999361 
21.6229 -79.9696 0.1923 54.9656 0.00754461 -0.0339864 -0.0113716 0.999329 
21.7269 -80.0326 0.164934 55.8191 0.0079723 -0.033463 -0.011711 0.99934 
21.8308 -80.0927 0.140807 56.6706 0.00543792 -0.0333831 -0.00986882 0.999379 
21.9346 -80.1556 0.116112 57.5269 1.53015e-05 -0.0336072 -0.00953307 0.99939 
22.0387 -80.2224 0.0923346 58.3777 -0.00445342 -0.0341855 -0.0100716 0.999355 
22.1426 -80.2809 0.0751001 59.2131 -0.0025827 -0.0355057 -0.00809942 0.999333 
22.2465 -80.3387 0.0591433 60.0426 -0.00101687 -0.0366425 -0.00510145 0.999315 
22.3504 -80.403 0.0400065 60.8722 -0.000619989 -0.0379695 -0.00489997 0.999267 
22.4544 -80.474 0.0182673 61.6957 0.000767398 -0.039231 -0.00562425 0.999214 
22.5584 -80.5497 -0.00374266 62.5136 0.00241885 -0.0409794 -0.00661906 0.999135 
22.6623 -80.6209 -0.0263229 63.3279 0.00426902 -0.0430025 -0.00697126 0.999042 
22.7661 -80.696 -0.0545281 64.1363 0.00651556 -0.0446144 -0.00764744 0.998954 
22.8702 -80.7781 -0.0838 64.9451 0.00625475 -0.0461071 -0.0103906 0.998863 
22.974 -80.8597 -0.109077 65.7528 0.00567523 -0.0478855 -0.0117893 0.998767 
23.078 -80.9452 -0.136047 66.5593 0.00310769 -0.0498471 -0.0133951 0.998662 
23.182 -81.0341 -0.157383 67.3635 -0.000339562 -0.0518155 -0.0137497 0.998562 
23.2859 -81.1234 -0.175582 68.16 -0.00196881 -0.054281 -0.0133408 0.998435 
23.3898 -81.2192 -0.191357 68.9488 -0.00221841 -0.0575408 -0.0131 0.998255 
23.4938 -81.3169 -0.204217 69.7395 -0.0040637 -0.0605857 -0.0117194 0.998086 
23.5976 -81.4216 -0.217481 70.5203 -0.00406947 -0.0638287 -0.0118049 0.997883 
23.7015 -81.5423 -0.230556 71.2919 -0.00364168 -0.0667924 -0.0141827 0.997659 
23.8055 -81.6637 -0.242631 72.0594 -0.00168659 -0.0696255 -0.0152231 0.997456 
23.9094 -81.7834 -0.255072 72.8219 -0.000180079 -0.0727042 -0.0148727 0.997243 
24.0134 -81.9109 -0.269177 73.5847 0.000194761 -0.0753806 -0.0158315 0.997029 
24.1173 -82.0491 -0.283652 74.3434 -0.00157491 -0.0776907 -0.0165605 0.996839 
24.2213 -82.1866 -0.297589 75.1012 -0.00391754 -0.0807073 -0.0168777 0.996587 
24.3251 -82.327 -0.316046 75.852 -0.00526382 -0.0839191 -0.0166223 0.99632 
24.4291 -82.4671 -0.327379 76.5947 -0.00369583 -0.0874056 -0.0156771 0.996043 
24.533 -82.6142 -0.338095 77.3316 0.00018805 -0.0916422 -0.0145411 0.995686 
24.6369 -82.7656 -0.354245 78.0692 0.00136124 -0.0962256 -0.013356 0.995269 
24.7408 -82.9303 -0.375398 78.8078 -0.000568011 -0.101623 -0.0136016 0.99473 
24.8446 -83.1012 -0.386632 79.5441 -0.00289341 -0.107376 -0.0128192 0.994132 
24.9485 -83.2841 -0.399493 80.281 -0.00691143 -0.113348 -0.0134984 0.99344 
25.0524 -83.4673 -0.408391 81.0106 -0.00931406 -0.119027 -0.0137366 0.992752 
25.1563 -83.6579 -0.417823 81.7257 -0.00680472 -0.12489 -0.0155907 0.992025 
25.2601 -83.8564 -0.425895 82.4307 -0.00166042 -0.131052 -0.0155223 0.991253 
25.364 -84.0574 -0.427494 83.1404 0.000741999 -0.137387 -0.0148771 0.990405 
25.4679 -84.2658 -0.428874 83.8624 -0.0012906 -0.143736 -0.0135999 0.989522 
25.5718 -84.4928 -0.43695 84.5842 -0.00544928 -0.149654 -0.0140219 0.988624 
25.6756 -84.7275 -0.44244 85.303 -0.00829806 -0.155704 -0.0142279 0.987666 
25.7795 -84.9651 -0.444697 86.0117 -0.00760525 -0.162275 -0.0123325 0.986639 
25.8834 -85.2123 -0.447748 86.7156 -0.00512574 -0.168313 -0.0116463 0.985651 
25.9874 -85.4688 -0.455118 87.417 -0.00250276 -0.173056 -0.0106491 0.984851 
26.0913 -85.7267 -0.463307 88.118 0.000862236 -0.17711 -0.00886595 0.984151 
26.1953 -85.9963 -0.472599 88.8208 0.00187991 -0.181015 -0.00884097 0.983439 
26.2993 -86.2803 -0.487271 89.5211 0.00245611 -0.185025 -0.0115569 0.982663 
26.4031 -86.5691 -0.489633 90.2155 0.00115292 -0.189168 -0.0119935 0.981871 
26.507 -86.8604 -0.483398 90.9181 -0.00174774 -0.193397 -0.0114481 0.981052 
26.611 -87.1588 -0.480414 91.6219 -0.00562988 -0.197076 -0.0109955 0.98031 
26.7149 -87.4763 -0.482503 92.3185 -0.00882615 -0.200209 -0.0156347 0.979589 
26.8189 -87.8025 -0.475623 93.0035 -0.00730189 -0.203129 -0.0200543 0.978919 
26.9229 -88.1179 -0.468056 93.687 -0.00291751 -0.206212 -0.0190934 0.978317 
27.0269 -88.4278 -0.461975 94.3758 0.000317233 -0.208973 -0.0156655 0.977796 
27.1309 -88.749 -0.46318 95.0682 0.0012196 -0.211068 -0.0158666 0.977342 
27.2348 -89.0845 -0.466622 95.7661 -0.000989291 -0.213341 -0.0188154 0.976796 
27.3386 -89.4164 -0.473654 96.4657 -0.00312159 -0.216137 -0.0198294 0.976157 
27.4427 -89.748 -0.47889 97.1635 -0.00317461 -0.219027 -0.0181784 0.975544 
27.5465 -90.085 -0.484703 97.8498 0.000168346 -0.221506 -0.0177995 0.974997 
27.6505 -90.4266 -0.48759 98.5347 0.00383776 -0.224072 -0.0170526 0.974416 
27.7544 -90.7749 -0.495814 99.2195 0.0049584 -0.226673 -0.0175277 0.973801 
27.8584 -91.131 -0.506482 99.9095 0.00278567 -0.228789 -0.0189791 0.973287 
27.9623 -91.487 -0.517229 100.595 0.00183762 -0.231046 -0.0194833 0.972746 
28.0662 -91.84 -0.526198 101.277 0.00151775 -0.233531 -0.019932 0.972144 
28.17 -92.1962 -0.534938 101.954 0.00151994 -0.235977 -0.0192734 0.971566 
28.274 -92.5529 -0.543459 102.627 0.00181047 -0.23827 -0.0182262 0.971026 
28.3779 -92.9148 -0.551172 103.296 0.00133858 -0.240561 -0.018029 0.970466 
28.4819 -93.2832 -0.558967 103.96 0.00140481 -0.242819 -0.01851 0.969894 
28.5858 -93.6505 -0.565996 104.619 0.00112959 -0.24517 -0.0190479 0.969292 
28.6897 -94.0151 -0.576757 105.267 0.00305494 -0.247668 -0.0179592 0.968674 
28.7937 -94.3821 -0.588392 105.91 0.00503478 -0.250043 -0.0168655 0.968075 
28.8975 -94.7482 -0.598078 106.547 0.0065361 -0.252197 -0.0162853 0.967517 
29.0015 -95.1234 -0.605007 107.188 0.00493337 -0.254127 -0.0166953 0.967014 
29.1054 -95.4962 -0.613444 107.823 0.000676898 -0.255852 -0.0177748 0.966552 
29.2094 -95.8645 -0.621003 108.453 -0.00431432 -0.257325 -0.0176943 0.966153 
29.3133 -96.2232 -0.625131 109.068 -0.00737812 -0.258843 -0.0167931 0.965745 
29.4173 -96.574 -0.624599 109.668 -0.00764154 -0.260463 -0.0149147 0.965338 
29.5211 -96.9208 -0.626205 110.248 -0.0058314 -0.262182 -0.0143906 0.964894 
29.625 -97.2634 -0.627327 110.814 -0.00456378 -0.263753 -0.0137947 0.964481 
29.729 -97.6008 -0.627085 111.365 -0.00416521 -0.265211 -0.013175 0.964091 
29.8329 -97.9243 -0.628327 111.903 -0.00403437 -0.26647 -0.012127 0.963758 
29.9368 -98.2417 -0.632462 112.423 -0.00466421 -0.267682 -0.0122801 0.963418 
30.0408 -98.5503 -0.636065 112.925 -0.00562909 -0.268811 -0.0120979 0.963101 
30.1446 -98.8435 -0.636794 113.406 -0.00610034 -0.270067 -0.0112815 0.962756 
30.2485 -99.1248 -0.638411 113.866 -0.00646672 -0.27132 -0.0101301 0.962414 
30.3524 -99.3968 -0.640081 114.302 -0.00619216 -0.272366 -0.00968297 0.962125 
30.4563 -99.6642 -0.648192 114.717 -0.00440336 -0.27345 -0.0103796 0.96182 
30.5603 -99.9188 -0.65604 115.114 -0.00235795 -0.274838 -0.0097483 0.961438 
30.664 -100.162 -0.658629 115.494 -0.00170734 -0.276857 -0.00803294 0.960876 
30.7679 -100.399 -0.658588 115.861 -0.00254157 -0.27921 -0.00567184 0.96021 
30.8718 -100.633 -0.660794 116.205 -0.00314328 -0.282142 -0.005783 0.95935 
30.9757 -100.865 -0.664724 116.529 -0.00373054 -0.285295 -0.00760753 0.958402 
31.0795 -101.09 -0.669467 116.835 -0.00499372 -0.288351 -0.0102468 0.957457 
31.1833 -101.306 -0.671392 117.127 -0.00807796 -0.291528 -0.0123304 0.956449 
31.2871 -101.506 -0.672278 117.401 -0.0102379 -0.295349 -0.0127444 0.955249 
31.3909 -101.693 -0.672146 117.657 -0.0114096 -0.299774 -0.0110773 0.953878 
31.4947 -101.874 -0.672996 117.899 -0.0123221 -0.305262 -0.0094587 0.952142 
31.5984 -102.051 -0.673639 118.122 -0.0133179 -0.312011 -0.00836185 0.949948 
31.7021 -102.229 -0.675323 118.326 -0.013832 -0.319823 -0.00845186 0.947339 
31.8058 -102.405 -0.676643 118.509 -0.0134128 -0.328773 -0.00944132 0.944267 
31.9095 -102.576 -0.681909 118.681 -0.0125045 -0.338903 -0.00927893 0.940692 
32.0132 -102.742 -0.685851 118.838 -0.00988563 -0.349381 -0.00889144 0.936886 
32.1169 -102.902 -0.687004 118.982 -0.00747195 -0.359727 -0.00786353 0.932995 
32.2206 -103.068 -0.685597 119.116 -0.00473021 -0.369941 -0.0088289 0.929001 
32.3244 -103.245 -0.682754 119.242 -0.00233553 -0.38003 -0.0118536 0.924895 
32.4282 -103.418 -0.681989 119.367 -0.00158198 -0.390746 -0.0135966 0.920397 
32.5318 -103.595 -0.676932 119.498 -0.00272243 -0.402176 -0.0123896 0.915475 
32.6355 -103.773 -0.672655 119.624 -0.00386188 -0.414081 -0.0114018 0.91016 
32.7393 -103.955 -0.668027 119.735 -0.00498044 -0.426777 -0.0117399 0.904267 
32.8429 -104.148 -0.662419 119.838 -0.00552355 -0.440112 -0.0141882 0.897814 
32.9466 -104.338 -0.658038 119.934 -0.00655241 -0.453401 -0.0160099 0.891138 
33.0504 -104.534 -0.65587 120.029 -0.0072066 -0.466859 -0.0174859 0.88413 
33.154 -104.733 -0.6537 120.114 -0.0072458 -0.480125 -0.0193366 0.876957 
33.2578 -104.931 -0.65151 120.185 -0.00732931 -0.49332 -0.0220549 0.869537 
33.3616 -105.136 -0.650239 120.257 -0.00779448 -0.506831 -0.0240023 0.861676 
33.4653 -105.344 -0.651238 120.328 -0.00804824 -0.520925 -0.0238623 0.853231 
33.569 -105.558 -0.651294 120.389 -0.00689544 -0.535822 -0.0231606 0.843985 
33.6728 -105.802 -0.646722 120.452 -0.00517493 -0.551384 -0.0220033 0.833945 
33.7764 -106.056 -0.64048 120.5 -0.00439986 -0.568343 -0.0213772 0.822502 
33.88 -106.341 -0.632082 120.554 -0.00436176 -0.585944 -0.0211192 0.810065 
33.9836 -106.641 -0.625165 120.599 -0.00406349 -0.603919 -0.0206806 0.796767 
34.0874 -106.946 -0.615136 120.621 -0.00354775 -0.622798 -0.0195966 0.782129 
34.191 -107.279 -0.604701 120.64 -0.00329797 -0.641991 -0.0189168 0.766472 
34.2948 -107.63 -0.593768 120.643 -0.00352725 -0.661002 -0.0188817 0.750138 
34.3984 -107.973 -0.585177 120.616 -0.00445796 -0.680086 -0.0192469 0.732866 
34.5021 -108.347 -0.578058 120.591 -0.0065958 -0.699299 -0.0191826 0.714541 
34.6059 -108.711 -0.572441 120.531 -0.00877659 -0.718149 -0.0188241 0.69558 
34.7097 -109.103 -0.565109 120.465 -0.0107924 -0.736523 -0.0182633 0.67608 
34.8134 -109.504 -0.557173 120.376 -0.0124775 -0.754227 -0.0179371 0.65625 
34.9171 -109.894 -0.549816 120.253 -0.0137176 -0.771092 -0.0179096 0.636324 
35.021 -110.311 -0.538502 120.121 -0.0151406 -0.786997 -0.0173434 0.616528 
35.1248 -110.736 -0.527119 119.969 -0.0171285 -0.802256 -0.0160962 0.596517 
35.2287 -111.16 -0.514543 119.776 -0.0190057 -0.816755 -0.0147881 0.576482 
35.3325 -111.604 -0.500303 119.569 -0.020878 -0.830307 -0.0136346 0.556748 
35.4364 -112.042 -0.486064 119.325 -0.0223139 -0.842963 -0.0127272 0.537359 
35.5404 -112.497 -0.470144 119.062 -0.0232088 -0.854531 -0.0120465 0.518742 
35.6444 -112.96 -0.451811 118.769 -0.0235202 -0.864565 -0.011922 0.501829 
35.7486 -113.421 -0.433277 118.447 0.0233149 0.872962 0.011947 -0.487084 
35.8528 -113.899 -0.414091 118.107 0.0224233 0.879642 0.0121517 -0.474951 
35.9571 -114.379 -0.400553 117.749 0.0213759 0.884877 0.011995 -0.46518 
36.0613 -114.876 -0.384654 117.376 0.0207955 0.888866 0.0124336 -0.457527 
36.1657 -115.385 -0.368547 116.989 0.0212408 0.892055 0.012535 -0.451253 
36.2699 -115.907 -0.35118 116.588 0.0218278 0.894811 0.0126097 -0.445733 
36.3742 -116.439 -0.33342 116.171 0.0225314 0.897031 0.0127791 -0.441209 
36.4784 -116.978 -0.314504 115.737 0.0223502 0.89881 0.0132117 -0.437568 
36.5827 -117.527 -0.293981 115.292 0.0221579 0.900385 0.0134648 -0.434321 
36.6869 -118.086 -0.273294 114.835 0.0223483 0.901641 0.0135219 -0.431695 
36.7911 -118.66 -0.251332 114.366 0.0228131 0.902567 0.0134747 -0.429733 
36.8952 -119.24 -0.228354 113.887 0.0234603 0.903236 0.0134679 -0.42829 
36.9995 -119.835 -0.204377 113.395 0.0236665 0.903543 0.0134219 -0.427633 
37.1035 -120.439 -0.181612 112.893 0.0236698 0.903761 0.0131036 -0.427181 
37.2077 -121.057 -0.157509 112.381 0.0236112 0.903992 0.0126264 -0.42671 
37.3118 -121.687 -0.132212 111.858 0.0236897 0.904171 0.0119825 -0.426346 
37.4159 -122.328 -0.105071 111.322 0.0239151 0.904393 0.0122836 -0.425853 
37.52 -122.97 -0.0753563 110.773 0.0238225 0.904646 0.0136028 -0.425281 
37.6242 -123.626 -0.0473664 110.213 0.0238281 0.904975 0.0148832 -0.424536 
37.7281 -124.285 -0.0186765 109.65 0.0239303 0.905285 0.0149421 -0.423867 
37.8323 -124.956 0.0111099 109.08 0.0238495 0.905585 0.0137513 -0.423271 
37.9363 -125.637 0.0422184 108.501 0.0239726 0.90583 0.01289 -0.422767 
38.0403 -126.332 0.0713343 107.914 0.02485 0.906096 0.0121708 -0.422165 
38.1443 -127.037 0.0992912 107.318 0.0259727 0.906321 0.0116059 -0.421632 
38.2483 -127.745 0.125042 106.713 0.0253831 0.906676 0.0105068 -0.420932 
38.3523 -128.462 0.148435 106.101 0.02445 0.907008 0.00868987 -0.420312 
38.4562 -129.186 0.166941 105.482 0.0228818 0.907281 0.00711105 -0.419841 
38.5602 -129.919 0.183594 104.852 0.0214941 0.907268 0.00736798 -0.419939 
38.6641 -130.662 0.1979 104.215 0.0211558 0.907237 0.00839039 -0.420004 
38.7681 -131.413 0.21447 103.574 0.0214263 0.907239 0.00991959 -0.419953 
38.872 -132.165 0.231887 102.939 0.0224632 0.907236 0.0108896 -0.41988 
38.976 -132.923 0.251366 102.303 0.0235665 0.90725 0.0114879 -0.419774 
39.0799 -133.68 0.270299 101.668 0.0240625 0.907271 0.011804 -0.419692 
39.1839 -134.436 0.29001 101.03 0.0243626 0.907268 0.0118915 -0.419677 
39.2878 -135.189 0.31065 100.39 0.0236889 0.907326 0.0123001 -0.41958 
39.3918 -135.946 0.329842 99.7511 0.0238633 0.907316 0.0128086 -0.419577 
39.4958 -136.71 0.347864 99.1085 0.0239719 0.907342 0.0135683 -0.419491 
39.5996 -137.469 0.368016 98.4694 0.0243109 0.907361 0.014014 -0.419414 
39.7036 -138.227 0.389982 97.8278 0.0243623 0.907496 0.0139567 -0.419121 
39.8079 -138.99 0.414807 97.1827 0.0245558 0.90764 0.0132631 -0.418821 
39.9113 -139.748 0.434391 96.5461 0.0247162 0.90786 0.0129011 -0.418345 
40.0153 -140.511 0.452956 95.9042 0.0249902 0.908035 0.0129012 -0.417948 
40.1191 -141.266 0.47261 95.2626 0.0246926 0.908258 0.0129387 -0.417481 
40.223 -142.021 0.491274 94.6204 0.0242395 0.908419 0.0127808 -0.417161 
40.3269 -142.77 0.511181 93.9789 0.0237031 0.908559 0.0124767 -0.416897 
40.4308 -143.529 0.527413 93.337 0.0232776 0.908539 0.0125605 -0.416961 
40.535 -144.286 0.544563 92.6907 0.0219324 0.908514 0.0135417 -0.41706 
40.6387 -145.041 0.561296 92.0489 0.0213173 0.908293 0.0139376 -0.417558 
40.7425 -145.794 0.577964 91.4105 0.0205522 0.908033 0.0134953 -0.418176 
40.8464 -146.548 0.593759 90.774 0.0193244 0.907667 0.0130673 -0.419042 
40.9504 -147.307 0.608649 90.1393 0.0196368 0.907265 0.0127519 -0.419906 
41.0546 -148.07 0.625037 89.5032 0.020693 0.906964 0.0135124 -0.420482 
41.1582 -148.833 0.64681 88.8715 0.0230562 0.906584 0.0152501 -0.421118 
41.2625 -149.601 0.671683 88.237 0.0257438 0.906266 0.0177244 -0.42155 
41.3659 -150.359 0.696756 87.6068 0.0264931 0.90609 0.0188701 -0.421832 
41.4698 -151.113 0.725626 86.9781 0.02556 0.906091 0.0165955 -0.421985 
41.5736 -151.867 0.753953 86.3499 0.0244375 0.906145 0.0144114 -0.422016 
41.6774 -152.622 0.780696 85.7189 0.0245259 0.906102 0.0141528 -0.42211 
41.7812 -153.379 0.803951 85.0854 0.0248568 0.906107 0.0157957 -0.422021 
41.8851 -154.132 0.828824 84.4568 0.0256826 0.906121 0.0165365 -0.421915 
41.9888 -154.882 0.853667 83.8321 0.0258335 0.906275 0.0154629 -0.421614 
42.0927 -155.629 0.879699 83.2061 0.0256598 0.906478 0.0145165 -0.421223 
42.1964 -156.374 0.905655 82.5791 0.0255886 0.906642 0.0150895 -0.420853 
42.3002 -157.119 0.932452 81.9515 0.0266983 0.906728 0.0168369 -0.420532 
42.4041 -157.861 0.961836 81.3267 0.0277018 0.906847 0.0184829 -0.420142 
42.5078 -158.603 0.992066 80.7035 0.02836 0.906988 0.018254 -0.419804 
42.6116 -159.336 1.02207 80.0838 0.0285548 0.907172 0.0174134 -0.419429 
42.7153 -160.059 1.04991 79.4646 0.0283876 0.907312 0.0163886 -0.419178 
42.8192 -160.78 1.0775 78.8443 0.0272164 0.907333 0.0162673 -0.419215 
42.9229 -161.5 1.1027 78.2249 0.0259894 0.907123 0.0166202 -0.419734 
43.0269 -162.221 1.12846 77.6086 0.0252503 0.906991 0.0166607 -0.420062 
43.1305 -162.94 1.1543 76.9941 0.0245209 0.906829 0.017105 -0.420437 
43.2344 -163.659 1.17985 76.3822 0.0238536 0.906669 0.0175329 -0.420803 
43.3383 -164.377 1.20595 75.7743 0.0242888 0.906503 0.0176322 -0.42113 
43.4421 -165.093 1.23144 75.1702 0.0236589 0.906416 0.0171467 -0.421374 
43.5459 -165.808 1.25702 74.5664 0.0230111 0.906265 0.0167778 -0.421751 
43.6498 -166.525 1.28206 73.9671 0.0234978 0.906152 0.0165592 -0.421975 
43.7537 -167.242 1.30658 73.3721 0.0250733 0.905949 0.0165303 -0.422321 
43.8575 -167.955 1.33011 72.7784 0.0257094 0.905878 0.0167192 -0.422427 
43.9613 -168.668 1.35105 72.1911 0.0251466 0.905818 0.0154685 -0.422638 
44.0652 -169.381 1.37343 71.6127 0.0250127 0.905759 0.0133799 -0.422843 
44.169 -170.084 1.39673 71.0356 0.0250816 0.90556 0.0122199 -0.423299 
44.2728 -170.783 1.40573 70.468 0.0237585 0.905398 0.0133864 -0.423687 
44.3767 -171.472 1.41617 69.9057 0.0236903 0.905344 0.014178 -0.423781 
44.4805 -172.159 1.42557 69.3526 0.0236649 0.905392 0.0141941 -0.423679 
44.5843 -172.83 1.43689 68.8075 0.0235608 0.90544 0.0138269 -0.423593 
44.6882 -173.494 1.44836 68.27 0.0237412 0.905428 0.0136433 -0.423615 
44.7922 -174.145 1.46008 67.7391 0.0235089 0.905458 0.0136995 -0.423563 
44.8959 -174.786 1.47042 67.216 0.0231204 0.905442 0.0140528 -0.423607 
44.9997 -175.419 1.48274 66.6981 0.0230545 0.905494 0.0140711 -0.423498 
45.1035 -176.045 1.49625 66.1883 0.0233663 0.905556 0.0142974 -0.423342 
45.2073 -176.664 1.51043 65.6842 0.0238942 0.905581 0.0152 -0.423227 
45.3112 -177.274 1.52513 65.1854 0.0245718 0.905597 0.0160997 -0.42312 
45.4152 -177.868 1.53802 64.6893 0.0254592 0.905575 0.0166933 -0.423091 
45.5189 -178.445 1.55033 64.1974 0.0263422 0.905626 0.0169409 -0.42292 
45.623 -179.008 1.56193 63.7122 0.0273988 0.90566 0.0168479 -0.422782 
45.7265 -179.561 1.5754 63.2407 0.0279377 0.905758 0.0166005 -0.422548 
45.8311 -180.1 1.58648 62.7652 0.0278085 0.905961 0.0168754 -0.422109 
45.9343 -180.625 1.60013 62.3114 0.0285653 0.906184 0.0164952 -0.421595 
46.0382 -181.142 1.61195 61.8606 0.0290679 0.906714 0.0155136 -0.420458 
46.142 -181.649 1.62386 61.4196 0.0300818 0.907646 0.014399 -0.418409 
46.2459 -182.142 1.63524 60.98 0.0312484 0.909024 0.0134699 -0.415352 
46.3497 -182.622 1.64854 60.5453 0.0324664 0.911088 0.0127206 -0.410734 
46.4534 -183.089 1.66224 60.1103 0.0336858 0.913457 0.0124401 -0.405349 
46.5572 -183.537 1.67361 59.6725 0.0345774 0.91618 0.0121757 -0.399088 
46.661 -183.975 1.68544 59.2357 0.035839 0.919414 0.0118982 -0.391474 
46.7645 -184.405 1.69875 58.8012 0.0377255 0.923217 0.0109971 -0.382264 
46.8683 -184.812 1.7137 58.3607 0.0394777 0.927462 0.0101786 -0.371689 
46.9719 -185.198 1.73258 57.912 0.0401079 0.932262 0.0102311 -0.359408 
47.0756 -185.549 1.74951 57.4583 0.0394271 0.937426 0.0110763 -0.345768 
47.1792 -185.88 1.7679 57.0003 0.0381611 0.942744 0.0122099 -0.331101 
47.2829 -186.187 1.78499 56.5376 0.0366841 0.948285 0.0132676 -0.315014 
47.3865 -186.455 1.80753 56.0661 0.0356338 0.953994 0.0141008 -0.297368 
47.4902 -186.715 1.82665 55.5968 0.0360671 0.959862 0.0148599 -0.277746 
47.5939 -186.945 1.84288 55.1256 0.0340567 0.965939 0.0156066 -0.256042 
47.6974 -187.121 1.85641 54.6476 0.0304031 0.971775 0.0157491 -0.233411 
47.8012 -187.284 1.87022 54.1709 0.0244689 0.977077 0.0157376 -0.210888 
47.9049 -187.423 1.88329 53.6942 0.0200336 0.981797 0.0152998 -0.188251 
48.0086 -187.526 1.88742 53.2131 0.0164338 0.986117 0.0141222 -0.164634 
48.1123 -187.631 1.89336 52.7371 0.0153678 0.989914 0.0131256 -0.140217 
48.2161 -187.691 1.90032 52.2528 0.0149647 0.993125 0.0132004 -0.115347 
48.3198 -187.749 1.90134 51.7723 0.0150126 0.995683 0.0138528 -0.0905438 
48.4236 -187.772 1.90078 51.291 0.0116153 0.997661 0.0157457 -0.0654951 
48.5274 -187.741 1.90161 50.8034 0.00648898 0.998992 0.0186307 -0.0403241 
48.6312 -187.716 1.90391 50.3304 0.00472061 0.999661 0.0207233 -0.0150245 
48.7349 -187.683 1.90958 49.8672 0.00675967 0.999714 0.0201858 0.0109126 
48.8388 -187.605 1.91388 49.4038 0.01098 0.99908 0.0193636 0.0366633 
48.9425 -187.52 1.91607 48.9547 0.0127376 0.997821 0.0181684 0.0621327 
49.0464 -187.386 1.91604 48.5087 0.0133989 0.995938 0.0175419 0.0872994 
49.1503 -187.245 1.9195 48.0832 0.0129513 0.993472 0.0163019 0.11216 
49.254 -187.092 1.92192 47.6676 0.0138703 0.99034 0.0151573 0.137133 
49.3579 -186.905 1.92513 47.2498 0.0164299 0.986464 0.0152042 0.162443 
49.4618 -186.714 1.92272 46.8409 0.0181673 0.982323 0.0147418 0.185725 
49.5658 -186.478 1.91755 46.4306 0.0158866 0.97795 0.0152177 0.207676 
49.6698 -186.243 1.91064 46.025 0.0142772 0.973332 0.017197 0.22831 
49.7738 -186 1.90686 45.6206 0.0151865 0.968743 0.0194264 0.246837 
49.878 -185.744 1.9049 45.2175 0.0170365 0.964356 0.0213028 0.263199 
49.9822 -185.476 1.90348 44.8249 0.0171375 0.960264 0.0217227 0.277719 
50.0864 -185.19 1.90399 44.4335 0.0163642 0.956552 0.0220647 0.290264 
50.1907 -184.898 1.90617 44.0442 0.0156642 0.953383 0.0214519 0.300591 
50.2951 -184.597 1.90834 43.6515 0.0153519 0.95074 0.0210728 0.308891 
50.3993 -184.287 1.90881 43.2572 0.014803 0.94858 0.0206395 0.315517 
50.5037 -183.969 1.90916 42.859 0.0139411 0.946861 0.0198084 0.320731 
50.608 -183.643 1.91109 42.4564 0.0130953 0.945473 0.0184455 0.324915 
50.7124 -183.313 1.91491 42.0461 0.0137839 0.94427 0.0177154 0.328405 
50.8167 -182.973 1.92129 41.6286 0.0145823 0.943309 0.017732 0.331122 
50.9209 -182.625 1.92857 41.2043 0.0165512 0.942548 0.018055 0.333171 
51.0253 -182.261 1.93349 40.7774 0.0154187 0.941983 0.0172805 0.334861 
51.1295 -181.887 1.93648 40.3447 0.0137396 0.941593 0.0157916 0.336101 
51.2338 -181.501 1.94476 39.8949 0.0120664 0.941364 0.0152283 0.336831 
51.338 -181.117 1.95283 39.4325 0.0129896 0.941188 0.0160304 0.337253 
51.4422 -180.727 1.95428 38.9518 0.0154995 0.941147 0.0169899 0.337215 
51.5464 -180.327 1.95101 38.4615 0.0159332 0.941307 0.0170447 0.336744 
51.6505 -179.912 1.94847 37.9651 0.0144577 0.941482 0.0144384 0.336443 
51.7546 -179.493 1.95089 37.4591 0.0151758 0.941602 0.0109279 0.336208 
51.8588 -179.064 1.95048 36.9374 0.0154557 0.94174 0.00843019 0.335879 
51.9628 -178.624 1.94689 36.3942 0.0167591 0.941836 0.00887664 0.335536 
52.0669 -178.162 1.94215 35.8492 0.0155884 0.941891 0.00976214 0.335415 
52.171 -177.684 1.93763 35.2962 0.012355 0.941969 0.00992168 0.335327 
52.275 -177.2 1.92967 34.7269 0.0102159 0.941925 0.00997748 0.335519 
52.379 -176.711 1.92319 34.1427 0.00976638 0.941845 0.010411 0.335744 
52.4832 -176.208 1.92257 33.5389 0.00904587 0.94185 0.0118961 0.3357 
52.5872 -175.696 1.92374 32.9221 0.00877843 0.941934 0.01406 0.335388 
52.6912 -175.172 1.92218 32.2967 0.00713931 0.941901 0.0146186 0.335496 
52.7951 -174.639 1.92144 31.665 0.00581479 0.941837 0.0130478 0.335768 
52.8992 -174.105 1.9271 31.022 0.00695476 0.941772 0.0114472 0.335985 
53.0032 -173.559 1.93301 30.3633 0.00812677 0.941583 0.0120834 0.336466 
53.1072 -173.002 1.93837 29.696 0.00797048 0.941591 0.0151994 0.33632 
53.2112 -172.438 1.94584 29.0236 0.00919221 0.941561 0.0169792 0.336289 
53.3152 -171.867 1.95141 28.3468 0.00987408 0.941457 0.0170888 0.336555 
53.4192 -171.288 1.95628 27.6606 0.0120466 0.941402 0.0159377 0.336696 
53.5232 -170.709 1.95869 26.9633 0.0147337 0.941336 0.0144717 0.336839 
53.627 -170.123 1.95106 26.2593 0.0154389 0.941383 0.0134222 0.336719 
53.731 -169.531 1.94328 25.5462 0.0151655 0.941599 0.0127986 0.336151 
53.8351 -168.934 1.93667 24.8236 0.0142364 0.941743 0.0139585 0.335741 
53.9389 -168.337 1.92961 24.0978 0.0132454 0.941861 0.0153302 0.335392 
54.0429 -167.743 1.92189 23.3687 0.0133942 0.942016 0.0168742 0.334875 
54.1468 -167.159 1.91434 22.6392 0.0155414 0.942062 0.018401 0.334574 
54.2508 -166.582 1.90878 21.9087 0.0188834 0.942113 0.0200231 0.334163 
54.3547 -166 1.90807 21.1796 0.0200231 0.942152 0.0221274 0.333854 
54.4587 -165.413 1.91419 20.4484 0.0206088 0.942159 0.0254028 0.333565 
54.5625 -164.835 1.92383 19.7147 0.0211559 0.9421 0.028904 0.333414 
54.6664 -164.257 1.93408 18.9925 0.0223244 0.942178 0.0286543 0.333139 
54.7704 -163.678 1.94035 18.2802 0.0226872 0.942417 0.0246501 0.332757 
54.8743 -163.105 1.94164 17.5739 0.0242056 0.942719 0.0202748 0.332091 
54.9785 -162.525 1.94275 16.8568 0.0250303 0.942905 0.0185516 0.331601 
55.082 -161.951 1.93928 16.1439 0.0245731 0.943086 0.0199416 0.331039 
55.1859 -161.377 1.93652 15.4291 0.0244091 0.943214 0.0213171 0.330602 
55.2908 -160.803 1.93571 14.7121 0.0242331 0.943355 0.0220423 0.330164 
55.3937 -160.242 1.93658 14.0138 0.0227738 0.943925 0.0217421 0.328656 
55.4977 -159.682 1.93605 13.3035 0.0210344 0.945044 0.0211819 0.325578 
55.6017 -159.134 1.93503 12.591 0.0199647 0.946531 0.0211285 0.3213 
55.7057 -158.603 1.93907 11.8759 0.0202941 0.94836 0.0209688 0.315852 
55.8097 -158.088 1.94555 11.1536 0.020921 0.950623 0.0215515 0.308892 
55.9138 -157.593 1.95216 10.4231 0.02232 0.953272 0.0232958 0.300386 
56.0179 -157.108 1.9581 9.68599 0.0227225 0.956221 0.0255128 0.290646 
56.1221 -156.653 1.968 8.94091 0.0237094 0.95965 0.0262685 0.278963 
56.2262 -156.214 1.98136 8.18748 0.0256562 0.963417 0.0269508 0.265412 
56.3305 -155.811 2.00267 7.41973 0.0270651 0.967413 0.0277916 0.250213 
56.4347 -155.434 2.02077 6.64052 0.0282914 0.971366 0.028708 0.234144 
56.5389 -155.074 2.03955 5.85425 0.0294202 0.975048 0.0282803 0.21821 
56.643 -154.755 2.05596 5.06672 0.0314017 0.978541 0.02466 0.202146 
56.7473 -154.451 2.07072 4.27582 0.0330845 0.981843 0.0196053 0.185759 
56.8514 -154.18 2.07678 3.47526 0.0317536 0.984904 0.0161051 0.169398 
56.9556 -153.919 2.08146 2.66028 0.0293593 0.987594 0.0154953 0.153482 
57.0596 -153.691 2.08108 1.83608 0.0282388 0.989766 0.0154194 0.139027 
57.1636 -153.486 2.08268 1.0043 0.028754 0.991481 0.0149435 0.126156 
57.2675 -153.295 2.08896 0.164283 0.0307428 0.99278 0.0137337 0.115128 
57.3713 -153.117 2.09466 -0.68492 0.0304926 0.993855 0.0140898 0.105471 
57.4751 -152.946 2.09919 -1.55102 0.0283976 0.994852 0.0169213 0.0957997 
57.5791 -152.794 2.10806 -2.42235 0.0282422 0.995682 0.0184436 0.0864805 
57.6829 -152.659 2.12098 -3.30185 0.0282949 0.996422 0.0181902 0.0775335 
57.7867 -152.535 2.12999 -4.18441 0.0278249 0.997083 0.0159995 0.0692516 
57.8906 -152.422 2.14523 -5.08177 0.0291716 0.997538 0.0145415 0.0620946 
57.9949 -152.324 2.16454 -6.00344 0.0321221 0.997743 0.0156906 0.0568482 
58.0981 -152.23 2.18452 -6.93267 0.0346927 0.997749 0.0211029 0.0533593 
58.2019 -152.134 2.20803 -7.87566 0.036211 0.997675 0.0257686 0.051656 
58.3054 -152.035 2.23657 -8.81843 0.03598 0.997716 0.026055 0.0508779 
58.4092 -151.931 2.26438 -9.76727 0.0345345 0.997836 0.0244051 0.0503538 
58.5128 -151.822 2.2905 -10.7234 0.0320241 0.997989 0.0223146 0.049945 
58.6166 -151.705 2.31481 -11.6965 0.0278616 0.998155 0.0207543 0.0498041 
58.7204 -151.591 2.34025 -12.686 0.0252727 0.99822 0.0208313 0.0498326 
58.824 -151.48 2.36623 -13.6844 0.0241163 0.998207 0.0218505 0.0502396 
58.9278 -151.368 2.39074 -14.6894 0.0229247 0.998191 0.0228201 0.0506712 
59.0317 -151.254 2.4193 -15.7097 0.0227937 0.99816 0.0229081 0.0512973 
59.1354 -151.138 2.44625 -16.73 0.0218329 0.998153 0.0225393 0.0520194 
59.2392 -151.018 2.47175 -17.7606 0.0209435 0.99817 0.0214968 0.0524922 
59.3431 -150.899 2.49535 -18.7945 0.0200324 0.998186 0.020522 0.0529274 
59.4468 -150.779 2.51621 -19.8363 0.0184272 0.998232 0.0199607 0.0528679 
59.5507 -150.658 2.53108 -20.8846 0.0171501 0.998285 0.020049 0.0522493 
59.6546 -150.542 2.54692 -21.9352 0.0163868 0.998332 0.0203753 0.0514787 
59.7584 -150.429 2.56291 -22.9878 0.0161648 0.998368 0.0206028 0.0507532 
59.8625 -150.317 2.58052 -24.0396 0.0157383 0.998405 0.0209118 0.0500219 
59.966 -150.21 2.60225 -25.0939 0.0157612 0.998424 0.0214651 0.0494085 
60.0697 -150.101 2.62484 -26.1481 0.0155072 0.998419 0.0227953 0.0489904 
60.1735 -149.995 2.65207 -27.1987 0.0150703 0.998425 0.023642 0.0485892 
60.2772 -149.892 2.67734 -28.2432 0.0146366 0.998473 0.0230785 0.0480158 
60.3811 -149.79 2.70372 -29.2848 0.0144813 0.99852 0.0219177 0.0476141 
60.4848 -149.688 2.72749 -30.3262 0.0141685 0.998557 0.0212125 0.0472585 
60.5885 -149.588 2.74937 -31.3652 0.0139482 0.998583 0.0212683 0.0467518 
60.6926 -149.489 2.77205 -32.4061 0.0135005 0.998617 0.0217614 0.0459213 
60.797 -149.393 2.79829 -33.4488 0.0129017 0.998672 0.0223382 0.0446017 
60.9002 -149.3 2.82291 -34.4724 0.0123803 0.998732 0.0227491 0.0431719 
61.0039 -149.212 2.84779 -35.5003 0.012061 0.998814 0.0220429 0.041704 
61.1077 -149.125 2.87215 -36.5257 0.011545 0.998887 0.0218056 0.0401944 
61.2116 -149.039 2.8933 -37.5499 0.0110879 0.998942 0.0222991 0.0386632 
61.3153 -148.957 2.9149 -38.5707 0.0109542 0.998974 0.0231986 0.0373259 
61.4192 -148.881 2.93685 -39.5889 0.0112207 0.999006 0.0239018 0.0359268 
61.523 -148.81 2.95889 -40.6028 0.0115758 0.99904 0.0240031 0.0347678 
61.6268 -148.735 2.98085 -41.6118 0.011464 0.999086 0.0237563 0.033645 
61.731 -148.664 3.0029 -42.6214 0.0119956 0.999124 0.0231867 0.0326995 
61.8345 -148.593 3.02728 -43.6216 0.0116192 0.999151 0.0232167 0.0319829 
61.9384 -148.518 3.05498 -44.6255 0.0109367 0.999171 0.0235441 0.0313611 
62.0421 -148.444 3.0791 -45.6222 0.0105321 0.9992 0.023002 0.0309759 
62.1459 -148.369 3.10206 -46.6139 0.0103536 0.999257 0.0209223 0.0306788 
62.2499 -148.296 3.12221 -47.6026 0.00988819 0.9993 0.0191949 0.0305543 
62.3537 -148.226 3.14281 -48.5907 0.0100789 0.999296 0.0189903 0.0307419 
62.4574 -148.156 3.15972 -49.5761 0.0105058 0.999283 0.0190081 0.0309991 
62.5613 -148.085 3.1753 -50.5584 0.0113421 0.999248 0.0197684 0.031379 
62.6653 -148.013 3.1894 -51.5384 0.0124009 0.999208 0.020418 0.0318213 
62.7691 -147.942 3.20579 -52.5118 0.012806 0.999178 0.0208718 0.0323198 
62.8728 -147.87 3.2197 -53.4797 0.0131224 0.999152 0.0211922 0.0327682 
62.9767 -147.798 3.2319 -54.4485 0.012636 0.999136 0.0214401 0.0332801 
63.0807 -147.724 3.24353 -55.4135 0.0125563 0.999135 0.0208822 0.0336829 
63.1845 -147.653 3.25726 -56.3728 0.0136175 0.999104 0.0202836 0.0345478 
63.2882 -147.58 3.27031 -57.3302 0.0143101 0.999052 0.019811 0.0360142 
63.3921 -147.5 3.2824 -58.2811 0.0137145 0.999015 0.0194623 0.0374361 
63.4958 -147.421 3.29139 -59.2293 0.013646 0.998984 0.0188035 0.0386184 
63.5997 -147.341 3.301 -60.1716 0.0138102 0.998948 0.0184935 0.0396365 
63.7036 -147.26 3.31093 -61.108 0.013417 0.99893 0.0185941 0.0401707 
63.8074 -147.178 3.31745 -62.0374 0.0125748 0.99891 0.0197154 0.0403884 
63.9114 -147.099 3.32462 -62.9565 0.0121511 0.998907 0.0206994 0.0401193 
64.0158 -147.022 3.33251 -63.8691 0.0120122 0.998916 0.0212636 0.0396402 
64.1195 -146.946 3.34145 -64.7616 0.0113171 0.998947 0.021385 0.0389932 
64.2234 -146.874 3.35095 -65.6419 0.010674 0.998997 0.0212512 0.0379466 
64.3274 -146.805 3.36279 -66.5073 0.0101854 0.999066 0.021428 0.0361225 
64.4314 -146.741 3.37614 -67.3578 0.0102808 0.999157 0.0216239 0.0333602 
64.5356 -146.684 3.38786 -68.189 0.0105619 0.999264 0.0216568 0.0298333 
64.6396 -146.637 3.40087 -68.9992 0.0114962 0.999359 0.02187 0.0259096 
64.7436 -146.602 3.40996 -69.7869 0.0126589 0.99942 0.0226798 0.022002 
64.8476 -146.575 3.41601 -70.551 0.0143502 0.999473 0.0228306 0.0180789 
64.9515 -146.552 3.42136 -71.2894 0.0152116 0.999512 0.0232029 0.01433 
65.0555 -146.53 3.42628 -72.0034 0.0159108 0.99954 0.0235197 0.0106137 
65.1595 -146.515 3.43094 -72.6894 0.0163475 0.999565 0.0234594 0.00717074 
65.2635 -146.506 3.43651 -73.3485 0.0170195 0.999576 0.0232908 0.0040011 
65.3675 -146.499 3.44318 -73.9819 0.0174551 0.99958 0.0231136 0.00102641 
65.4715 -146.496 3.45119 -74.5886 0.018027 0.999575 0.0228486 -0.0016865 
65.5753 -146.5 3.45467 -75.1677 0.0190761 0.999556 0.0225005 -0.00409104 
65.6793 -146.509 3.45826 -75.7243 0.0199385 0.999511 0.0232331 -0.00636483 
65.7833 -146.52 3.46068 -76.2492 0.0201993 0.999467 0.0242279 -0.00838712 
65.8873 -146.531 3.46495 -76.745 0.0206413 0.999429 0.0246884 -0.0102649 
65.9912 -146.546 3.46909 -77.2084 0.0208525 0.9994 0.0250003 -0.0118 
66.0953 -146.562 3.47498 -77.6445 0.021584 0.999361 0.0253301 -0.0130419 
66.1991 -146.583 3.4811 -78.0456 0.0227094 0.999316 0.0256155 -0.013999 
66.3031 -146.598 3.48773 -78.4153 0.0232937 0.999285 0.0259482 -0.0146021 
66.407 -146.615 3.48984 -78.7529 0.0231734 0.999271 0.026511 -0.0147613 
66.5129 -146.627 3.49233 -79.0606 0.0226677 0.999279 0.0267537 -0.0145367 
66.6148 -146.636 3.49339 -79.3269 0.021966 0.99931 0.0264773 -0.0139986 
66.7188 -146.644 3.49677 -79.5719 0.0211043 0.999348 0.0261674 -0.0131384 
66.8241 -146.65 3.50177 -79.7972 0.0203061 0.999389 0.0258279 -0.0119043 
66.9268 -146.657 3.5074 -79.9988 0.0197853 0.99943 0.0252056 -0.0106655 
67.0316 -146.661 3.51341 -80.1958 0.019636 0.99948 0.023861 -0.00924035 
67.1346 -146.664 3.52379 -80.3847 0.0198835 0.999509 0.0228169 -0.00808501 
67.2385 -146.663 3.53197 -80.5699 0.0203098 0.999511 0.0227164 -0.00697027 
67.3425 -146.656 3.54443 -80.7462 0.0198798 0.999516 0.0232151 -0.00583056 
67.4465 -146.645 3.5533 -80.9115 0.01892 0.999536 0.0234299 -0.00461675 
67.5503 -146.631 3.56208 -81.0616 0.0180298 0.999565 0.0231001 -0.00324271 
67.6543 -146.626 3.56835 -81.2022 0.0183264 0.999574 0.0226693 -0.00141801 
67.7582 -146.624 3.57464 -81.3349 0.0189425 0.999571 0.0223021 0.000899061 
67.8622 -146.617 3.58025 -81.4609 0.0191458 0.999567 0.0220618 0.00359337 
67.9661 -146.606 3.58643 -81.58 0.018577 0.999561 0.0220329 0.00689127 
68.0702 -146.591 3.59161 -81.6918 0.0175742 0.999547 0.0219249 0.0107746 
68.174 -146.574 3.59594 -81.7961 0.016548 0.999513 0.0220439 0.0146549 
68.2779 -146.554 3.59901 -81.888 0.015886 0.999455 0.0225411 0.0181615 
68.3818 -146.537 3.6016 -81.9641 0.0151986 0.999396 0.0227955 0.0213561 
68.4859 -146.522 3.60513 -82.0254 0.014831 0.999346 0.0228895 0.0237619 
68.59 -146.51 3.60787 -82.0727 0.0149043 0.999302 0.0224786 0.025851 
68.694 -146.499 3.61089 -82.1081 0.0148406 0.999265 0.0222605 0.0274616 
68.798 -146.49 3.61236 -82.1331 0.0149606 0.999232 0.0222907 0.0285554 
68.9021 -146.481 3.6149 -82.1479 0.0147327 0.999214 0.0219653 0.0295244 
69.006 -146.475 3.61656 -82.1547 0.0145955 0.999201 0.0220642 0.0299569 
69.1108 -146.47 3.61871 -82.1516 0.0145674 0.999203 0.0221068 0.029881 
69.2142 -146.468 3.61843 -82.1445 0.014935 0.999207 0.0216677 0.02987 
69.3182 -146.467 3.61749 -82.1429 0.0151516 0.999213 0.0210557 0.0300077 
69.4223 -146.469 3.61924 -82.146 0.0150289 0.999222 0.020886 0.0298778 
69.5263 -146.474 3.62142 -82.1485 0.0149065 0.999217 0.0210927 0.0299838 
69.6303 -146.478 3.62234 -82.1481 0.0149194 0.999219 0.0208859 0.0300576 
69.7343 -146.481 3.62628 -82.1469 0.0150173 0.999219 0.0208798 0.0300034 
69.8384 -146.484 3.63096 -82.1459 0.0150067 0.999211 0.021103 0.0301079 
69.9433 -146.485 3.63567 -82.1443 0.0150152 0.999214 0.0209621 0.0301245 
70.0473 -146.486 3.6422 -82.1434 0.0150504 0.99921 0.0209523 0.0302191 
70.1505 -146.487 3.64641 -82.1448 0.0150627 0.999207 0.0210527 0.0302551 
70.2545 -146.49 3.65091 -82.1465 0.0150875 0.999206 0.0210437 0.0302891 
70.3584 -146.49 3.6531 -82.1473 0.0151539 0.999202 0.0210173 0.030395 
70.4625 -146.493 3.66085 -82.151 0.0151885 0.9992 0.0209907 0.0304701 
70.5665 -146.494 3.66612 -82.1526 0.0152444 0.999196 0.0210505 0.0305241 
70.6706 -146.495 3.67267 -82.1546 0.015269 0.999193 0.0210383 0.0306088 
70.7745 -146.495 3.67704 -82.1554 0.0152852 0.999192 0.0210381 0.0306441 
70.8786 -146.496 3.68293 -82.1566 0.0153029 0.999188 0.0210465 0.030759 
70.9825 -146.494 3.68657 -82.1561 0.01534 0.999183 0.0210574 0.0309063 
71.0867 -146.494 3.69259 -82.1566 0.0154292 0.999178 0.0210492 0.0310269 
71.1907 -146.493 3.69769 -82.1552 0.0154828 0.999171 0.0210099 0.031238 
71.2947 -146.49 3.70398 -82.1518 0.0155514 0.999164 0.0210092 0.031427 
71.3988 -146.488 3.71127 -82.1484 0.0155938 0.999155 0.0209816 0.0317076 
71.503 -146.486 3.71733 -82.1454 0.0156705 0.999149 0.0209898 0.0318562 
71.6069 -146.487 3.7214 -82.143 0.0157112 0.999149 0.0209829 0.0318467 
71.711 -146.487 3.72538 -82.1409 0.0157757 0.999146 0.0210181 0.0318733 
71.8177 -146.488 3.73022 -82.1384 0.0157556 0.999143 0.0210279 0.031986 
71.919 -146.487 3.73376 -82.1363 0.015789 0.999142 0.0210002 0.0320237 
72.0231 -146.487 3.7363 -82.1351 0.015862 0.99914 0.0210106 0.0320491 
72.127 -146.486 3.73715 -82.1336 0.01595 0.999134 0.0210083 0.0321677 
72.232 -146.488 3.73818 -82.1333 0.0159956 0.999133 0.0210393 0.0321545 
72.3351 -146.488 3.73974 -82.1325 0.0159871 0.999131 0.0209985 0.032246 
72.4392 -146.489 3.74396 -82.133 0.0160156 0.99913 0.0210056 0.0322842 
72.5432 -146.489 3.74681 -82.1332 0.0160132 0.999128 0.0210266 0.0323234 
72.6472 -146.489 3.74973 -82.1335 0.0160396 0.999125 0.0210593 0.0323824 
72.7512 -146.488 3.75197 -82.1332 0.0160603 0.99912 0.021067 0.0325056 
72.8552 -146.486 3.75673 -82.1336 0.0160743 0.999117 0.0210546 0.0326265 
72.9592 -146.485 3.76039 -82.1335 0.0160729 0.999114 0.021096 0.0326904 
73.0633 -146.485 3.76269 -82.1336 0.0161389 0.999112 0.0210982 0.0326955 
73.1675 -146.485 3.76325 -82.1338 0.0161766 0.999109 0.0210996 0.032771 
73.2717 -146.485 3.76344 -82.1335 0.0161348 0.99911 0.0211147 0.0327552 
73.3753 -146.485 3.76435 -82.1334 0.0161486 0.99911 0.0211201 0.0327603 
73.4794 -146.485 3.76583 -82.133 0.0161656 0.999109 0.0211521 0.032741 
73.5835 -146.48 3.76976 -82.1337 0.0161121 0.999109 0.021151 0.032789 
73.6876 -146.476 3.77264 -82.1328 0.0160778 0.999107 0.0211842 0.0328385 
73.7916 -146.473 3.77375 -82.1323 0.01609 0.999107 0.0211353 0.0328483 
73.8957 -146.472 3.77466 -82.1319 0.0161059 0.999106 0.0211496 0.032861 
73.9996 -146.476 3.77507 -82.1328 0.0161004 0.999108 0.0211609 0.032799 
74.1037 -146.477 3.77515 -82.1331 0.0161063 0.999109 0.0211686 0.0327816 
74.2077 -146.477 3.77602 -82.1332 0.0161378 0.999107 0.0211684 0.0328008 
74.3117 -146.476 3.77825 -82.1332 0.0161339 0.999108 0.0211357 0.0328104 
74.4157 -146.506 3.81759 -82.15 0.0161424 0.999107 0.0211777 0.0328182 
74.5198 -146.525 3.84487 -82.162 0.0160931 0.999099 0.0210791 0.0331461 
74.6239 -146.541 3.868 -82.1761 0.0160106 0.999065 0.020851 0.03431 
74.7278 -146.557 3.89186 -82.1956 0.0157633 0.999043 0.0206562 0.0351942 
74.8319 -146.566 3.90878 -82.2173 0.0154857 0.998995 0.0205455 0.0367104 
74.9359 -146.579 3.92728 -82.2456 0.0157206 0.998898 0.0206336 0.0391152 
75.0399 -146.586 3.94028 -82.2754 0.0157291 0.998786 0.0206317 0.041885 
75.1438 -146.591 3.95503 -82.3101 0.0153954 0.998655 0.0206188 0.0450007 
75.2478 -146.588 3.96382 -82.3443 0.0152682 0.998477 0.0206417 0.0488355 
75.3517 -146.588 3.97409 -82.3844 0.0152515 0.998249 0.0205533 0.0533237 
75.4557 -146.582 3.98079 -82.4262 0.0151503 0.997986 0.0205978 0.0580581 
75.5596 -146.578 3.98837 -82.4735 0.0149915 0.997666 0.0206389 0.0633389 
75.6636 -146.567 3.9939 -82.5226 0.0149908 0.997268 0.0206216 0.0693335 
75.7675 -146.552 4.00077 -82.5742 0.0149014 0.996798 0.0205031 0.0758331 
75.8714 -146.533 4.00662 -82.6323 0.0147873 0.996245 0.0200254 0.0829205 
75.9752 -146.507 4.01323 -82.698 0.0145258 0.995566 0.0190002 0.0909789 
76.0791 -146.476 4.0192 -82.7785 0.0139097 0.994768 0.0178921 0.099614 
76.183 -146.445 4.02443 -82.8803 0.013283 0.99385 0.0173649 0.108559 
76.2868 -146.396 4.02932 -82.9878 0.0129044 0.992805 0.0175845 0.117738 
76.3907 -146.351 4.03356 -83.1167 0.0134851 0.991605 0.0182642 0.127292 
76.4951 -146.296 4.03783 -83.2584 0.0142503 0.990159 0.0190501 0.137907 
76.5983 -146.231 4.04099 -83.41 0.0137664 0.988491 0.0196723 0.149365 
76.7021 -146.156 4.04571 -83.5744 0.0129279 0.986583 0.0209622 0.161391 
76.8058 -146.07 4.05195 -83.743 0.0129267 0.984455 0.0219641 0.173778 
76.9097 -145.98 4.05818 -83.921 0.0137571 0.982048 0.0225817 0.186771 
77.0134 -145.88 4.06355 -84.1062 0.0142712 0.979273 0.0238281 0.200632 
77.1171 -145.76 4.07005 -84.2913 0.0146534 0.976012 0.0254512 0.215726 
77.2208 -145.633 4.07634 -84.4845 0.0149138 0.972191 0.0263056 0.23223 
77.3245 -145.491 4.08362 -84.6826 0.015222 0.967665 0.0259045 0.250442 
77.4282 -145.315 4.08972 -84.8808 0.0148295 0.962338 0.0246133 0.270334 
77.5318 -145.125 4.09511 -85.0975 0.0136156 0.956142 0.0232486 0.291663 
77.6354 -144.896 4.10007 -85.3185 0.0134365 0.948869 0.0223011 0.314594 
77.7391 -144.66 4.10992 -85.5649 0.0153079 0.940391 0.0216459 0.33906 
77.8427 -144.396 4.12109 -85.8194 0.0176654 0.931072 0.0203623 0.363838 
77.9465 -144.077 4.12886 -86.0654 0.0186676 0.921196 0.0186812 0.388201 
78.0503 -143.742 4.13447 -86.3272 0.0187646 0.910773 0.018151 0.412082 
78.154 -143.371 4.13769 -86.5914 0.0192991 0.899538 0.0184573 0.436026 
78.2578 -142.947 4.14157 -86.8406 0.0199014 0.887553 0.0193218 0.459869 
78.3616 -142.503 4.14355 -87.088 0.0189376 0.874986 0.0205215 0.483343 
78.4654 -142.01 4.14816 -87.3156 0.0185461 0.861581 0.0227615 0.50677 
78.5693 -141.509 4.15337 -87.5434 0.0192943 0.847303 0.0256364 0.530139 
78.6731 -140.976 4.15626 -87.7514 0.0197674 0.832357 0.0280198 0.553178 
78.7769 -140.392 4.15866 -87.9243 0.0194666 0.817042 0.0296698 0.575485 
78.8808 -139.798 4.16002 -88.0876 0.0191011 0.801686 0.0312427 0.596623 
78.9849 -139.159 4.16217 -88.2199 0.0192944 0.786234 0.0322919 0.616783 
79.0888 -138.509 4.16605 -88.3388 0.0208331 0.771624 0.0325804 0.634902 
79.193 -137.828 4.16887 -88.4333 0.0216818 0.75862 0.0316772 0.650402 
79.2971 -137.113 4.17126 -88.5015 0.0215965 0.747319 0.0303116 0.663423 
79.4013 -136.379 4.17171 -88.5603 0.0220337 0.73809 0.0286986 0.673732 
79.5057 -135.615 4.1699 -88.6075 0.0229446 0.730628 0.0275711 0.681833 
79.6101 -134.825 4.16838 -88.6465 0.023486 0.724683 0.0273474 0.688139 
79.7145 -134.013 4.16476 -88.6761 0.0244802 0.719466 0.0272059 0.693563 
79.8188 -133.18 4.15681 -88.6966 0.0257728 0.714561 0.0268661 0.698581 
79.9231 -132.328 4.14764 -88.7056 0.0277106 0.709423 0.026036 0.703756 
80.0274 -131.453 4.13663 -88.7011 0.0290786 0.704403 0.0246454 0.708776 
80.1317 -130.552 4.12262 -88.6805 0.028412 0.699964 0.02319 0.713236 
80.2359 -129.631 4.10398 -88.6495 0.0267795 0.696551 0.0216398 0.716681 
80.3403 -128.689 4.08479 -88.6121 0.0249414 0.69466 0.0199778 0.718628 
80.4446 -127.724 4.06588 -88.5757 0.024357 0.693785 0.0186897 0.719527 
80.5489 -126.735 4.04821 -88.5405 0.0235761 0.693497 0.0186761 0.719831 
80.6532 -125.721 4.03107 -88.5049 0.0234133 0.693059 0.0194116 0.720239 
80.7573 -124.683 4.01395 -88.4643 0.0234206 0.69203 0.01979 0.721217 
80.8614 -123.629 3.99689 -88.4197 0.0237416 0.690491 0.0200265 0.722673 
80.9655 -122.553 3.97809 -88.3683 0.0239079 0.688807 0.0198235 0.72428 
81.0697 -121.46 3.96035 -88.2943 0.0238003 0.687029 0.0197314 0.725972 
81.1738 -120.35 3.94065 -88.2108 0.0235566 0.685039 0.0194616 0.727866 
81.2778 -119.227 3.92026 -88.1306 0.023009 0.683091 0.0205458 0.729682 
81.3818 -118.087 3.90185 -88.0405 0.0220213 0.68113 0.022221 0.731494 
81.4859 -116.93 3.8833 -87.9487 0.0211568 0.679447 0.0232123 0.733053 
81.5899 -115.761 3.86798 -87.8486 0.0212923 0.678621 0.0230985 0.733816 
81.6941 -114.579 3.84972 -87.7451 0.021668 0.678609 0.0219572 0.733852 
81.7981 -113.384 3.83096 -87.6392 0.0216742 0.678964 0.0216023 0.733534 
81.9022 -112.182 3.81218 -87.5392 0.0210853 0.679182 0.0227601 0.733314 
82.0062 -110.975 3.79184 -87.4387 0.0207172 0.679291 0.0240751 0.733181 
82.1102 -109.775 3.77169 -87.3429 0.0206267 0.679466 0.0250395 0.73299 
82.2142 -108.579 3.75057 -87.2471 0.0204031 0.679586 0.0252744 0.732876 
82.3182 -107.386 3.72674 -87.1468 0.0203974 0.679775 0.0254383 0.732695 
82.4222 -106.198 3.70175 -87.0499 0.0205687 0.679983 0.0247526 0.732521 
82.5262 -105.01 3.67717 -86.953 0.0214126 0.680166 0.0239348 0.732355 
82.6302 -103.821 3.65322 -86.8597 0.0215039 0.680302 0.0237789 0.73223 
82.734 -102.632 3.62873 -86.764 0.0203287 0.680491 0.0242414 0.732073 
82.8381 -101.445 3.60724 -86.6722 0.0195533 0.680675 0.0251155 0.731894 
82.9421 -100.262 3.5887 -86.572 0.0198407 0.680771 0.0243798 0.731822 
83.046 -99.0844 3.56943 -86.4807 0.0209589 0.680905 0.0239839 0.731679 
83.1499 -97.9101 3.5475 -86.3863 0.0214669 0.680966 0.0235263 0.731622 
83.254 -96.7361 3.52682 -86.2939 0.0201781 0.681095 0.0237668 0.731531 
83.3579 -95.5628 3.50652 -86.2014 0.018853 0.681175 0.024463 0.731469 
83.4619 -94.3923 3.4901 -86.1102 0.0172687 0.681352 0.0247563 0.731334 
83.5659 -93.2289 3.47406 -86.0175 0.0166968 0.681532 0.0234554 0.731222 
83.6698 -92.0708 3.45733 -85.9301 0.0169475 0.681591 0.0226376 0.731187 
83.7737 -90.9148 3.43993 -85.8444 0.0169946 0.681644 0.0223249 0.731146 
83.8776 -89.7608 3.4205 -85.7575 0.0164294 0.681742 0.0221034 0.731074 
83.9816 -88.6076 3.4023 -85.6741 0.0161379 0.681743 0.0229749 0.731053 
84.0856 -87.4582 3.38382 -85.5912 0.0164985 0.681724 0.0232383 0.731054 
84.1897 -86.3143 3.36566 -85.5113 0.0180267 0.681798 0.0233368 0.730946 
84.2934 -85.1764 3.34726 -85.4316 0.0193662 0.681551 0.0235985 0.731133 
84.3971 -84.0421 3.32712 -85.3526 0.0202124 0.680986 0.0246786 0.731601 
84.501 -82.9048 3.30614 -85.2666 0.0201255 0.679986 0.0253921 0.732509 
84.6047 -81.7744 3.28567 -85.1782 0.0199178 0.678761 0.0259128 0.733632 
84.7086 -80.6466 3.26663 -85.0825 0.0192064 0.677687 0.0257289 0.734649 
84.8123 -79.5258 3.24539 -84.9828 0.0186106 0.676715 0.0243851 0.735606 
84.9161 -78.4097 3.22177 -84.8824 0.0189691 0.675644 0.0232208 0.736618 
85.0201 -77.289 3.19191 -84.7846 0.0190058 0.67467 0.0229998 0.737516 
85.1237 -76.1749 3.16248 -84.685 0.0183946 0.67391 0.0234881 0.738211 
85.2274 -75.0636 3.13385 -84.5844 0.0181851 0.673238 0.0238538 0.738817 
85.3312 -73.956 3.1085 -84.4815 0.0179889 0.672662 0.0240204 0.739341 
85.4351 -72.8496 3.08272 -84.3755 0.0174591 0.67214 0.0243888 0.739816 
85.5389 -71.7486 3.05932 -84.2675 0.0167154 0.671807 0.0239184 0.740152 
85.6426 -70.6505 3.03585 -84.1597 0.0164819 0.671835 0.0236136 0.740141 
85.7464 -69.5564 3.01457 -84.0516 0.0161437 0.672101 0.0227298 0.739935 
85.8504 -68.4631 2.99348 -83.9466 0.0161811 0.672617 0.0225212 0.739471 
85.9542 -67.3687 2.9732 -83.8445 0.0162564 0.673208 0.0229702 0.738918 
86.0581 -66.2698 2.95913 -83.7442 0.0173411 0.674008 0.0239077 0.738133 
86.1619 -65.1736 2.94519 -83.6486 0.0189719 0.674783 0.024567 0.737363 
86.2664 -64.0722 2.93006 -83.5538 0.0202963 0.675621 0.0250681 0.736543 
86.3697 -62.9885 2.91458 -83.4639 0.0208891 0.676425 0.0260475 0.735755 
86.4736 -61.8939 2.89448 -83.3719 0.0200974 0.677264 0.0268698 0.734974 
86.5775 -60.8017 2.87336 -83.2798 0.0190212 0.678134 0.0270239 0.734195 
86.6813 -59.7253 2.85153 -83.1923 0.0188798 0.679012 0.0265466 0.733404 
86.7855 -58.6532 2.82608 -83.1058 0.0187557 0.679827 0.0256119 0.732685 
86.8891 -57.5889 2.80164 -83.0229 0.0193988 0.680564 0.024486 0.732022 
86.9929 -56.5119 2.77965 -82.9287 0.0200654 0.681221 0.0232234 0.731434 
87.0967 -55.4392 2.75644 -82.8456 0.0212596 0.6818 0.0228887 0.730871 
87.2006 -54.3629 2.73159 -82.7595 0.0214223 0.682171 0.0227595 0.730525 
87.3044 -53.288 2.70733 -82.6778 0.0208523 0.682358 0.0235575 0.730341 
87.4083 -52.2149 2.68434 -82.5945 0.0198753 0.68226 0.0244109 0.730432 
87.5122 -51.151 2.66316 -82.5098 0.0183477 0.682137 0.0242202 0.730593 
87.6161 -50.1024 2.64463 -82.4238 0.0168583 0.681966 0.0232357 0.73082 
87.7198 -49.0533 2.62654 -82.337 0.0153234 0.681834 0.021527 0.73103 
87.8236 -48.0047 2.60924 -82.2502 0.0143236 0.681721 0.0201302 0.731195 
87.9273 -46.9613 2.59164 -82.1617 0.0133348 0.681621 0.0184666 0.731351 
88.0311 -45.9138 2.57308 -82.0772 0.0132363 0.681522 0.0176988 0.731464 
88.1351 -44.854 2.56056 -81.9936 0.0136658 0.681232 0.0163294 0.731758 
88.2387 -43.795 2.54712 -81.9131 0.0139488 0.681026 0.0164874 0.73194 
88.3426 -42.7298 2.53946 -81.836 0.0139502 0.680674 0.0192006 0.732202 
88.4463 -41.6687 2.52819 -81.7552 0.0119987 0.68029 0.0219201 0.732517 
88.5502 -40.6058 2.51585 -81.6696 0.0129429 0.679811 0.0230511 0.732911 
88.6539 -39.5517 2.50395 -81.5933 0.0152931 0.679332 0.0225656 0.733325 
88.7578 -38.4964 2.48808 -81.513 0.0170556 0.67905 0.021402 0.733582 
88.8617 -37.447 2.4679 -81.4292 0.0173194 0.678934 0.0206746 0.733704 
88.9656 -36.3993 2.44933 -81.3435 0.0173626 0.678705 0.0204441 0.733921 
89.0695 -35.3589 2.43065 -81.2601 0.0178284 0.678571 0.0209795 0.734019 
89.1733 -34.3241 2.40977 -81.1785 0.019336 0.678541 0.0208915 0.73401 
89.2774 -33.2907 2.38816 -81.0983 0.0214095 0.678557 0.0210154 0.733935 
89.3812 -32.2657 2.36465 -81.0189 0.0224264 0.678718 0.0212479 0.733749 
89.4851 -31.2342 2.34146 -80.9389 0.0221818 0.678993 0.0227484 0.733457 
89.589 -30.2054 2.31995 -80.8633 0.0213866 0.679179 0.0247424 0.733244 
89.6929 -29.182 2.30151 -80.79 0.0208461 0.679463 0.0254485 0.732972 
89.7968 -28.1649 2.28654 -80.7195 0.0208814 0.679881 0.0247437 0.732607 
89.9007 -27.1549 2.27386 -80.6509 0.0208136 0.680279 0.0234657 0.732281 
90.0046 -26.1425 2.25834 -80.5796 0.0203529 0.680689 0.0232678 0.73192 
90.1087 -25.1309 2.24336 -80.5129 0.0194927 0.681039 0.0238756 0.731598 
90.2125 -24.1262 2.22442 -80.4451 0.0188279 0.681412 0.0242541 0.731256 
90.3165 -23.1231 2.20087 -80.3801 0.0194609 0.681666 0.0247622 0.730986 
90.4203 -22.1281 2.17919 -80.3138 0.0195728 0.681908 0.024763 0.730757 
90.5243 -21.1362 2.15812 -80.2473 0.0195419 0.682192 0.0247905 0.730492 
90.6282 -20.1591 2.13654 -80.181 0.0183348 0.682479 0.0246 0.730261 
90.7322 -19.2034 2.11568 -80.118 0.0177355 0.682795 0.0244937 0.729984 
90.8362 -18.2655 2.09479 -80.056 0.0173399 0.683108 0.0244981 0.7297 
90.9401 -17.343 2.07661 -79.9931 0.0167068 0.683339 0.024578 0.729496 
91.0441 -16.44 2.05673 -79.9296 0.0154513 0.683358 0.0245627 0.729506 
91.1481 -15.558 2.03814 -79.8663 0.0155466 0.68308 0.0249288 0.729752 
91.2519 -14.7019 2.02147 -79.7976 0.0160357 0.682256 0.0244921 0.730527 
91.3559 -13.8624 2.0069 -79.731 0.01645 0.681132 0.0241842 0.731576 
91.4598 -13.048 1.98263 -79.6577 0.0158042 0.679691 0.0233325 0.732957 
91.5638 -12.2521 1.9557 -79.581 0.0151739 0.678123 0.0222215 0.734456 
91.6677 -11.471 1.93137 -79.5053 0.0155233 0.676245 0.0216822 0.736194 
91.7717 -10.7141 1.90726 -79.4284 0.0163036 0.673674 0.021459 0.738537 
91.8756 -9.9786 1.88213 -79.3469 0.0177628 0.670305 0.021495 0.741562 
91.9795 -9.26731 1.85502 -79.2587 0.0191254 0.666205 0.0214128 0.745216 
92.0837 -8.57703 1.82462 -79.159 0.0191583 0.66171 0.021011 0.749221 
92.1873 -7.91543 1.79351 -79.0516 0.0192502 0.656949 0.0207506 0.753403 
92.2918 -7.27231 1.76499 -78.9405 0.0191588 0.651634 0.0209369 0.758003 
92.3948 -6.66099 1.73223 -78.8234 0.0187872 0.645748 0.0218964 0.763005 
92.4987 -6.06883 1.70241 -78.6964 0.0183127 0.639209 0.0213734 0.768518 
92.6071 -5.47291 1.66958 -78.5495 0.0177672 0.631708 0.0195921 0.774755 
92.7063 -4.94033 1.64276 -78.4073 0.0170573 0.624212 0.0180447 0.78086 
92.8127 -4.38265 1.61612 -78.2486 0.0172734 0.615405 0.0180731 0.787814 
92.9139 -3.86783 1.5948 -78.0863 0.0167234 0.606599 0.0178979 0.79463 
93.0176 -3.359 1.57601 -77.9027 0.0159933 0.597071 0.01695 0.80185 
93.1213 -2.86484 1.55781 -77.7113 0.0158628 0.586245 0.0160646 0.809819 
93.2251 -2.3856 1.5388 -77.504 0.0163924 0.574001 0.0147016 0.818559 
93.3287 -1.92173 1.51929 -77.2871 0.0180054 0.559766 0.0137584 0.828341 
93.4324 -1.46975 1.50055 -77.0545 0.0192385 0.543751 0.0130566 0.838925 
93.5362 -1.02785 1.48756 -76.8001 0.0200649 0.525552 0.0143119 0.850405 
93.6397 -0.603678 1.47295 -76.5331 0.0198973 0.504347 0.0159866 0.863124 
93.7433 -0.205123 1.45579 -76.2388 0.0184215 0.481882 0.0151544 0.875912 
93.8472 0.166806 1.43481 -75.9119 0.017161 0.459322 0.0122263 0.88802 
93.9506 0.520539 1.41854 -75.5816 0.0174308 0.436206 0.0101043 0.899621 
94.0544 0.859237 1.40014 -75.2418 0.0190354 0.41223 0.00993379 0.910827 
94.1581 1.18203 1.37672 -74.883 0.0206878 0.388235 0.0113253 0.921259 
94.2618 1.47305 1.35035 -74.5093 0.0188544 0.364593 0.00910856 0.930931 
94.3657 1.73379 1.32445 -74.1108 0.0158099 0.340979 0.00467705 0.939926 
94.4694 1.97724 1.30852 -73.7097 0.0134097 0.316637 0.00187026 0.94845 
94.5733 2.21127 1.29526 -73.2991 0.0104538 0.291918 0.00224116 0.956384 
94.6771 2.4317 1.28266 -72.8688 0.00754028 0.26729 0.00400945 0.963578 
94.7808 2.62559 1.26876 -72.4325 0.0038668 0.242845 0.00322107 0.970052 
94.8848 2.77869 1.25834 -71.9684 -0.000730345 0.218303 -0.00208584 0.975878 
94.9886 2.91564 1.25399 -71.5118 -0.00245764 0.194028 -0.00420194 0.980984 
95.0924 3.04631 1.25835 -71.0534 -0.00129897 0.169797 -0.00496527 0.985466 
95.1965 3.16087 1.25797 -70.5796 -0.000345664 0.147479 -0.00461719 0.989054 
95.3004 3.25793 1.26462 -70.1026 -0.00029981 0.127577 -0.00507109 0.991816 
95.4046 3.33279 1.26712 -69.6101 -0.000472209 0.108976 -0.00799113 0.994012 
95.5086 3.39498 1.27253 -69.1165 7.56979e-05 0.0919075 -0.0108498 0.995708 
95.6128 3.453 1.27068 -68.6114 -0.000223937 0.0776535 -0.0120123 0.996908 
95.7171 3.50575 1.26706 -68.0968 -0.00078126 0.0663815 -0.0125024 0.997716 
95.8212 3.55108 1.26175 -67.5757 -0.00127233 0.0559891 -0.0128589 0.998348 
95.9254 3.59156 1.25948 -67.0463 -0.00109946 0.0464598 -0.0117365 0.998851 
96.0297 3.62308 1.25287 -66.5056 -0.000104872 0.0388633 -0.0113429 0.99918 
96.1339 3.64777 1.2431 -65.9503 0.000481351 0.0318354 -0.0119039 0.999422 
96.2382 3.6638 1.23489 -65.377 0.00056477 0.0245178 -0.0123335 0.999623 
96.3423 3.67389 1.2272 -64.79 0.000803105 0.0175883 -0.0121535 0.999771 
96.4465 3.67731 1.2187 -64.185 0.00100842 0.010625 -0.0118821 0.999872 
96.5506 3.67597 1.20947 -63.5634 0.00065266 0.00345556 -0.0108163 0.999935 
96.6547 3.66402 1.19986 -62.9254 0.000936607 -0.00309718 -0.0107295 0.999937 
96.7589 3.64305 1.18975 -62.2713 0.00148554 -0.008241 -0.0113162 0.999901 
96.8631 3.6172 1.17903 -61.6024 0.00211888 -0.0125328 -0.0122327 0.999844 
96.9672 3.59123 1.1681 -60.9157 0.00282377 -0.0157533 -0.0121437 0.999798 
97.0714 3.55639 1.15245 -60.2096 0.00310461 -0.0178936 -0.0122472 0.99976 
97.1756 3.52032 1.1396 -59.4935 0.00318217 -0.0196617 -0.0119757 0.99973 
97.2797 3.48557 1.12887 -58.7604 0.00267173 -0.0210892 -0.0120146 0.999702 
97.3838 3.4513 1.11753 -58.0127 0.00174399 -0.0224179 -0.0113348 0.999683 
97.4879 3.41529 1.10659 -57.2552 0.000504126 -0.0240138 -0.0106112 0.999655 
97.5921 3.37574 1.09489 -56.4937 -0.000693729 -0.0255637 -0.0101019 0.999622 
97.6962 3.33243 1.08425 -55.7296 -0.00190274 -0.0271133 -0.00994024 0.999581 
97.8003 3.28858 1.07439 -54.9651 -0.00285919 -0.0287412 -0.0090104 0.999542 
97.9043 3.2431 1.06488 -54.2035 -0.00328271 -0.0304913 -0.00789931 0.999498 
98.0083 3.19235 1.05647 -53.438 -0.00340719 -0.0323215 -0.00686503 0.999448 
98.1123 3.13286 1.04964 -52.6733 -0.00336257 -0.0342038 -0.0066062 0.999387 
98.2165 3.0698 1.04284 -51.9072 -0.00314804 -0.0360954 -0.00640748 0.999323 
98.3203 3.00549 1.03531 -51.1424 -0.00322465 -0.0376545 -0.00642541 0.999265 
98.4243 2.9379 1.02789 -50.3764 -0.00336324 -0.0386833 -0.00676445 0.999223 
98.5283 2.87171 1.01895 -49.6123 -0.00324226 -0.0393114 -0.00707542 0.999197 
98.6323 2.80322 1.01004 -48.8462 -0.00322294 -0.0396447 -0.00769379 0.999179 
98.7363 2.74199 0.998086 -48.0822 -0.00330073 -0.0397333 -0.00775243 0.999175 
98.8403 2.69026 0.981828 -47.3187 -0.00365202 -0.0397078 -0.00734177 0.999178 
98.9443 2.63285 0.966562 -46.5559 -0.00405602 -0.0396948 -0.00723135 0.999177 
99.0482 2.57375 0.951503 -45.7973 -0.00463966 -0.0396876 -0.00725372 0.999175 
99.1522 2.51462 0.939008 -45.0397 -0.00509932 -0.0396912 -0.00709526 0.999174 
99.2561 2.45592 0.926006 -44.2863 -0.00508071 -0.0396644 -0.00701098 0.999176 
99.3601 2.39528 0.913947 -43.5356 -0.00489874 -0.0395101 -0.00746519 0.999179 
99.4641 2.33649 0.902527 -42.787 -0.00462275 -0.039062 -0.00738595 0.999199 
99.5679 2.28139 0.891135 -42.0436 -0.00434384 -0.0384987 -0.00687381 0.999226 
99.6719 2.22902 0.87656 -41.304 -0.00431425 -0.0377307 -0.0069876 0.999254 
99.7759 2.17605 0.856402 -40.5742 -0.00400627 -0.0369633 -0.00749073 0.999281 
99.8799 2.12816 0.839766 -39.8533 -0.00468067 -0.0363356 -0.00615731 0.99931 
99.9838 2.08048 0.823396 -39.1418 -0.00555511 -0.035778 -0.0053113 0.99933 
100.088 2.0238 0.810377 -38.4413 -0.006614 -0.0351206 -0.00672907 0.999339 
100.192 1.97541 0.793353 -37.7538 -0.00684889 -0.0343724 -0.00701976 0.999361 
100.296 1.93323 0.780185 -37.0788 -0.00548603 -0.0342456 -0.00563137 0.999383 
100.4 1.89552 0.759729 -36.4147 -0.00448376 -0.0340566 -0.00534903 0.999396 
100.504 1.85161 0.742229 -35.7576 -0.0023887 -0.0334547 -0.00653786 0.999416 
100.608 1.80799 0.722083 -35.1059 -0.00145666 -0.0332859 -0.00795802 0.999413 
100.712 1.76667 0.701511 -34.4582 -0.00124955 -0.0331035 -0.00838339 0.999416 
100.816 1.72742 0.68171 -33.8138 -0.00125648 -0.0327552 -0.00838003 0.999427 
100.92 1.68777 0.664294 -33.1769 -0.000588992 -0.0325339 -0.00843708 0.999435 
101.024 1.64558 0.648805 -32.5445 -5.17422e-05 -0.0325097 -0.00914578 0.99943 
101.127 1.60284 0.63375 -31.9172 0.000349166 -0.0324535 -0.0099191 0.999424 
101.231 1.56155 0.619247 -31.2933 0.000452391 -0.032475 -0.0104835 0.999417 
101.335 1.52472 0.603585 -30.6745 0.000153432 -0.0327283 -0.0103012 0.999411 
101.439 1.48805 0.585489 -30.0592 -0.000285692 -0.0330339 -0.00993247 0.999405 
101.543 1.45003 0.561575 -29.4493 -0.000409057 -0.0334551 -0.00967845 0.999393 
101.647 1.41239 0.542382 -28.8403 -0.000226502 -0.0341352 -0.00933541 0.999374 
101.751 1.37831 0.519691 -28.2346 0.000387469 -0.034974 -0.00899275 0.999348 
101.855 1.34078 0.497527 -27.6306 0.000931139 -0.0357015 -0.00896695 0.999322 
101.959 1.30599 0.477652 -27.0287 0.000938542 -0.0366434 -0.00900676 0.999287 
102.063 1.26769 0.459126 -26.4307 0.000877556 -0.0377073 -0.00889911 0.999249 
102.167 1.22925 0.440591 -25.8341 0.000913572 -0.0387061 -0.0084055 0.999215 
102.271 1.19111 0.425645 -25.2395 0.000769573 -0.0396493 -0.00754246 0.999185 
102.375 1.15207 0.412478 -24.6469 0.000145785 -0.0407094 -0.00703615 0.999146 
102.479 1.11145 0.402668 -24.0604 -0.000313205 -0.0416002 -0.00705487 0.999109 
102.583 1.06736 0.39201 -23.4769 -0.000791246 -0.0423867 -0.00732398 0.999074 
102.687 1.02281 0.381693 -22.8985 -0.00145675 -0.0433194 -0.00763646 0.999031 
102.791 0.977752 0.370715 -22.3266 -0.00183878 -0.0439628 -0.00758332 0.999003 
102.894 0.934574 0.361218 -21.7655 -0.00192705 -0.0443186 -0.00753614 0.998987 
102.999 0.886782 0.350649 -21.2127 -0.00189833 -0.0444242 -0.00773255 0.998981 
103.102 0.844647 0.342802 -20.6705 -0.00204386 -0.0441038 -0.00827325 0.998991 
103.207 0.802905 0.333032 -20.1402 -0.0019504 -0.0433795 -0.00877809 0.999018 
103.31 0.76671 0.328206 -19.6199 -0.00193717 -0.0426846 -0.00896689 0.999046 
103.414 0.732212 0.321646 -19.1116 -0.00191372 -0.0420574 -0.00868602 0.999076 
103.518 0.699503 0.317084 -18.6159 -0.00178789 -0.0413252 -0.00863912 0.999107 
103.622 0.667367 0.310824 -18.132 -0.00135547 -0.0405118 -0.00868353 0.99914 
103.726 0.635536 0.306033 -17.6573 -0.00118032 -0.0399461 -0.00881661 0.999162 
103.83 0.601767 0.296482 -17.1963 -0.00119986 -0.0393648 -0.00889806 0.999185 
103.934 0.567945 0.286712 -16.7443 -0.00118257 -0.0387566 -0.00912586 0.999206 
104.038 0.53663 0.275364 -16.307 -0.00140388 -0.0381841 -0.00901768 0.999229 
104.142 0.507341 0.264476 -15.8858 -0.00158203 -0.0376957 -0.00869141 0.99925 
104.251 0.475696 0.253889 -15.4649 -0.00204358 -0.0371371 -0.00837598 0.999273 
104.351 0.44661 0.245082 -15.095 -0.0026965 -0.0366464 -0.00886257 0.999285 
104.455 0.417035 0.236343 -14.7267 -0.00308156 -0.0361571 -0.0095668 0.999296 
104.558 0.391631 0.2279 -14.3851 -0.00301939 -0.0356767 -0.00986242 0.99931 
104.662 0.369966 0.214066 -14.0646 -0.00276791 -0.0353166 -0.00926676 0.999329 
104.766 0.351258 0.203202 -13.7606 -0.00235058 -0.035018 -0.00883626 0.999345 
104.87 0.331922 0.191911 -13.4744 -0.0020817 -0.034667 -0.00855687 0.99936 
104.974 0.313929 0.182225 -13.1991 -0.00179964 -0.0343747 -0.00882137 0.999368 
105.079 0.299516 0.173749 -12.9304 -0.00132589 -0.0341339 -0.00881322 0.999378 
105.182 0.286085 0.166066 -12.67 -0.000385202 -0.0339684 -0.00855286 0.999386 
105.286 0.275599 0.159315 -12.4109 0.000547921 -0.0337659 -0.00832189 0.999395 
105.39 0.263868 0.152929 -12.153 0.000738102 -0.0336261 -0.0083039 0.9994 
105.494 0.25612 0.147259 -11.8967 0.000465033 -0.0335797 -0.0082972 0.999401 
105.598 0.250315 0.141123 -11.6435 0.000202092 -0.0335176 -0.00798138 0.999406 
105.702 0.238575 0.135523 -11.391 6.88941e-05 -0.0334548 -0.00770757 0.999411 
105.806 0.225556 0.128771 -11.1402 -0.000108578 -0.0334414 -0.00750186 0.999413 
105.91 0.211538 0.122866 -10.8933 -0.000132725 -0.0335242 -0.0076546 0.999409 
106.014 0.198165 0.120429 -10.6449 -0.000170659 -0.0335677 -0.00747889 0.999408 
106.118 0.183954 0.114187 -10.3981 -9.93349e-05 -0.0340366 -0.00700875 0.999396 
106.222 0.169374 0.107928 -10.1522 -0.000216389 -0.035415 -0.00631332 0.999353 
106.326 0.151201 0.101075 -9.90787 -0.000212207 -0.037637 -0.00618555 0.999272 
106.429 0.132765 0.0964899 -9.66506 -0.000267927 -0.0406752 -0.0064081 0.999152 
106.533 0.11311 0.0920031 -9.42451 -7.0639e-05 -0.0444589 -0.00655527 0.99899 
106.638 0.0910114 0.0882731 -9.1835 -8.17473e-05 -0.0482728 -0.0072155 0.998808 
106.741 0.0654352 0.0824131 -8.94769 -6.59508e-05 -0.0511382 -0.00827443 0.998657 
106.845 0.0408307 0.0740682 -8.71356 0.000108093 -0.0534857 -0.00900215 0.998528 
106.949 0.0168597 0.0689529 -8.47671 0.000239895 -0.0559425 -0.00852458 0.998398 
107.053 -0.00813069 0.0653196 -8.24259 0.000263995 -0.058443 -0.00794603 0.998259 
107.157 -0.0370814 0.0622421 -8.00887 0.000339732 -0.0604595 -0.00844597 0.998135 
107.261 -0.0708621 0.0579385 -7.77839 0.000490449 -0.0616135 -0.00975717 0.998052 
107.365 -0.105571 0.0505747 -7.54992 0.000667437 -0.0618928 -0.0108989 0.998023 
107.469 -0.133208 0.0449382 -7.32139 0.000805272 -0.0615234 -0.0109206 0.998046 
107.573 -0.158415 0.0406673 -7.09403 0.00073352 -0.0608628 -0.0106857 0.998089 
107.677 -0.181726 0.0355451 -6.86759 0.000600035 -0.0600071 -0.0102823 0.998145 
107.781 -0.208201 0.026077 -6.63826 0.000392932 -0.0588852 -0.0103773 0.998211 
107.885 -0.234301 0.0168991 -6.41269 0.000310173 -0.0576293 -0.0103013 0.998285 
107.989 -0.260514 0.00648708 -6.18884 0.000641736 -0.0563908 -0.0101549 0.998357 
108.093 -0.28487 -0.00299529 -5.96587 0.000708992 -0.0550424 -0.0100569 0.998433 
108.197 -0.307917 -0.0125799 -5.7423 0.000616907 -0.053449 -0.0101635 0.998519 
108.301 -0.32764 -0.0212083 -5.51933 0.000585656 -0.0515371 -0.0100177 0.998621 
108.405 -0.344249 -0.0277668 -5.29604 0.000589714 -0.0494482 -0.00999111 0.998727 
108.509 -0.360353 -0.0336588 -5.06898 0.000987668 -0.0474633 -0.00992601 0.998823 
108.613 -0.376189 -0.0401751 -4.83385 0.00193171 -0.0454107 -0.00986872 0.998918 
108.717 -0.388383 -0.0440825 -4.58688 0.00268779 -0.0431466 -0.00956099 0.999019 
108.821 -0.401589 -0.0485226 -4.32804 0.00286625 -0.0408591 -0.0093907 0.999117 
108.925 -0.412903 -0.0518474 -4.05757 0.00269158 -0.0384444 -0.00914023 0.999215 
109.029 -0.424088 -0.0569639 -3.77609 0.00258915 -0.0360262 -0.0087147 0.999309 
109.133 -0.431289 -0.0630866 -3.48317 0.00215478 -0.0335404 -0.00775886 0.999405 
109.237 -0.440851 -0.0699019 -3.18164 0.001424 -0.0309022 -0.00687457 0.999498 
109.341 -0.454006 -0.0754468 -2.87273 0.000749706 -0.0284765 -0.00633507 0.999574 
109.445 -0.464543 -0.0806529 -2.5559 0.000449292 -0.0261333 -0.00589583 0.999641 
109.549 -0.472589 -0.0831459 -2.23127 9.53121e-05 -0.0240034 -0.00593846 0.999694 
109.653 -0.480476 -0.0873347 -1.897 -0.000385062 -0.0218815 -0.00595687 0.999743 
109.757 -0.487938 -0.0933525 -1.55628 -0.000909269 -0.0197991 -0.00546372 0.999789 
109.861 -0.492906 -0.0999006 -1.20688 -0.00110639 -0.0180429 -0.00462512 0.999826 
109.964 -0.494918 -0.105076 -0.85066 -0.00025641 -0.0167665 -0.00335929 0.999854 
110.068 -0.49971 -0.110593 -0.485171 0.000897423 -0.0159867 -0.00268829 0.999868 
110.172 -0.508838 -0.115787 -0.108858 0.00203514 -0.0152988 -0.00332554 0.999875 
110.276 -0.520983 -0.119628 0.278521 0.00204948 -0.0140261 -0.00500683 0.999887 
110.38 -0.511556 -0.110547 0.679747 0.00150829 -0.0113491 -0.00751463 0.999906 
110.484 -0.473736 -0.0922449 1.0889 0.00104892 -0.00741475 -0.00652911 0.999951 
110.588 -0.433998 -0.087699 1.49212 0.000957713 -0.00350665 -0.00230258 0.999991 
110.692 -0.388368 -0.0866064 1.89036 0.00218754 -0.00169112 0.00205957 0.999994 
110.796 -0.369629 -0.0941349 2.28151 0.00385936 -0.00320341 0.00390925 0.99998 
110.899 -0.368577 -0.0961958 2.66921 0.00489798 -0.0087956 0.00207317 0.999947 
111.003 -0.387786 -0.0975722 3.05066 0.00673889 -0.0170707 -0.000529935 0.999831 
111.107 -0.414732 -0.0994854 3.42858 0.00850873 -0.0257936 -0.00430783 0.999622 
111.21 -0.442804 -0.104489 3.80306 0.00945136 -0.035252 -0.00472041 0.999323 
111.314 -0.473375 -0.113 4.17533 0.00932201 -0.0468088 -0.00279849 0.998856 
111.418 -0.521258 -0.124453 4.5458 0.00616263 -0.0588347 -0.00293192 0.998244 
111.521 -0.590795 -0.137119 4.90925 0.00279622 -0.0714806 -0.00575934 0.997421 
111.625 -0.669462 -0.14548 5.26288 0.000947834 -0.0846055 -0.00835794 0.996379 
111.729 -0.754007 -0.152645 5.60868 5.38866e-05 -0.0976099 -0.00966538 0.995178 
111.832 -0.83894 -0.157779 5.95159 -0.00164442 -0.109707 -0.0101363 0.993911 
111.936 -0.929674 -0.162834 6.29195 -0.00318742 -0.120297 -0.00970646 0.992685 
112.04 -1.03201 -0.168255 6.62642 -0.00477756 -0.12735 -0.0120108 0.991774 
112.144 -1.13596 -0.1743 6.95851 -0.00623487 -0.131496 -0.0155576 0.991175 
112.248 -1.22934 -0.174997 7.28941 -0.00744162 -0.132558 -0.0177268 0.990989 
112.353 -1.31286 -0.176227 7.61763 -0.00736508 -0.1303 -0.0184948 0.991275 
112.457 -1.38381 -0.178361 7.94414 -0.00738792 -0.126403 -0.0173585 0.9918 
112.561 -1.43861 -0.18004 8.24938 -0.00931906 -0.122323 -0.0144828 0.992341 
112.665 -1.48532 -0.178479 8.52108 -0.010481 -0.117551 -0.0129449 0.992927 
112.769 -1.53109 -0.180069 8.75135 -0.0112163 -0.112409 -0.0136796 0.993505 
112.873 -1.56547 -0.184381 8.94694 -0.0112655 -0.1075 -0.0141349 0.994041 
112.978 -1.58938 -0.187608 9.10658 -0.0105659 -0.102661 -0.0139528 0.994562 
113.082 -1.60379 -0.188093 9.23218 -0.010075 -0.0987501 -0.0126193 0.994981 
113.186 -1.6158 -0.188175 9.32463 -0.00958647 -0.0961145 -0.0117055 0.995255 
113.29 -1.6266 -0.188572 9.38087 -0.00912159 -0.094166 -0.011933 0.995443 
113.394 -1.63497 -0.188805 9.40547 -0.0083307 -0.0932539 -0.0123559 0.995531 
113.498 -1.63585 -0.189036 9.40484 -0.00811956 -0.0933748 -0.0122909 0.995522 
113.602 -1.63681 -0.192465 9.38696 -0.0069563 -0.0935749 -0.012546 0.995509 
113.706 -1.63756 -0.19772 9.37878 -0.00448388 -0.0933968 -0.0126449 0.995539 
113.81 -1.64033 -0.199379 9.37617 -0.00298984 -0.0935539 -0.0124633 0.995532 
113.914 -1.64113 -0.196313 9.37246 -0.00324224 -0.0935531 -0.0123067 0.995533 
114.018 -1.64311 -0.193254 9.36958 -0.00365033 -0.0934318 -0.012271 0.995543 
114.122 -1.64354 -0.193283 9.37105 -0.00388709 -0.0936027 -0.0122787 0.995526 
114.226 -1.64373 -0.192492 9.37028 -0.00422519 -0.0935342 -0.0124731 0.995529 
114.33 -1.64356 -0.191078 9.36745 -0.00416716 -0.093547 -0.0125031 0.995528 
