0  12.1766822 -1.04835122 -0.311138911 -0.00496813382 -0.00328914262 -0.0159837088 0.9998545
0.830874  12.1472831 -1.04741924 -0.0716812909 -0.00356035265 -0.0499096544 -0.0158882023 0.998621007
1.142127  12.1147506 -1.0483668 0.0205914806 -0.00340478814 -0.0829480577 -0.0167206116 0.996407772
1.349627  12.0880875 -1.05051671 0.0591497366 -0.00211343635 -0.108476903 -0.0202272737 0.993890916
1.556997  12.045226 -1.0472549 0.122774395 -0.00215498673 -0.139443502 -0.0218325634 0.989986972
1.764374  12.0069283 -1.0502227 0.241460632 -0.00324420043 -0.173433513 -0.0244097463 0.984537686
1.97175  11.9555274 -1.04797606 0.321086131 -0.00337262951 -0.207792581 -0.0265828202 0.97780582
2.179126  11.8985267 -1.04517935 0.402101985 -0.00381602798 -0.245924394 -0.0243376605 0.968975907
2.386504  11.8312574 -1.04415956 0.480827024 -0.00587470207 -0.288831832 -0.0220703667 0.957107392
2.59362  11.7473581 -1.04353441 0.552904108 -0.00746849576 -0.336765406 -0.0262386613 0.941193293
2.80089  11.6444707 -1.04009574 0.633060694 -0.00978412388 -0.390121959 -0.0229534759 0.920425046
3.008248  11.5245756 -1.03531931 0.708575385 -0.0129057264 -0.443142867 -0.0192217413 0.896151977
3.112001  11.4573091 -1.03277701 0.740477575 -0.0149198549 -0.46938231 -0.0184839502 0.882675472
3.215751  11.389153 -1.03027563 0.76617118 -0.0163662233 -0.495674233 -0.0178856774 0.868170089
3.319374  11.3189564 -1.02773994 0.784698459 -0.0177650095 -0.521125011 -0.017534081 0.853115281
3.423126  11.2467967 -1.02433675 0.80301815 -0.0192900926 -0.545147313 -0.0174354906 0.837936933
3.526893  11.155061 -1.02116449 0.825571824 -0.0207712958 -0.571327761 -0.0175765947 0.820270813
3.630648  11.0583289 -1.01788517 0.845941722 -0.0231792565 -0.595379143 -0.0175469837 0.802918739
3.734395  10.9615667 -1.01450652 0.861821721 -0.0257473368 -0.617573288 -0.0164551339 0.785919549
3.838251  10.8676371 -1.01036937 0.870861381 -0.0267190624 -0.637526895 -0.0155779274 0.76980704
3.942122  10.7747451 -1.00616917 0.875077204 -0.0261787599 -0.655168497 -0.0164574331 0.754849698
4.046284  10.675812 -1.00070906 0.875542234 -0.0254588254 -0.670784829 -0.016974399 0.741020533
4.150266  10.57266 -0.995075855 0.873671423 -0.0242942305 -0.684353619 -0.0168025475 0.728551707
4.25438  10.4689983 -0.99021807 0.869496923 -0.023554595 -0.695954375 -0.0154504336 0.717533255
4.358512  10.3424119 -0.984911532 0.86393571 -0.0228396544 -0.70789978 -0.0142229401 0.705800226
4.462646  10.2157319 -0.979881284 0.854076067 -0.0219799893 -0.717361191 -0.0138029723 0.696217839
4.566885  10.0872557 -0.973743248 0.843336831 -0.0210005512 -0.724648892 -0.0130170114 0.68867519
4.7755  9.82038607 -0.961634614 0.816987233 -0.0213113672 -0.734577144 -0.0123414775 0.678078117
4.98425  9.54413785 -0.953394036 0.785292475 -0.0211168501 -0.73976102 -0.0143732296 0.672384653
5.192878  9.26074003 -0.941222183 0.75636548 -0.0224478956 -0.740788225 -0.01394185 0.671218685
5.505749  8.77879406 -0.921982576 0.704867248 -0.0237211665 -0.739830524 -0.0160997387 0.672182193
5.714253  8.44345721 -0.906592398 0.670594179 -0.0221392339 -0.73894886 -0.0158941008 0.673210082
5.922523  8.09904467 -0.890123904 0.638670179 -0.0239513777 -0.737513362 -0.0184905347 0.674654335
6.026772  7.93288543 -0.883198137 0.62585533 -0.0244561337 -0.736365968 -0.0194318789 0.675862013
6.130876  7.74140586 -0.873738403 0.606696722 -0.02372568 -0.736191306 -0.0198730328 0.676065467
6.235023  7.55477323 -0.864065273 0.589896676 -0.0218454334 -0.735687233 -0.0196380552 0.676684135
6.339025  7.36307687 -0.854448154 0.573375568 -0.0213205506 -0.735177916 -0.0197415154 0.677251163
6.443143  7.17458003 -0.845147018 0.558963582 -0.0229977162 -0.734572454 -0.019658735 0.677855404
6.547271  6.98681932 -0.8364255 0.545278258 -0.024424735 -0.734082002 -0.0196693238 0.678336321
6.65128  6.80110063 -0.827776017 0.532035099 -0.0252829321 -0.733457216 -0.0199841912 0.67897122
6.75538  6.61523392 -0.819812149 0.519394788 -0.0236910473 -0.732850188 -0.018197405 0.679733912
6.859377  6.40471146 -0.811110448 0.501052963 -0.0219460984 -0.733256258 -0.015100641 0.67943035
6.963378  6.1933481 -0.801784052 0.483428461 -0.0214584281 -0.733421149 -0.0123115932 0.679324207
7.067377  5.98531485 -0.79346143 0.466453733 -0.0221355869 -0.733605163 -0.0121823806 0.679106082
7.171256  5.77819313 -0.785772183 0.449233913 -0.0244842406 -0.733382217 -0.015096966 0.67920772
7.379272  5.36606431 -0.767793291 0.414364352 -0.0275699706 -0.733412546 -0.0209628706 0.678900944
7.483251  5.16562273 -0.758641323 0.398023696 -0.0270992402 -0.733466953 -0.0217045514 0.67883781
7.587271  4.96946652 -0.749332805 0.382988042 -0.0258896835 -0.733540433 -0.0204396624 0.678844884
7.691129  4.77848433 -0.73990894 0.3689109 -0.0248438969 -0.733528789 -0.0195195111 0.678923622
7.795131  4.5897873 -0.730564085 0.355009514 -0.0246162177 -0.733168573 -0.0205408869 0.679290775
7.899003  4.37441437 -0.721180107 0.334761027 -0.025277612 -0.73345847 -0.021723189 0.67891665
8.003004  4.16280946 -0.712189972 0.315421605 -0.0245119127 -0.733543681 -0.0214140459 0.678862485
8.107005  3.95978667 -0.703110143 0.297853664 -0.0224405221 -0.733464594 -0.0198488162 0.679067108
8.211004  3.76378297 -0.694648568 0.281317926 -0.0205147843 -0.73330333 -0.0188464007 0.679330687
8.315006  3.57688937 -0.687313149 0.267826607 -0.0208932542 -0.732952364 -0.0189643296 0.679694533
8.522877  3.19597286 -0.671992158 0.240572378 -0.023716145 -0.732125202 -0.0212473861 0.680425442
8.730751  2.7764882 -0.652035178 0.206633434 -0.0270875694 -0.732173357 -0.0242555312 0.680147122
8.938756  2.36868086 -0.630681697 0.174567181 -0.0256708855 -0.73216042 -0.0224697011 0.680277324
9.146631  1.97059786 -0.612149145 0.141991596 -0.0215500008 -0.731995374 -0.0217273819 0.680621988
9.354505  1.5803261 -0.596273186 0.111728235 -0.0199336367 -0.7323236 -0.0207674197 0.68034808
9.458529  1.39475848 -0.589322744 0.100555734 -0.0197549611 -0.73247007 -0.0181447354 0.680270612
9.666385  0.984838686 -0.573078827 0.0665228734 -0.02211116 -0.733546857 -0.0171524539 0.679062514
9.77038  0.777681953 -0.565319797 0.0490042273 -0.0250793084 -0.734044074 -0.0185693629 0.678384481
9.874249  0.578180193 -0.557302534 0.0326030204 -0.0270130649 -0.734632808 -0.0192766307 0.677652819
9.978133  0.384070585 -0.548871508 0.0160615875 -0.0266898297 -0.735135611 -0.0189005108 0.677130753
10.08213  0.196933393 -0.541704272 -0.00148787654 -0.0242832063 -0.735473796 -0.0187335342 0.676858682
10.18601  0.0153659855 -0.534131065 -0.0189065513 -0.0213910355 -0.735830507 -0.0191255503 0.676557538
10.29001  -0.166640673 -0.526852678 -0.0357780383 -0.0193254607 -0.736026787 -0.0201245804 0.676377186
10.39388  -0.360611794 -0.519870975 -0.056495394 -0.019291921 -0.736578855 -0.0211457711 0.675745713
10.49776  -0.551755659 -0.512609123 -0.0754953062 -0.0198999286 -0.736943806 -0.0216344946 0.675314569
10.60175  -0.732955801 -0.50580843 -0.0938613241 -0.0190878963 -0.737202787 -0.0221812976 0.67503755
10.70563  -0.911695971 -0.499178043 -0.111279821 -0.0187484964 -0.737347488 -0.0224335409 0.674880665
10.80965  -1.08654584 -0.49205915 -0.127077677 -0.0198347067 -0.737445579 -0.0224922273 0.67474047
11.01751  -1.44438492 -0.476693792 -0.16097121 -0.0224235153 -0.737367542 -0.0248230832 0.67466296
11.22538  -1.81398222 -0.459811907 -0.196612898 -0.023319512 -0.737851393 -0.0254573265 0.674079703
11.43326  -2.16871047 -0.443909585 -0.231186267 -0.021787808 -0.738036935 -0.0230544218 0.674014294
11.64113  -2.51098846 -0.429208838 -0.264345079 -0.0196825828 -0.737476177 -0.0214605833 0.674745084
11.84914  -2.84002779 -0.417340228 -0.29375446 -0.0188881278 -0.735294121 -0.0225833961 0.6771084
12.05726  -3.15216791 -0.405262556 -0.313873277 -0.0203978501 -0.73074743 -0.0231025182 0.681951901
12.26551  -3.44390998 -0.394357255 -0.328680458 -0.0202967535 -0.723399681 -0.0253464498 0.689665499
12.47391  -3.72125037 -0.382834148 -0.336819545 -0.0197016626 -0.712035699 -0.0279809702 0.701308829
12.68239  -3.97303099 -0.372753201 -0.327116754 -0.0199833738 -0.695210291 -0.0284318295 0.717965839
12.89113  -4.20088763 -0.362388813 -0.299378975 -0.0206003295 -0.671917824 -0.027189102 0.739839724
13.09988  -4.4159752 -0.353232576 -0.252684631 -0.0208963726 -0.642309713 -0.0268814417 0.765688555
13.30876  -4.6107289 -0.3459001 -0.185415369 -0.0224808422 -0.605018415 -0.0253938973 0.795488831
13.51763  -4.7820327 -0.340226859 -0.0942512658 -0.0237215556 -0.561703916 -0.0184631976 0.826792059
13.72651  -4.96991432 -0.330364874 0.0111710619 -0.0240870312 -0.514438497 -0.0160072497 0.857039448
13.93513  -5.1431095 -0.321386616 0.139767488 -0.0265973862 -0.467311019 -0.0124011254 0.883605796
14.03938  -5.21959491 -0.318692627 0.213021875 -0.0293792857 -0.443806053 -0.0080496052 0.895604962
14.14365  -5.28762638 -0.316659506 0.28496341 -0.0280076774 -0.419220148 -0.00673576842 0.9074275
14.24788  -5.34266852 -0.313441038 0.358415266 -0.0234301997 -0.393421247 -0.00657652224 0.919036178
14.35215  -5.42291531 -0.309645814 0.443237964 -0.0172910842 -0.367592323 -0.00642140969 0.929804102
14.45638  -5.49462513 -0.306061596 0.533741955 -0.0121641145 -0.340282214 -0.00748073882 0.940214916
14.56063  -5.55786475 -0.303444346 0.632652356 -0.0100373151 -0.312223613 -0.00794266255 0.949922408
14.66488  -5.61097184 -0.299807789 0.738888328 -0.00845755603 -0.283852476 -0.0075937685 0.958800592
14.76901  -5.65499129 -0.299231467 0.85073227 -0.00647285203 -0.256154984 -0.00905290225 0.966571659
14.87316  -5.6994477 -0.298829772 0.967218201 -0.00646392145 -0.22945541 -0.00974173464 0.973248956
14.97715  -5.74297328 -0.298590192 1.0933558 -0.0058084135 -0.205412767 -0.013076036 0.978570833
15.08116  -5.79353767 -0.297060694 1.22299703 -0.00429221669 -0.183420501 -0.0157331008 0.982899265
15.18501  -5.84167167 -0.29564309 1.36500576 -0.00444642968 -0.164528141 -0.0183734442 0.986191227
15.39248  -5.92283657 -0.295253818 1.6604565 -0.00597655357 -0.136306339 -0.0182240845 0.990481068
15.49619  -5.95851679 -0.294288618 1.8107061 -0.00689287856 -0.125527951 -0.0182154335 0.991898896
15.59991  -5.99081571 -0.293565672 1.95893622 -0.00794683677 -0.116094052 -0.0194247787 0.993016463
15.80732  -6.06478033 -0.290668178 2.29121716 -0.00882409747 -0.101636532 -0.0237267839 0.994499467
16.01476  -6.12751961 -0.28742761 2.630992 -0.00846836019 -0.0875464518 -0.0231623166 0.995855116
16.22236  -6.18121529 -0.283631537 2.98522106 -0.008831294 -0.0728895906 -0.0241160273 0.997009294
16.32614  -6.20097347 -0.283769033 3.15556203 -0.00736886103 -0.066446624 -0.0243354161 0.997465956
16.42989  -6.21722887 -0.283940176 3.32497395 -0.00457456679 -0.0608052227 -0.0246567725 0.997834576
16.63752  -6.26086247 -0.282494693 3.71049891 -0.00139812671 -0.0520523961 -0.0240074257 0.998354765
16.84514  -6.30203408 -0.284280855 4.10217278 -0.00846242047 -0.046125491 -0.026839219 0.998539174
16.94889  -6.31684906 -0.284732102 4.28517178 -0.0102359075 -0.0442049345 -0.0269814648 0.998605603
17.15642  -6.34561431 -0.283129455 4.64857322 -0.00915882424 -0.0408834779 -0.0261340476 0.99878009
17.364  -6.37934469 -0.281234017 5.05303143 -0.0116373292 -0.0382087961 -0.0244871978 0.998901916
17.46789  -6.3951625 -0.280606996 5.25882167 -0.0125512859 -0.036694523 -0.0234354627 0.998972851
17.67551  -6.4257705 -0.279536165 5.64804837 -0.00703941562 -0.0345330568 -0.0246147848 0.999075586
17.77939  -6.43900055 -0.280050053 5.83975766 -0.00319935652 -0.0336477861 -0.0249767375 0.999116486
17.88314  -6.45669562 -0.280644097 6.03621785 -0.00115049328 -0.0327884786 -0.0256164325 0.99913332
17.98701  -6.46967975 -0.282490226 6.21894307 -0.0019572317 -0.0317070283 -0.0262428955 0.999150711
18.19476  -6.49755211 -0.286616136 6.59477162 -0.00640165379 -0.02925936 -0.0293739463 0.999119652
18.29851  -6.50836968 -0.287047403 6.77670012 -0.00731219596 -0.02800704 -0.0281128282 0.999185572
18.40239  -6.5167053 -0.287982363 6.95338356 -0.00725478833 -0.0274089243 -0.0266442337 0.999242815
18.61013  -6.53724998 -0.289408381 7.31441711 -0.00639703713 -0.026284901 -0.0254208785 0.999310743
18.71391  -6.54412704 -0.289566365 7.48351734 -0.0056762947 -0.0259880804 -0.0242485331 0.999351994
18.81776  -6.55595184 -0.290176112 7.6805849 -0.00581280203 -0.0255187078 -0.0240324796 0.999368524
18.92164  -6.56812405 -0.290268854 7.87415482 -0.00628294852 -0.0251514434 -0.0255697298 0.999336839
19.02551  -6.57810089 -0.290751663 8.05827564 -0.00579736098 -0.0254336985 -0.0254389348 0.999335969
19.12939  -6.58810514 -0.291494892 8.24214068 -0.00575553948 -0.026362526 -0.0251728458 0.999318877
19.33701  -6.61196728 -0.291872038 8.62113853 -0.00589776883 -0.0288996103 -0.0249099274 0.999254484
19.44089  -6.62487037 -0.292738924 8.80153985 -0.00568696182 -0.0302765841 -0.0265473742 0.99917277
19.64851  -6.65626275 -0.294049511 9.20932638 -0.0016145787 -0.0328427948 -0.0273800413 0.999084119
19.75239  -6.67191498 -0.294913165 9.41798519 -0.000832515679 -0.0337850736 -0.0269583949 0.999065123
19.85626  -6.68840439 -0.296894278 9.62302408 -0.00161002049 -0.0348975097 -0.0270013237 0.999024775
19.96014  -6.7040655 -0.298938819 9.82411572 -0.00201975968 -0.0359635035 -0.026222427 0.999006973
20.06401  -6.71959142 -0.300095579 10.0212975 -0.00293520409 -0.0368558383 -0.0257059069 0.998985605
20.16793  -6.73572232 -0.300820041 10.2211369 -0.00463171937 -0.0372967746 -0.0252206267 0.998975184
20.27189  -6.75354607 -0.301419601 10.4381209 -0.00714958945 -0.0375583461 -0.0251267494 0.998952902
20.37576  -6.77081569 -0.301540542 10.6547684 -0.00823708234 -0.0371824784 -0.0251219112 0.99895871
20.47975  -6.78840872 -0.300961701 10.8684337 -0.0082113387 -0.0361590091 -0.0266587926 0.99895666
20.58364  -6.80478501 -0.300419912 11.0768799 -0.00755742139 -0.0352121748 -0.0267145221 0.998994155
20.68751  -6.81952085 -0.300602728 11.2802219 -0.00646903479 -0.0344313708 -0.0254676565 0.999061575
20.79153  -6.83290487 -0.300888173 11.4794726 -0.00560300293 -0.033708433 -0.0234457387 0.999140954
20.89539  -6.8484377 -0.300919842 11.6987885 -0.00556786945 -0.0326893343 -0.023030444 0.99918467
20.99926  -6.86274739 -0.301678239 11.9135582 -0.00693050124 -0.0322548024 -0.0218934744 0.999215828
21.10327  -6.87648832 -0.302224962 12.1277782 -0.0082426386 -0.031884338 -0.0204659932 0.999248013
21.20714  -6.89078308 -0.302884426 12.3367142 -0.00838636683 -0.0314281564 -0.0202521264 0.999265626
21.31112  -6.90553425 -0.304111679 12.5390261 -0.00676270808 -0.0309520341 -0.0209903182 0.999277561
21.51901  -6.93475823 -0.307545831 12.9424198 -0.00103983142 -0.03017192 -0.0232312969 0.999274177
21.6229  -6.94863656 -0.311081581 13.1318703 0.00201997909 -0.0299438892 -0.0254243797 0.999226143
21.72689  -6.96347168 -0.314827428 13.3425537 0.0023345508 -0.0292974216 -0.0254514495 0.999243932
21.83076  -6.97624275 -0.317153575 13.5511844 -0.000680940649 -0.0292009187 -0.0237710311 0.999290639
21.93464  -6.98943724 -0.320426962 13.7535914 -0.0052540594 -0.0294807987 -0.0232370194 0.999281401
22.03866  -7.00257388 -0.322562981 13.9517128 -0.00907872196 -0.0302186182 -0.0224229247 0.999250531
22.14262  -7.01631265 -0.323069265 14.1627857 -0.00811454736 -0.0312749795 -0.0215817806 0.999244843
22.24654  -7.02910686 -0.323666073 14.3710083 -0.00645720718 -0.032298687 -0.0191424578 0.999274069
22.35039  -7.04328399 -0.324922958 14.5732483 -0.00574103096 -0.033585907 -0.0184725621 0.999248614
22.45439  -7.05913726 -0.327099941 14.7676531 -0.00459497427 -0.0349565619 -0.0195479133 0.999187072
22.55837  -7.07515557 -0.329221793 14.956082 -0.00287200167 -0.0367239134 -0.0203108758 0.999114895
22.66227  -7.0904921 -0.331155598 15.134863 -0.00101306277 -0.0390447341 -0.0204520367 0.999027626
22.76614  -7.10950507 -0.334417519 15.3391881 0.000794744036 -0.0403216785 -0.0216982137 0.998950809
22.87016  -7.1298757 -0.337780091 15.5385344 0.000853048124 -0.041849031 -0.0241108969 0.998832616
22.97402  -7.1495457 -0.339995403 15.7267392 5.12877126e-05 -0.0436391487 -0.0258359568 0.998713235
23.07801  -7.16951564 -0.342755479 15.9133117 -0.00282325003 -0.0456050055 -0.0271309797 0.998587063
23.18199  -7.18933906 -0.345149524 16.0949799 -0.00565567038 -0.0476715877 -0.0272670993 0.998474806
23.28591  -7.20812499 -0.346100216 16.2692763 -0.00737848525 -0.0503338492 -0.0266958862 0.998348332
23.38977  -7.23170687 -0.346230925 16.4693406 -0.00799499513 -0.0533947955 -0.0264735014 0.998190478
23.49376  -7.2551216 -0.346106286 16.6644755 -0.00997754943 -0.0563402346 -0.0252708062 0.998041889
23.59764  -7.2798143 -0.346051345 16.8528844 -0.00980182109 -0.0596334175 -0.0254593325 0.997847484
23.70151  -7.30730065 -0.34593139 17.0351643 -0.00929416769 -0.0626805941 -0.0278181222 0.997602583
23.80554  -7.33452777 -0.345360492 17.2122441 -0.00732134922 -0.0657959955 -0.0288467496 0.997389167
23.90939  -7.36119966 -0.345181189 17.3874833 -0.00587614087 -0.0690336777 -0.0281463011 0.997199884
24.01339  -7.38944356 -0.345504666 17.570855 -0.00527625664 -0.0714764152 -0.0289504312 0.997008102
24.11727  -7.41896222 -0.344780388 17.7536432 -0.00775882423 -0.0737016794 -0.0297977074 0.996804875
24.22127  -7.44818401 -0.344749912 17.928506 -0.00985425672 -0.0767215605 -0.0300654138 0.996550434
24.42914  -7.5082594 -0.344675171 18.2734811 -0.00914885013 -0.0835704166 -0.0283159194 0.996057475
24.53302  -7.53807798 -0.343594991 18.4327624 -0.00555106461 -0.0880302766 -0.0275323569 0.995721761
24.74076  -7.61021253 -0.34364737 18.7887435 -0.00634374083 -0.0978747658 -0.0261004727 0.994836194
24.84464  -7.64942713 -0.34195148 18.9656978 -0.00945870166 -0.103534234 -0.0256722053 0.994249533
24.94851  -7.69065992 -0.34053979 19.1369494 -0.0133366446 -0.109472329 -0.0261200956 0.993557086
25.05239  -7.73285987 -0.339308213 19.3004898 -0.0151230628 -0.115207297 -0.0261794293 0.992881266
25.15627  -7.77540892 -0.338472152 19.4569078 -0.0125871217 -0.121400655 -0.0278411528 0.992133215
25.26014  -7.82447833 -0.336389791 19.6366726 -0.00807941606 -0.127191938 -0.0283190301 0.991440854
25.36401  -7.87432544 -0.333225439 19.8164503 -0.00572229387 -0.133501805 -0.0274604256 0.990651527
25.46789  -7.92564675 -0.330362491 19.9938359 -0.008330394 -0.13967278 -0.0265103719 0.989807718
25.57179  -7.9801141 -0.329292936 20.1674495 -0.0121336377 -0.145454119 -0.0266272117 0.988932185
25.67564  -8.03615578 -0.327231774 20.3378748 -0.0149512298 -0.151570793 -0.0261135599 0.987988278
25.77952  -8.09174062 -0.324132463 20.5026191 -0.0141097037 -0.158137078 -0.0249966517 0.986999872
25.88339  -8.14995427 -0.321408278 20.6633582 -0.0120076911 -0.164120171 -0.0243135251 0.986067562
25.98739  -8.20863718 -0.320163967 20.8185025 -0.00880235978 -0.168908563 -0.0227380271 0.985330096
26.09127  -8.26716131 -0.31858966 20.9681119 -0.00605950837 -0.173103652 -0.0210837503 0.984659273
26.19527  -8.32653604 -0.317164704 21.117097 -0.0047942899 -0.177593971 -0.0209334898 0.983869496
26.29929  -8.39635685 -0.316538038 21.2940854 -0.00449210253 -0.181171112 -0.023839756 0.983152336
26.40314  -8.465578 -0.315630352 21.4703113 -0.00573274102 -0.185202926 -0.0236464284 0.982399032
26.50702  -8.5340357 -0.312967835 21.640651 -0.00913264876 -0.189312744 -0.0233716971 0.981596171
26.61102  -8.60201376 -0.310564121 21.8030314 -0.0132992618 -0.192815079 -0.0234674631 0.980864289
26.71489  -8.67449747 -0.30908138 21.9647651 -0.0159500314 -0.195958975 -0.0279227837 0.980084688
26.81889  -8.7476866 -0.305893998 22.1220102 -0.0136589862 -0.199010328 -0.0318542322 0.979384311
26.92289  -8.81776983 -0.302423403 22.2770907 -0.00992199695 -0.202077697 -0.0307903971 0.978835078
27.02689  -8.88626135 -0.299498457 22.4293612 -0.00673941387 -0.204853422 -0.0274330764 0.978384936
27.13089  -8.95650073 -0.297152344 22.5767446 -0.0062913905 -0.20702491 -0.0277956659 0.977920501
27.23477  -9.02861985 -0.295548689 22.722213 -0.00818577428 -0.209942696 -0.0301928725 0.977213103
27.33864  -9.10829264 -0.293239657 22.8940279 -0.0103758447 -0.212358686 -0.0310211846 0.976644161
27.44266  -9.18710636 -0.291531954 23.064685 -0.00977225651 -0.214996263 -0.0293643586 0.9761244
27.54652  -9.26650867 -0.289258957 23.2296693 -0.00658227677 -0.217532737 -0.0292726999 0.975591764
27.65052  -9.34507706 -0.286814501 23.38989 -0.00333862931 -0.220098778 -0.0285753539 0.975053245
27.75439  -9.42392715 -0.285546217 23.5466633 -0.00250303568 -0.222657094 -0.0291506315 0.974457692
27.85841  -9.50250345 -0.285327444 23.6989399 -0.00449271265 -0.224821481 -0.0301588216 0.97392277
28.06615  -9.66058197 -0.283902391 24.0038782 -0.00563246812 -0.229738451 -0.0311667545 0.972736939
28.17002  -9.73554928 -0.283603716 24.1476371 -0.00522641954 -0.233035739 -0.0301051015 0.97198802
28.37789  -9.90176853 -0.281023003 24.4659362 -0.00563182421 -0.237092463 -0.0289090561 0.971040531
28.48189  -9.98730142 -0.279616979 24.6257277 -0.0057649473 -0.239240331 -0.0296450927 0.970490596
28.58577  -10.0711972 -0.278774262 24.7799509 -0.00576159141 -0.241543129 -0.0298643166 0.969913317
28.68966  -10.1518372 -0.278365555 24.9277262 -0.00390720346 -0.244044716 -0.028816713 0.969327864
28.79367  -10.2309045 -0.278529875 25.0681254 -0.00188672931 -0.246406099 -0.0276143339 0.968771347
28.89752  -10.3075019 -0.278576826 25.2006516 -0.000610147097 -0.248650747 -0.0270960663 0.968213942
29.00152  -10.3795271 -0.278170903 25.3290784 -0.00234117734 -0.250864831 -0.0273658687 0.967632402
29.20939  -10.5514134 -0.276233024 25.6264015 -0.0116033283 -0.253759936 -0.028015456 0.966791804
29.31327  -10.6334385 -0.27468158 25.7663722 -0.0142889558 -0.255401048 -0.0270327892 0.966351571
29.52114  -10.7886973 -0.26857955 26.0325705 -0.0126149043 -0.25927458 -0.0247893209 0.965403048
29.72904  -10.9441949 -0.264205163 26.2920141 -0.011063227 -0.26188522 -0.0233418816 0.964753281
29.93677  -11.0912532 -0.261158472 26.5336024 -0.0115804263 -0.264466743 -0.0225935433 0.964060562
30.14465  -11.2290475 -0.257408871 26.7582553 -0.0128711479 -0.267451065 -0.0212906697 0.963250211
30.3524  -11.3503702 -0.255773965 26.959773 -0.0129847026 -0.269362061 -0.0200425356 0.962742839
30.56027  -11.4642407 -0.255103338 27.1413365 -0.0092434918 -0.271721099 -0.0199090331 0.962125684
30.7679  -11.5652863 -0.25339506 27.3045134 -0.0094878968 -0.275955321 -0.0157128559 0.960995186
30.97565  -11.6642432 -0.251955691 27.4467481 -0.0105673802 -0.28206809 -0.0178731994 0.959169678
31.28714  -11.8070575 -0.248926175 27.6523175 -0.0174136352 -0.292003472 -0.0225986092 0.955991653
31.59839  -11.9268386 -0.244834383 27.8180943 -0.0206725242 -0.308641175 -0.0180879962 0.950781834
31.90952  -12.0366149 -0.242731647 27.9397723 -0.0198812341 -0.335865436 -0.0185134033 0.941518136
32.22065  -12.1398777 -0.239798225 28.0297005 -0.0126086462 -0.367426927 -0.017916272 0.929794323
32.53177  -12.2548852 -0.234178289 28.1204402 -0.0113976531 -0.400131322 -0.0207819042 0.91615126
32.73927  -12.333105 -0.230351287 28.1735397 -0.0140023408 -0.425079466 -0.02004768 0.904825659
32.94665  -12.4140132 -0.226398111 28.21241 -0.0159225196 -0.452331266 -0.0238807299 0.891388024
33.15402  -12.4975963 -0.223622003 28.2399267 -0.0164601874 -0.480435719 -0.0267959004 0.87646595
33.36165  -12.5889237 -0.221276513 28.2813127 -0.0177027979 -0.506562185 -0.0308523034 0.861469384
33.56902  -12.6857201 -0.218424597 28.3175111 -0.0170709504 -0.535670766 -0.0293791519 0.843743017
33.77642  -12.794205 -0.21360024 28.3436601 -0.0151453038 -0.568496058 -0.0270923067 0.822100273
33.98365  -12.9176555 -0.206680008 28.3610087 -0.0149573558 -0.604855656 -0.0256216105 0.795782286
34.19102  -13.0501378 -0.199437724 28.3580693 -0.0141712713 -0.644134114 -0.0233216629 0.764425613
34.39842  -13.2211666 -0.190086751 28.3689156 -0.0163216978 -0.681561759 -0.0228329555 0.731222146
34.6059  -13.4063803 -0.181043836 28.3582314 -0.0210656208 -0.719283621 -0.0215536421 0.694062499
34.70966  -13.5070545 -0.176085169 28.3479708 -0.0233468972 -0.737437507 -0.0205033644 0.674700272
34.8134  -13.6072516 -0.170922134 28.3282125 -0.0251123311 -0.75521437 -0.0198093036 0.654697043
34.91715  -13.7078987 -0.165590103 28.3004077 -0.0265039424 -0.772098282 -0.0193913054 0.634654048
35.02102  -13.8080645 -0.159465986 28.2647124 -0.0280898412 -0.788008138 -0.0184238602 0.61474767
35.12477  -13.9074715 -0.154748094 28.2209795 -0.0302229134 -0.803372516 -0.0168519479 0.59447051
35.22867  -14.0014262 -0.149974013 28.1672848 -0.0321514008 -0.81789049 -0.0152250623 0.574273133
35.33252  -14.0984911 -0.145291478 28.1105314 -0.0340215525 -0.83157619 -0.0138240615 0.554195336
35.4364  -14.1928821 -0.140395578 28.0492947 -0.0354396735 -0.844502721 -0.0126535327 0.534227546
35.54042  -14.2860382 -0.13530174 27.9827231 -0.0360179929 -0.856619835 -0.0119434991 0.51455079
35.74865  -14.5238356 -0.122713885 27.8261892 0.036420642 0.87405405 0.0111848891 -0.484332481
35.95705  -14.7693903 -0.109560599 27.6456481 0.0345603126 0.885539545 0.0109791163 -0.463146583
36.16567  -15.0270716 -0.0958595244 27.4474151 0.0346423394 0.89258987 0.0111994864 -0.449397156
36.37417  -15.296866 -0.0824847236 27.2310847 0.0358942015 0.897509893 0.0112764234 -0.439386437
36.47842  -15.4204713 -0.0761316238 27.1252127 0.0355675289 0.899448305 0.0117839657 -0.435418001
36.6869  -15.6902384 -0.0615871777 26.8959043 0.0354060691 0.902720869 0.0121590204 -0.428594916
36.89515  -15.9987938 -0.0451559608 26.6419974 0.0367356501 0.903766065 0.0120200602 -0.426277973
37.10355  -16.3165185 -0.0279344713 26.378165 0.0370494366 0.904144752 0.0115985151 -0.425458671
37.31178  -16.635637 -0.0108546597 26.1086871 0.0369869657 0.904648091 0.0106189804 -0.424418465
37.41589  -16.7930607 -0.00197550328 25.9740394 0.0367812807 0.905668248 0.0111183227 -0.422242282
37.52003  -16.9702033 0.00740372695 25.8256385 0.0370384397 0.905501344 0.0123805946 -0.422542533
37.62415  -17.1486447 0.0166097469 25.6750681 0.0372920814 0.905622234 0.0134589504 -0.42222805
37.72815  -17.3232249 0.0258288536 25.5265921 0.0374716731 0.905806976 0.0132378898 -0.421822657
37.83228  -17.4932887 0.0352606403 25.3798397 0.037269063 0.906072955 0.0121806322 -0.421300902
37.93628  -17.658468 0.0444697408 25.2356582 0.0373983502 0.906317781 0.0113746462 -0.420785054
38.04028  -17.8190014 0.0528678577 25.0933836 0.0381163681 0.906593025 0.0109387816 -0.420138754
38.14428  -17.9816562 0.0610526722 24.9497563 0.038605917 0.907274609 0.0103320921 -0.418635421
38.24828  -18.1726698 0.0700365696 24.7872716 0.0383304082 0.907149291 0.00913822823 -0.418959945
38.35228  -18.3649598 0.0787701264 24.6229868 0.0374354359 0.907341549 0.00713670414 -0.418663312
38.45615  -18.5555605 0.087222855 24.4582364 0.0359116515 0.90756113 0.00581779135 -0.418341132
38.56015  -18.7446477 0.0944761136 24.2933653 0.034614113 0.907557831 0.00607166507 -0.418454037
38.66415  -18.9325636 0.101217442 24.1291486 0.0343478931 0.907556107 0.00714101499 -0.418462831
38.76815  -19.1180075 0.108120456 23.9670873 0.0346264112 0.907607147 0.00858951279 -0.418301923
38.87203  -19.2995155 0.11510794 23.807962 0.0353511073 0.907764624 0.00962419035 -0.417876849
38.97602  -19.478245 0.12255468 23.6507072 0.0360159976 0.908472778 0.0103133718 -0.416261568
39.0799  -19.6723608 0.130406672 23.4828566 0.0367462024 0.908249933 0.0105028483 -0.416679093
39.18393  -19.8630649 0.138245515 23.3169962 0.0371556007 0.908231111 0.0105429151 -0.416682801
39.28778  -20.0458995 0.145953041 23.1551937 0.0363253229 0.908392946 0.0110962963 -0.41638876
39.39175  -20.2216012 0.153869264 22.9980405 0.0363466969 0.908604648 0.0115549652 -0.415912243
39.49583  -20.4110819 0.162233341 22.831886 0.0363987106 0.908504893 0.0123861033 -0.416101645
39.59958  -20.5997039 0.170790737 22.6671649 0.0368940759 0.908548495 0.0127657763 -0.415951312
39.70363  -20.7849419 0.179138303 22.5041818 0.0367465678 0.908748727 0.0125718951 -0.415532655
39.80787  -20.967113 0.18762634 22.3433623 0.0370083625 0.908950619 0.0120258553 -0.415083765
39.91128  -21.1446777 0.195485232 22.1850362 0.0369670921 0.90930935 0.0116395424 -0.414312034
40.01528  -21.3180969 0.203311424 22.0282876 0.0368966023 0.909829445 0.0117698868 -0.413171261
40.11914  -21.5134642 0.211676483 21.8578717 0.036798525 0.909793042 0.0116200564 -0.413264399
40.22303  -21.7056806 0.219882287 21.6891015 0.0364308945 0.909900813 0.0114458226 -0.413064514
40.32693  -21.8933691 0.227795764 21.5230985 0.0357870938 0.91004561 0.0111696208 -0.412809291
40.43077  -22.0780943 0.235620547 21.3590395 0.035208326 0.910336614 0.0114133275 -0.412210333
40.53499  -22.2541763 0.242850018 21.1989283 0.0335732957 0.910518311 0.0123497715 -0.411918345
40.74254  -22.6070828 0.257065381 20.8820139 0.0319000653 0.910503085 0.0123513923 -0.412084895
40.84641  -22.7948124 0.26480668 20.7161199 0.0312192512 0.90984043 0.0118375048 -0.41361289
40.9504  -22.9803967 0.272223989 20.5534301 0.0318399971 0.909416688 0.0117894053 -0.414497903
41.0546  -23.1597864 0.279294993 20.3954205 0.0328479305 0.909177438 0.0123485363 -0.414927601
41.15823  -23.3315754 0.287471129 20.2434272 0.0349868537 0.909025179 0.0140504481 -0.415032202
41.26246  -23.5195105 0.296690699 20.0813824 0.0374980542 0.908575589 0.016624528 -0.415701721
41.36593  -23.7045262 0.305979622 19.920697 0.0381193316 0.908423767 0.0173157118 -0.415948726
41.46982  -23.8855135 0.316416568 19.7623687 0.0371180385 0.908451383 0.0152923177 -0.416058267
41.57358  -24.062281 0.326202454 19.6065049 0.0359931531 0.908585661 0.0131585481 -0.415936824
41.67741  -24.235517 0.335002686 19.4526027 0.0360184531 0.90867162 0.0130859343 -0.415749102
41.78121  -24.4040336 0.343138827 19.3011549 0.0361385875 0.909026089 0.0148041035 -0.414905302
41.88506  -24.59612 0.352316564 19.1361519 0.0370814553 0.908786074 0.0151784084 -0.415334147
41.9888  -24.7854381 0.361894149 18.9730991 0.0371126249 0.909056278 0.0142793034 -0.41477155
42.09274  -24.9670456 0.371195357 18.8141574 0.0368822889 0.909261875 0.013431395 -0.414369566
42.19645  -25.1450604 0.379954363 18.6566253 0.0368775583 0.909440655 0.0141210376 -0.41395451
42.30017  -25.3200491 0.388801291 18.5012598 0.037752575 0.909585516 0.0159248651 -0.413491634
42.40408  -25.4906668 0.397861504 18.3489424 0.0386323082 0.909813468 0.0171731508 -0.412858428
42.50779  -25.6582319 0.407420794 18.1981446 0.038872138 0.910430765 0.0173056186 -0.411467247
42.61155  -25.8384111 0.41746412 18.0394299 0.0394325862 0.910188793 0.016244935 -0.411992152
42.71529  -26.0175009 0.427417632 17.8811134 0.0394629719 0.910293347 0.0152603655 -0.411795845
42.81919  -26.1914697 0.436876861 17.7247369 0.0383406822 0.910342563 0.0152163223 -0.411794698
42.92292  -26.3595643 0.445355886 17.5724208 0.0373507397 0.910238201 0.0153112042 -0.412112736
43.02685  -26.5197063 0.453399709 17.4258301 0.0364950269 0.910278433 0.0155184681 -0.412092786
43.13055  -26.671461 0.461125821 17.2846546 0.0352466598 0.910615376 0.0160273996 -0.411437034
43.23443  -26.8530582 0.470504262 17.1256129 0.0350150226 0.910145436 0.016520581 -0.412475823
43.33833  -27.0309337 0.479555079 16.9700301 0.0354344843 0.90990351 0.0163886387 -0.412978707
43.44205  -27.202734 0.488411492 16.8180883 0.0346999532 0.90982773 0.0160662463 -0.413220633
43.54591  -27.3689426 0.496685251 16.669805 0.034083374 0.909780058 0.0156121543 -0.41339428
43.64977  -27.5317166 0.504798796 16.5248682 0.0340404051 0.910115892 0.0155382817 -0.412660727
43.75365  -27.6912487 0.512892987 16.3823775 0.0353475239 0.910495903 0.0156471594 -0.411707335
43.8575  -27.8616988 0.520989006 16.2338172 0.0360030285 0.909926212 0.0155716032 -0.412911124
43.96128  -28.0307848 0.52881491 16.0860453 0.0355023308 0.909721821 0.0144933082 -0.413443753
44.06519  -28.1952819 0.53678359 15.9418364 0.0353851614 0.909626051 0.0124004605 -0.413732481
44.16905  -28.3534367 0.543875363 15.8018339 0.0350918604 0.90945474 0.01144219 -0.414161459
44.27279  -28.5047585 0.549587888 15.6654495 0.0338942023 0.909411461 0.0125644209 -0.414323682
44.37666  -28.6477288 0.554968788 15.5319814 0.0335060503 0.909810138 0.0133343959 -0.413455016
44.48054  -28.8170847 0.561503394 15.3850474 0.0338775652 0.909455554 0.0131639168 -0.41420963
44.58431  -28.9818097 0.568052726 15.2420559 0.0340174908 0.909357903 0.0127483877 -0.414425498
44.68822  -29.1403435 0.574637509 15.1036242 0.0341935712 0.909308309 0.0126441004 -0.414523009
44.79218  -29.2923124 0.580516543 14.9696007 0.0339609991 0.909367556 0.0126720029 -0.414411292
44.89587  -29.438036 0.585635482 14.8394116 0.0334869704 0.909424132 0.0130434354 -0.414314181
44.99971  -29.5761804 0.590893868 14.7138094 0.0331692427 0.909622258 0.0130444253 -0.41390457
45.20733  -29.8535884 0.602026292 14.4655982 0.0335786917 0.910169682 0.0143392681 -0.412623324
45.31122  -29.9798528 0.607349521 14.3426065 0.033669746 0.91072975 0.0155243875 -0.411335222
45.51894  -30.2521507 0.61950287 14.1067119 0.0358996754 0.910492207 0.0161815057 -0.411647073
45.62298  -30.3826795 0.625698288 13.994412 0.0371052276 0.910444223 0.0160914826 -0.411649831
45.83109  -30.6319818 0.637788006 13.7738206 0.0375222683 0.910788678 0.0160923831 -0.410849241
46.03818  -30.8620301 0.649261596 13.5648355 0.0387866239 0.911718085 0.0146366658 -0.40871934
46.24592  -31.0990803 0.659999077 13.3521889 0.0412924432 0.913908858 0.0125216835 -0.403619549
46.45343  -31.3167979 0.670008708 13.1450756 0.0437021709 0.91827855 0.0114331784 -0.393349598
46.66097  -31.5138904 0.678757758 12.94185 0.0459531701 0.924268947 0.0106768334 -0.378815555
46.86831  -31.7071115 0.686950739 12.7287642 0.0497388993 0.931868937 0.00881724983 -0.359261161
47.07556  -31.8732088 0.693918962 12.5132885 0.0494990332 0.941545618 0.00950488224 -0.333093608
47.28292  -32.0090569 0.699309318 12.2974505 0.0467109288 0.952202273 0.0113178545 -0.301663431
47.49016  -32.135322 0.704250278 12.0687287 0.0463671998 0.963368376 0.012337487 -0.263854585
47.59387  -32.1865316 0.706144032 11.952017 0.0439825469 0.969350472 0.0128625084 -0.241370574
47.69741  -32.2232243 0.707450848 11.8414261 0.0400940576 0.974982294 0.0126444934 -0.218270727
47.90491  -32.2781529 0.707901434 11.6223832 0.0298047291 0.984567297 0.0117245714 -0.172050721
48.11229  -32.3095518 0.707180175 11.4033438 0.0250811699 0.99213709 0.00916765445 -0.122273802
48.31978  -32.3446757 0.7094683 11.1734168 0.0252901149 0.996920939 0.00929311434 -0.0736389085
48.42363  -32.3513142 0.709520458 11.0596213 0.021751838 0.998516178 0.0108264793 -0.0487348601
48.52742  -32.3479382 0.709543654 10.9464454 0.0170681602 0.999475902 0.0133448895 -0.0240523047
48.63119  -32.3369674 0.709740653 10.8388813 0.0158409314 0.999762399 0.0149062543 0.00141918574
48.73491  -32.3192937 0.711095396 10.7368285 0.0176157133 0.999329001 0.0143399575 0.0287332525
48.83878  -32.3066572 0.710995215 10.6178102 0.0220514584 0.998228923 0.013291947 0.0536290386
48.94253  -32.2842346 0.70988517 10.5049409 0.0239603826 0.996514593 0.011832754 0.0790224817
49.04641  -32.2518039 0.708791562 10.3973185 0.0246398497 0.994176784 0.0106722461 0.10436236
49.15028  -32.2119962 0.70782874 10.2965574 0.0243225808 0.991255991 0.00923865142 0.129362359
49.25403  -32.1656589 0.708269739 10.203063 0.0248632367 0.987528683 0.00815428513 0.155249562
49.35791  -32.1128892 0.708216348 10.1129027 0.0270196674 0.982988525 0.00829480871 0.181479181
49.46178  -32.058197 0.707502039 10.0227011 0.0278611099 0.978057359 0.00808342909 0.206306132
49.56578  -31.9993398 0.705518223 9.92469178 0.0257788002 0.973556667 0.00822017779 0.226837605
49.66978  -31.936622 0.703523513 9.82531303 0.0242744447 0.968654708 0.00995526595 0.247021659
49.77378  -31.8726925 0.701699694 9.72844239 0.0252664261 0.963773455 0.0121288746 0.265245594
49.87803  -31.8052604 0.700021325 9.63507991 0.0269251656 0.959124543 0.0137033364 0.281366959
50.08641  -31.6611337 0.697464946 9.45659416 0.0258422087 0.950815636 0.0142705909 0.308347461
50.29505  -31.5094959 0.696145458 9.28100404 0.024338514 0.944318964 0.0134045258 0.327856141
50.50368  -31.3435386 0.692484697 9.07806606 0.0231803841 0.940840289 0.0117710049 0.337851542
50.60803  -31.2601964 0.691067023 8.97280596 0.0227264372 0.939283569 0.0100758775 0.342240211
50.71239  -31.1740199 0.690164587 8.87454002 0.0231989158 0.937931025 0.00940826446 0.345917169
50.92092  -30.9952836 0.687494135 8.68010117 0.0254429094 0.935904816 0.0101122832 0.351187379
51.02528  -30.9040711 0.685695482 8.58408832 0.0242543485 0.934932123 0.00921858528 0.35387663
51.12953  -30.8088252 0.683423719 8.4822332 0.0225471629 0.934827312 0.00771617104 0.354302108
51.2338  -30.7098739 0.681996688 8.3741803 0.0210675547 0.934616426 0.00726059358 0.354958559
51.33803  -30.6109648 0.681078516 8.26273688 0.0222749593 0.934425828 0.00818099219 0.355366387
51.44216  -30.5109242 0.679089516 8.14885923 0.0246512274 0.934401429 0.00910139655 0.355251252
51.5464  -30.4080328 0.675949 8.03464758 0.0250871565 0.934510794 0.00882703494 0.354939846
51.65053  -30.3033513 0.67352681 7.92208041 0.0237336316 0.934599521 0.00619627861 0.35485498
51.85878  -30.0870093 0.669391192 7.68427595 0.0247894717 0.934693748 0.000691308569 0.354587933
51.96278  -29.9800776 0.66647906 7.56615815 0.025811414 0.934545311 0.00114345247 0.354904952
52.06691  -29.8584851 0.661892996 7.42965657 0.0246267207 0.934822116 0.00187902741 0.354256412
52.17103  -29.7348779 0.657654041 7.29473397 0.0212894924 0.93498546 0.00200955369 0.354040829
52.27503  -29.6117554 0.653362189 7.16105539 0.0194624196 0.935022387 0.00200998897 0.354048457
52.37903  -29.4882716 0.649998965 7.02509492 0.0188481828 0.93492694 0.00264353929 0.354329472
52.58716  -29.2317132 0.645204242 6.74035332 0.017868455 0.934940992 0.00619989695 0.354298775
52.79515  -28.9680985 0.639497414 6.45222519 0.0147514848 0.934644944 0.00481086749 0.355243687
53.00316  -28.6890289 0.635626064 6.13845576 0.0171524881 0.934534071 0.00443821799 0.355432362
53.10716  -28.5467574 0.632508664 5.97925601 0.0170821679 0.934604456 0.00735632541 0.355202188
53.21118  -28.4049428 0.630178627 5.82078794 0.0183051609 0.934576487 0.00909869143 0.3551745
53.31516  -28.2652691 0.627692428 5.66578333 0.0191780625 0.934394327 0.00911659556 0.355606989
53.52315  -27.9692417 0.622587993 5.33023185 0.0238214272 0.93435366 0.00659136587 0.355488864
53.62704  -27.8187829 0.618674723 5.16075651 0.0244427388 0.934152451 0.00568330638 0.355990802
53.83505  -27.5154871 0.610153277 4.82486227 0.0233473732 0.934409723 0.00608649149 0.355381942
54.04291  -27.2127688 0.601788867 4.48915281 0.022326341 0.93453661 0.00908018831 0.355049869
54.14678  -27.0675143 0.599260183 4.32587904 0.0243508673 0.934353771 0.0107652216 0.355350778
54.35466  -26.7629133 0.592690845 3.97701583 0.0286614393 0.9344787 0.0146616898 0.354560455
54.45866  -26.6094845 0.590559934 3.80272641 0.0292666067 0.934465086 0.0180143203 0.354392371
54.56253  -26.4583484 0.589050565 3.63141039 0.0297918093 0.934315825 0.0210403674 0.354575366
54.66641  -26.3104603 0.587991777 3.4660518 0.0308586002 0.934374716 0.0206207584 0.354353526
54.77042  -26.1641782 0.586459721 3.30538591 0.031124523 0.934522979 0.0166378278 0.354148624
54.87429  -26.0213873 0.585253524 3.14324929 0.0324463112 0.934638915 0.0126127937 0.353890172
54.97853  -25.8701343 0.581634599 2.97345311 0.0332830175 0.934959119 0.0113625628 0.353007902
55.08204  -25.719622 0.577159971 2.80404692 0.0329907231 0.935115552 0.0125928711 0.352578978
55.18592  -25.5723675 0.573010863 2.6382987 0.0328969345 0.935180635 0.0139602459 0.352363568
55.29078  -25.4272078 0.569411815 2.47518831 0.0324863017 0.935265517 0.0145170831 0.352153811
55.39373  -25.2855558 0.566383502 2.31826306 0.0309159502 0.935811564 0.0141987953 0.35085512
55.49768  -25.1490645 0.563470479 2.16143379 0.0290838791 0.936788333 0.0139197967 0.348407786
55.70567  -24.8704733 0.557058059 1.83415102 0.0286679432 0.940341614 0.0136750363 0.33874591
55.91381  -24.6116254 0.551952542 1.5008518 0.0304928856 0.945510968 0.0166120392 0.323733276
56.01793  -24.4832118 0.550035602 1.32536257 0.031165296 0.948839087 0.0184984563 0.313673268
56.12205  -24.3626257 0.548562884 1.15111393 0.0320508011 0.952572735 0.0196031937 0.301982856
56.33051  -24.1405431 0.549127347 0.796549838 0.0352660513 0.961050396 0.0215220186 0.273267715
56.53894  -23.9459059 0.550404881 0.434022111 0.0373771627 0.969315827 0.0219763274 0.241964493
56.74729  -23.7686338 0.550588103 0.0500982675 0.0410980189 0.97694081 0.0136996181 0.209069192
56.95555  -23.6137288 0.547844404 -0.342160243 0.0377965119 0.98343068 0.00978462209 0.177030456
57.16356  -23.4862319 0.54326344 -0.74006199 0.0376055218 0.987920603 0.00923632377 0.150044651
57.26747  -23.4317631 0.5431915 -0.938832186 0.0391149885 0.989409533 0.00837169639 0.139530314
57.47515  -23.3219214 0.541399285 -1.36074402 0.0370458155 0.991997982 0.0118694789 0.120111309
57.57907  -23.2714288 0.541403544 -1.57745515 0.0370052151 0.993066566 0.0130820966 0.110807351
57.68293  -23.2270751 0.542536624 -1.792047 0.0368772734 0.994011094 0.0129964657 0.102044615
57.78669  -23.1862984 0.542813448 -2.00572324 0.0365488436 0.994839103 0.0108990777 0.0940242083
57.89057  -23.1491846 0.543382112 -2.22159932 0.0382726613 0.995427556 0.0095331335 0.0869959976
57.99489  -23.1146762 0.545548576 -2.4397997 0.0410913363 0.995723835 0.0114779143 0.0819378002
58.09807  -23.08283 0.547545289 -2.65980281 0.0434950411 0.99581943 0.0164151546 0.0786281504
58.20185  -23.0506776 0.550813952 -2.8791889 0.0447997436 0.995795091 0.0209515065 0.0771113066
58.30544  -23.0170569 0.55594984 -3.09698322 0.0436633034 0.995863409 0.0209967834 0.0768682126
58.40923  -22.9801569 0.560159445 -3.32736048 0.0422410382 0.996005362 0.0195503398 0.0762023497
58.51281  -22.941515 0.563747477 -3.55956634 0.0397464325 0.996193585 0.0171532682 0.0756592831
58.61656  -22.9016891 0.566878701 -3.7923313 0.0357517803 0.996383149 0.0158167804 0.07544707
58.72045  -22.8621798 0.569975187 -4.02656907 0.0333174875 0.996468875 0.0156639576 0.075461021
58.82403  -22.8240817 0.573132662 -4.26041099 0.0320652684 0.996464651 0.0167247843 0.0758307261
58.92782  -22.7856529 0.576513358 -4.49348934 0.0309742404 0.996444394 0.0174239552 0.0763909096
59.0317  -22.7478448 0.580745007 -4.72356942 0.0305932058 0.996393947 0.0176088271 0.0771562492
59.13542  -22.7064785 0.584183034 -4.97385762 0.029761558 0.996390115 0.016991911 0.0776676507
59.23917  -22.6650088 0.58737131 -5.22274065 0.0290203404 0.996398685 0.0160461345 0.0780384603
59.34307  -22.6231124 0.590300997 -5.46995451 0.0279528715 0.996431769 0.014954415 0.0782223214
59.44678  -22.5811213 0.592887665 -5.71100115 0.0261077927 0.996482331 0.0144176808 0.0783165166
59.55068  -22.5394123 0.595027261 -5.96758002 0.025124329 0.996574508 0.0144613245 0.0774524865
59.65455  -22.4985902 0.59707272 -6.22137053 0.0244638044 0.996648376 0.0147829716 0.0766485523
59.75842  -22.4584139 0.599342422 -6.47057013 0.0242670283 0.996694841 0.0149820941 0.0760660428
59.86246  -22.4188925 0.601486812 -6.7172734 0.0236679795 0.99675271 0.0151168275 0.0754675044
59.96599  -22.3803118 0.603980858 -6.96074225 0.0234683859 0.996782389 0.015995371 0.0749550035
60.06969  -22.3409571 0.60634108 -7.19937195 0.0229944239 0.996794844 0.0170623885 0.0747005399
60.17345  -22.3027161 0.608981773 -7.44938097 0.0227549447 0.996825339 0.0179583463 0.0741549364
60.27719  -22.2646781 0.611485537 -7.6945932 0.0223632607 0.996879532 0.0172553458 0.0737111736
60.38105  -22.2267196 0.614274742 -7.93463877 0.022217666 0.99693216 0.0159821527 0.0733294909
60.4848  -22.1891735 0.616597575 -8.18164908 0.0220328155 0.996975365 0.0153380718 0.0729343564
60.58854  -22.1518725 0.618753172 -8.42303905 0.0217134956 0.997020156 0.0154303513 0.0723963826
60.6926  -22.1144812 0.62072822 -8.67361309 0.0211613665 0.997094366 0.0159378263 0.0714213323
60.797  -22.07848 0.623140068 -8.9164183 0.0205438059 0.997188729 0.0167066267 0.0700962211
60.9002  -22.0437748 0.625141212 -9.15232395 0.0200514589 0.997292047 0.0167287035 0.0687507257
61.00392  -22.0099332 0.627935764 -9.38120179 0.0191250443 0.997404271 0.0162547046 0.0674887898
61.1077  -21.9756593 0.630310934 -9.63002494 0.0188501866 0.997523291 0.015750021 0.0659082046
61.21158  -21.9422909 0.632708212 -9.87318393 0.0184120712 0.997620247 0.0164994225 0.0643630903
61.31529  -21.9106646 0.635054703 -10.1096582 0.0181842327 0.997692698 0.0172860568 0.0630857065
61.4192  -21.8803488 0.63816382 -10.3409141 0.0180999887 0.997755587 0.0179705418 0.0619131531
61.52295  -21.849753 0.641053537 -10.5855954 0.0188570511 0.997819645 0.0181451106 0.0605897887
61.62679  -21.8198772 0.643971922 -10.8240072 0.0190236509 0.99789335 0.0178577127 0.0593975085
61.73099  -21.7913535 0.647315979 -11.0524767 0.0192354256 0.997949007 0.0174023239 0.0585229572
61.83451  -21.7630017 0.650195645 -11.2791837 0.0186432856 0.998002418 0.0174177628 0.057794659
61.93839  -21.7347629 0.653391562 -11.5017842 0.0179015261 0.998034437 0.0177578637 0.0573712157
62.04207  -21.7060942 0.655556949 -11.7402642 0.0177687595 0.998077858 0.0170406633 0.0568724604
62.14593  -21.6781444 0.657830171 -11.9736624 0.0176406767 0.998135145 0.0148091002 0.056530782
62.24991  -21.6503632 0.6598386 -12.2015711 0.0171064785 0.998168308 0.0133688395 0.0564683265
62.35366  -21.6227394 0.661291941 -12.4243042 0.017308523 0.998159159 0.0128378751 0.0566912452
62.45742  -21.5949915 0.66228984 -12.6600604 0.017929744 0.998120301 0.013451573 0.0570389631
62.56129  -21.5671563 0.66345871 -12.890348 0.0186559479 0.998081713 0.0139394146 0.0573632556
62.66529  -21.5402381 0.664513638 -13.1150506 0.0195501809 0.998029153 0.0145174664 0.0578346126
62.76905  -21.5131315 0.665786581 -13.3341984 0.0198939526 0.997983676 0.0149515593 0.0583888978
62.8728  -21.4874299 0.667711561 -13.5476945 0.0196526412 0.997955193 0.0152982203 0.0588657025
63.08066  -21.4303086 0.670675076 -14.0015865 0.0195973018 0.997916885 0.0149708066 0.0596130091
63.18446  -21.4015491 0.67236283 -14.2268514 0.0210255354 0.99784035 0.0143795383 0.0605457882
63.28824  -21.3728241 0.673412631 -14.4496332 0.0214900619 0.997745545 0.0138659422 0.0620462785
63.39207  -21.3428121 0.674330429 -14.6689991 0.0208754398 0.997673876 0.0135773737 0.063456343
63.49582  -21.3138463 0.675040167 -14.8851964 0.0209178194 0.997606563 0.0128415746 0.0646427491
63.59972  -21.2842015 0.675599752 -15.0977012 0.020968936 0.997549902 0.0125255246 0.0655561504
63.70364  -21.2543213 0.676345532 -15.3057532 0.0203496209 0.997525398 0.0127266469 0.0660833235
63.80744  -21.2262509 0.676711187 -15.5093644 0.0191564876 0.997520163 0.0136903502 0.0663259226
63.91142  -21.1958344 0.677490319 -15.7263314 0.0189074624 0.997532789 0.0147297644 0.065983909
64.01577  -21.1668345 0.678475525 -15.9362931 0.0186764399 0.997561293 0.0152294673 0.0655035973
64.11946  -21.1390471 0.679480957 -16.1379142 0.0178541186 0.997619863 0.0153479141 0.0648095702
64.22341  -21.1118849 0.680689064 -16.3357061 0.0169927979 0.997704543 0.0152352427 0.0637556026
64.32743  -21.086591 0.682038435 -16.5295231 0.0164854255 0.997834968 0.0153735488 0.0617839842
64.53556  -21.0417238 0.683770315 -16.9062934 0.0167791968 0.998189153 0.0154778482 0.0556534738
64.74358  -21.0072308 0.685863541 -17.2647541 0.0191882494 0.998536113 0.0166007592 0.0477687906
64.95155  -20.9792453 0.686744338 -17.5984229 0.0217985549 0.998803757 0.0171355599 0.0402771649
65.15952  -20.9582614 0.689362157 -17.9206033 0.0229466098 0.999032674 0.0175839216 0.0331357182
65.36748  -20.9428294 0.690990561 -18.2127918 0.0242267233 0.999189067 0.0172232344 0.0271594373
65.57532  -20.9294978 0.694471689 -18.4762027 0.0257898798 0.999266983 0.0171680916 0.0224863531
65.8873  -20.9125992 0.69865613 -18.8351709 0.0274057798 0.999301827 0.0193087282 0.0164910713
66.09534  -20.9048266 0.701967947 -19.0344176 0.0282985004 0.999305069 0.0201290101 0.0135423938
66.40705  -20.8996195 0.709142612 -19.2845334 0.0292011969 0.999291589 0.0209167193 0.0112295146
66.7188  -20.9327793 0.804610766 -19.5331795 0.0387136166 0.998961659 0.0167170676 0.0172452445
66.92676  -20.9216798 0.809522532 -19.6539625 0.0384135647 0.998948312 0.0154941578 0.0196621202
67.23847  -20.9102487 0.810911141 -19.8045446 0.0394095122 0.998864283 0.013151841 0.0233251832
67.75821  -20.8962009 0.813051308 -19.9883938 0.0382343334 0.99869309 0.0124779482 0.0315364534
68.27793  -20.8766136 0.813118097 -20.1137932 0.034983461 0.998114771 0.0122612921 0.0489154532
75.14381  -20.8575474 0.809575093 -20.1810998 0.0342601962 0.996522271 0.00972406487 0.0753328889
75.76748  -20.8316899 0.80827036 -20.2184119 0.0332740724 0.993769766 0.0090182777 0.105986595
76.18295  -20.8010248 0.805001169 -20.2641277 0.0309376137 0.989837618 0.00547099617 0.138688222
76.49507  -20.7628848 0.803052606 -20.3372294 0.0315141669 0.98525717 0.00686819461 0.168011889
76.80583  -20.7051749 0.801363344 -20.434889 0.0297818262 0.978544567 0.00906288987 0.203669922
77.01344  -20.6569035 0.799651075 -20.5097166 0.0307464235 0.972484792 0.0106941247 0.230680782
77.22084  -20.5979207 0.797935636 -20.5863326 0.03097595 0.964446415 0.0125110006 0.262158497
77.42819  -20.5282117 0.793189253 -20.6625773 0.0301591284 0.953409349 0.0100923069 0.299998642
77.63543  -20.4283323 0.790232672 -20.7608118 0.0288299487 0.938350108 0.00719080435 0.34440703
77.73908  -20.3671905 0.789106247 -20.818172 0.0306842835 0.928955452 0.00622882237 0.368865077
77.84269  -20.3038724 0.785699467 -20.8718588 0.0326192709 0.9185206 0.00442515907 0.394000392
77.94653  -20.2260444 0.785019682 -20.9263664 0.0331197953 0.90796372 0.00269164423 0.41772924
78.05025  -20.1407612 0.782873 -20.9798031 0.0328105037 0.896692006 0.00191733002 0.441433168
78.15397  -20.0487582 0.779583868 -21.0312942 0.0331237942 0.884614382 0.00187870223 0.465141569
78.25784  -19.9530053 0.7736064 -21.0757993 0.0328052778 0.871974453 0.00249482938 0.488444617
78.36156  -19.8364093 0.769342483 -21.1340112 0.0318903894 0.858483183 0.00335388561 0.511838235
78.46543  -19.7136165 0.764659588 -21.1862609 0.0312631861 0.844275625 0.00534073102 0.534969868
78.56931  -19.5862553 0.760595463 -21.2309608 0.0315158877 0.829206339 0.00797719598 0.557996381
78.67306  -19.4568445 0.755601291 -21.2652677 0.0312200287 0.813700243 0.00994760918 0.580360466
78.77693  -19.3212366 0.751240148 -21.2932794 0.0300565273 0.797713719 0.011503772 0.60217696
78.8808  -19.1809036 0.746508886 -21.3148154 0.0290269641 0.781908098 0.0128509218 0.622584946
78.98486  -19.0221108 0.742160867 -21.3376052 0.0289584246 0.765712743 0.013451197 0.642389656
79.08883  -18.8583333 0.737296103 -21.3539454 0.0300739412 0.750501896 0.0135362295 0.660044872
79.19296  -18.6915632 0.73213144 -21.3627397 0.0304748435 0.736964986 0.0125482436 0.675126977
79.29706  -18.5192902 0.727025263 -21.3656502 0.0300315589 0.725549027 0.0110865869 0.687425489
79.40131  -18.3451617 0.72104071 -21.3675393 0.0299332943 0.716372347 0.00942905427 0.697012017
79.50569  -18.1515413 0.713726675 -21.3660749 0.0309860258 0.708611984 0.00833686578 0.70486837
79.61007  -17.9530412 0.705879741 -21.3619379 0.0315055559 0.702468894 0.00809335122 0.71097071
79.71447  -17.7530939 0.697299324 -21.3562833 0.0324182565 0.697145281 0.00795532383 0.716152376
79.8188  -17.5527949 0.688136238 -21.346181 0.0337848114 0.69212572 0.00766615648 0.720945078
79.92305  -17.3534784 0.678893555 -21.3331901 0.0353296969 0.686901518 0.0067436433 0.725859932
80.02742  -17.1546667 0.66903925 -21.3184811 0.0362597609 0.681867331 0.00551242033 0.730555806
80.13168  -16.9314999 0.657459376 -21.2968585 0.035494908 0.677285754 0.00389791783 0.734852995
80.23593  -16.7075219 0.645075159 -21.2727799 0.0338914262 0.673906816 0.00222218114 0.738035254
80.3403  -16.4813701 0.63238081 -21.247536 0.0323222547 0.671957695 0.000445732746 0.739883727
80.44455  -16.2565602 0.619832199 -21.2230705 0.0314508282 0.671279548 -0.000655751358 0.740536417
80.54894  -16.0186126 0.607449665 -21.1979837 0.0308232788 0.671026628 -0.000584235 0.740792042
80.65319  -15.7773565 0.594442147 -21.1731482 0.0307053508 0.670594208 0.000132350019 0.741188621
80.75732  -15.5333759 0.581662188 -21.1470748 0.0307340091 0.669559407 0.000462716731 0.742122232
80.86143  -15.2902339 0.569163823 -21.1218389 0.0308639067 0.668078294 0.000677351113 0.743450304
80.96555  -15.0297353 0.554872472 -21.0907652 0.031021953 0.666333792 0.000394421388 0.745007893
81.06968  -14.7691564 0.540399833 -21.058816 0.0310754868 0.664655232 0.000254530988 0.746503632
81.17379  -14.5083914 0.525966066 -21.0255723 0.0306249113 0.662764309 4.86641122e-05 0.748201565
81.27781  -14.2511325 0.511911529 -20.9930651 0.0300019784 0.661071903 0.00116180191 0.749721595
81.38181  -13.9722149 0.496971688 -20.955464 0.0291304129 0.659108362 0.00295044276 0.751477798
81.48593  -13.6929411 0.482195225 -20.916458 0.028310727 0.65737961 0.0037276658 0.753018363
81.58993  -13.4158967 0.468623705 -20.8779 0.0286307285 0.656673708 0.00360972605 0.753622513
81.69405  -13.1351213 0.454803583 -20.8376232 0.0287791603 0.656809437 0.0023554369 0.753503533
81.79806  -12.8548338 0.441077721 -20.7981923 0.0288765227 0.657311947 0.00226964916 0.75306175
81.90218  -12.5752992 0.426724354 -20.7598147 0.0282918977 0.657788619 0.00341735565 0.752663287
82.00618  -12.3015039 0.412412194 -20.7241545 0.0279026493 0.658248606 0.00462709057 0.752269104
82.11018  -12.0152541 0.397161251 -20.6852867 0.027895852 0.658369879 0.00561161272 0.752156522
82.21418  -11.7338825 0.381918673 -20.6472109 0.0276849211 0.658588389 0.00585182656 0.751971167
82.31818  -11.4561374 0.366904269 -20.6099641 0.0277133804 0.658881876 0.00600102251 0.751711799
82.4222  -11.1801317 0.351725395 -20.5728327 0.0280269888 0.659200249 0.00530722976 0.751426213
82.52618  -10.9084353 0.336947353 -20.5368053 0.0287655066 0.659544329 0.00452593223 0.751101417
82.63018  -10.6389929 0.32269467 -20.5026799 0.0286949945 0.659926628 0.00435952581 0.75076923
82.73405  -10.3568308 0.306998052 -20.4644802 0.0277185335 0.660166441 0.00497687717 0.750591223
82.83807  -10.0786534 0.291777671 -20.4277601 0.0270016693 0.660401016 0.00565331044 0.750406189
82.94206  -9.80614568 0.277031846 -20.3928112 0.0272001688 0.660678616 0.0049625016 0.75015951
83.04605  -9.52262703 0.261423507 -20.355107 0.0282809849 0.660725263 0.00455260753 0.750081054
83.14993  -9.24236136 0.245549272 -20.3189251 0.0290064489 0.660869207 0.0041486043 0.749928867
83.25396  -8.96662628 0.230182102 -20.2826536 0.0276439259 0.661087812 0.00437874857 0.749786333
83.35793  -8.69528763 0.215620977 -20.2476005 0.026025153 0.661278484 0.00523311438 0.749670643
83.46193  -8.42874484 0.202218129 -20.2137555 0.0246124237 0.661651428 0.00540971829 0.749387984
83.56593  -8.168345 0.189714846 -20.1807758 0.024126578 0.662161867 0.00396747818 0.748961834
83.66981  -7.89388969 0.17539017 -20.1448735 0.0244696633 0.662024069 0.00322709169 0.749076066
83.77369  -7.621027 0.160868996 -20.1095783 0.0245298532 0.662015916 0.00291454587 0.749082585
83.87756  -7.35190535 0.14663589 -20.0749543 0.0238686092 0.662093279 0.00288701041 0.749035677
83.98156  -7.08431578 0.13276039 -20.0414536 0.0237506771 0.662158807 0.00375878297 0.74897763
84.08558  -6.8211936 0.119150038 -20.0088833 0.0240565648 0.662320818 0.00389673156 0.748823898
84.18966  -6.56405497 0.106213833 -19.9782066 0.0256083332 0.662672176 0.00404865347 0.748460693
84.29337  -6.29489779 0.0920332476 -19.9448659 0.0270392691 0.662174655 0.00444723887 0.748848333
84.39714  -6.02809489 0.0775110739 -19.9117116 0.0277002562 0.661545406 0.00548043765 0.749373295
84.50097  -5.76676195 0.0632747048 -19.8782703 0.0275276592 0.660522129 0.00619595369 0.750276186
84.60469  -5.50788697 0.0494256615 -19.8446125 0.0273028208 0.659392199 0.00666009551 0.75127367
84.70856  -5.25394586 0.0361963882 -19.8103159 0.0265158222 0.658532357 0.0063348539 0.752058452
84.81232  -5.00429986 0.0231324825 -19.7741428 0.0260044806 0.657846639 0.00502028166 0.752686098
84.91606  -4.74399404 0.00901785794 -19.736682 0.0262465408 0.656510889 0.00400991173 0.753849118
85.02009  -4.48555324 -0.00499806587 -19.6993169 0.026165953 0.655553016 0.00387130598 0.754685762
85.12372  -4.23005461 -0.0187752392 -19.6612492 0.0257300473 0.654836228 0.00421189024 0.755320951
85.22744  -3.97808725 -0.031963549 -19.6248778 0.0253798165 0.654216935 0.00458127549 0.755867104
85.33118  -3.73070869 -0.0448334884 -19.5887428 0.025107518 0.653766736 0.0047686165 0.756264456
85.4351  -3.48817625 -0.0570481052 -19.5523615 0.024619061 0.653547527 0.00490630673 0.756469074
85.53887  -3.22793303 -0.0707294508 -19.5116703 0.0238932614 0.653223355 0.00448011101 0.756774926
85.6426  -2.97357648 -0.0835870702 -19.472324 0.0234918038 0.653318593 0.00431695946 0.756706227
85.74645  -2.72548733 -0.0957143109 -19.4334977 0.0232885569 0.654035339 0.0033944001 0.756097809
85.8504  -2.4710912 -0.108651698 -19.395505 0.0233541707 0.654171445 0.00331134817 0.755978398
85.95422  -2.22012868 -0.121502471 -19.3587803 0.0235923851 0.654835633 0.0037045975 0.755393916
86.05806  -1.97165091 -0.134183517 -19.3246104 0.0248528452 0.655656164 0.00470885634 0.754635778
86.16194  -1.72635291 -0.146747231 -19.2917265 0.0263744 0.65655967 0.00537917173 0.753793642
86.26642  -1.48446832 -0.159399605 -19.2604993 0.0277890695 0.657529105 0.00599427923 0.75289263
86.36974  -1.24574611 -0.171258735 -19.2296291 0.0281182061 0.658732972 0.00697406583 0.751818861
86.4736  -0.991676404 -0.184854031 -19.1949853 0.0275071163 0.65925027 0.00775337993 0.75138028
86.57749  -0.739820478 -0.197956302 -19.1609147 0.0266096801 0.66010458 0.0077671971 0.750662067
86.68131  -0.492450633 -0.209843842 -19.127892 0.0262719056 0.661034978 0.00737142397 0.749858791
86.78551  -0.248365249 -0.222168422 -19.0966734 0.0262286411 0.66188079 0.00636259163 0.749123085
86.88909  -0.00801108363 -0.234525871 -19.0671179 0.0268546126 0.662763724 0.00529599842 0.748328155
86.99295  0.228825349 -0.247024597 -19.0381322 0.0276301754 0.66434026 0.004164597 0.746907791
87.09669  0.47434442 -0.260841311 -19.0087303 0.0288059873 0.664300364 0.00397620117 0.74689988
87.20057  0.719406124 -0.274883463 -18.9794872 0.0289594359 0.664603027 0.00378918255 0.746625615
87.30443  0.961543768 -0.288355228 -18.9508027 0.0285510463 0.664843093 0.00469871024 0.746422415
87.40833  1.1997199 -0.301589109 -18.9234845 0.0273495949 0.664836264 0.00540539023 0.746468702
87.51218  1.43389069 -0.314255851 -18.8963996 0.0259108178 0.664885599 0.00510527627 0.746478202
87.61606  1.66341128 -0.32564844 -18.8701827 0.0241737962 0.665190337 0.00412852837 0.746270995
87.71979  1.90941198 -0.338659188 -18.8378921 0.0227197472 0.664747425 0.00233589752 0.746718968
87.82357  2.15257721 -0.351235363 -18.8063322 0.0217160257 0.664591242 0.000898508803 0.746890948
87.92732  2.3918083 -0.363445704 -18.7757999 0.0207501724 0.664489951 -0.000673724409 0.747008756
88.03106  2.62748251 -0.375938355 -18.7470471 0.0209984213 0.664414399 -0.001394699 0.747068021
88.13505  2.85961182 -0.388135497 -18.719018 0.020935553 0.664682257 -0.00262337834 0.746828171
88.23871  3.08787914 -0.399941548 -18.6935336 0.0217169083 0.665089969 -0.00236530723 0.746443645
88.3426  3.32790081 -0.411857605 -18.6645089 0.0211377031 0.664300698 0.000493652251 0.747166338
88.44633  3.56704532 -0.423937271 -18.6351681 0.0198580296 0.663884045 0.00289207055 0.747566231
88.55019  3.8026927 -0.434679697 -18.6067863 0.0205327968 0.663384842 0.00402990076 0.747985773
88.65393  4.0338697 -0.445204243 -18.5792023 0.0229285617 0.662975505 0.00337786831 0.748282267
88.75782  4.26200501 -0.456112321 -18.5514987 0.0244898417 0.66281702 0.00233228579 0.748377181
88.86169  4.48797387 -0.467559955 -18.5250668 0.0246636505 0.663137195 0.00153244723 0.748089845
88.96556  4.72642927 -0.480776855 -18.4943825 0.0249073143 0.662648908 0.00157469007 0.748514242
89.06945  4.96202357 -0.49414571 -18.4647465 0.0255007428 0.662432849 0.00194356359 0.748684617
89.17332  5.1927955 -0.507540457 -18.4363483 0.0270686283 0.662414246 0.00194345195 0.748646031
89.27742  5.41993269 -0.520799756 -18.4092888 0.0291057505 0.662526282 0.00204601978 0.74847017
89.38118  5.64333417 -0.534025279 -18.3833776 0.0298391034 0.662881248 0.00250967776 0.748125511
89.48513  5.86453949 -0.546802606 -18.3599254 0.0297426355 0.663841766 0.00396155401 0.747270895
89.58899  6.09438827 -0.560178267 -18.3322617 0.0288390175 0.664017549 0.00584511958 0.747137766
89.69287  6.32143337 -0.573264489 -18.305076 0.0284764587 0.664408463 0.00641026042 0.746799433
89.79683  6.54461084 -0.585617014 -18.2787119 0.0284749142 0.664862101 0.00556897777 0.746402407
89.90071  6.76491659 -0.597686103 -18.2532056 0.0283104079 0.665397737 0.00429785887 0.745939609
90.00458  6.98247944 -0.609410582 -18.2290795 0.0277483706 0.666015289 0.00422301669 0.745409839
90.1087  7.1978899 -0.620748312 -18.2031708 0.0268907876 0.666807912 0.00477774603 0.744728989
90.21251  7.42874085 -0.633515398 -18.1750727 0.026436055 0.666698107 0.00522199789 0.744840586
90.31652  7.65545915 -0.645718255 -18.1483383 0.027036644 0.666809447 0.00557348152 0.744716804
90.42032  7.87939691 -0.657671179 -18.1229707 0.0271281387 0.667090075 0.00561412362 0.744461804
90.52433  8.09923392 -0.66932607 -18.0980759 0.0270026473 0.667345864 0.00548827664 0.744238023
90.62822  8.3143426 -0.680731359 -18.0737755 0.0257500566 0.667727397 0.00527394418 0.743941694
90.73222  8.52680965 -0.692277684 -18.0455593 0.0252075951 0.668585149 0.00504427804 0.743191114
90.8362  8.73495859 -0.703470029 -18.0247472 0.0249304514 0.668274337 0.00505238291 0.743479897
90.9401  8.93803727 -0.713987877 -18.0042023 0.0240706592 0.668632631 0.00514728178 0.743185383
91.04407  9.13474294 -0.724493006 -17.9846713 0.0230170027 0.668836528 0.00503350339 0.743036055
91.14811  9.3230958 -0.734542987 -17.9670716 0.0232162359 0.668718601 0.00551223569 0.743132596
91.25194  9.50723396 -0.744112994 -17.9460505 0.0236300152 0.668238329 0.00499908392 0.743555087
91.35593  9.68989282 -0.753703958 -17.9261115 0.0239140714 0.666746692 0.0046825852 0.744885924
91.45982  9.86685134 -0.763277986 -17.9053183 0.0230739035 0.665371555 0.00380449307 0.746145974
91.66769  10.2069898 -0.78245932 -17.8624996 0.0230327335 0.661990232 0.00219119842 0.749155274
91.7717  10.3675502 -0.791360387 -17.842092 0.0238610912 0.659422785 0.00194789626 0.751391006
91.97954  10.6794286 -0.810470532 -17.797056 0.026330215 0.651968643 0.00195666759 0.757786104
92.18728  10.9732896 -0.829082502 -17.7424604 0.0263584173 0.642521341 0.00122013545 0.76581334
92.39482  11.2433145 -0.846527189 -17.6842907 0.0255515767 0.631137373 0.00227745588 0.775246765
92.60714  11.4945839 -0.863456341 -17.6213763 0.0243840394 0.617352803 -7.82342562e-05 0.786308419
92.81267  11.731678 -0.879179536 -17.5462081 0.0235335892 0.600855161 -0.00155672404 0.799009901
93.01761  11.9547132 -0.89396904 -17.4620683 0.0219684502 0.581993303 -0.00269886186 0.812892304
93.22506  12.1601094 -0.907918514 -17.3702495 0.022087882 0.558466905 -0.00504768885 0.829217319
93.43244  12.3476763 -0.922025271 -17.2705459 0.0241388327 0.528861533 -0.00655625054 0.848339443
93.63969  12.5306784 -0.937575316 -17.1565934 0.0235319822 0.488235718 -0.00358693137 0.872387106
93.84721  12.6895459 -0.953463597 -17.0229517 0.0199029843 0.442764363 -0.00750388685 0.896385677
94.0544  12.8255729 -0.9662659 -16.87955 0.0209336689 0.395527216 -0.00916199339 0.918169952
94.26183  12.9618896 -0.979498795 -16.7138598 0.0194026632 0.34680439 -0.0101814897 0.937681497
94.36572  13.019834 -0.985945517 -16.6243664 0.0161222279 0.322747537 -0.0145596985 0.946235762
94.46945  13.0683614 -0.990524318 -16.5349978 0.0131441788 0.297554153 -0.0169627152 0.954463736
94.57325  13.1132915 -0.993997931 -16.4451717 0.00968912221 0.274281195 -0.0164757094 0.961459566
94.67709  13.155171 -0.997729423 -16.3549466 0.00619308881 0.250304213 -0.0146344607 0.968036817
94.78082  13.1905226 -1.00233421 -16.2610957 0.00211680462 0.227166743 -0.0152843909 0.973733627
94.88479  13.2233639 -1.00587414 -16.1560996 -0.00272763423 0.20118701 -0.0206524945 0.979331313
94.98857  13.2523362 -1.00831373 -16.0506462 -0.00451272838 0.175999259 -0.0221111779 0.984131593
95.09244  13.2779522 -1.00964052 -15.9446762 -0.00399147893 0.151677622 -0.0227078877 0.988161079
95.19646  13.2991375 -1.01109374 -15.8384698 -0.00346384229 0.129981697 -0.0222076313 0.991261611
95.30044  13.3151526 -1.0121737 -15.7324385 -0.00366727884 0.110408326 -0.0224485808 0.993625993
95.40457  13.3256635 -1.01213122 -15.6274419 -0.00419648898 0.0928770525 -0.0252004495 0.995349778
95.50857  13.3326149 -1.01139321 -15.5174252 -0.00422748827 0.0782653405 -0.0280106646 0.996530013
95.61282  13.3430006 -1.01284409 -15.3976961 -0.00455696318 0.061855314 -0.0287146585 0.997661577
95.71708  13.3508008 -1.01429746 -15.273968 -0.00539691741 0.0503876248 -0.0293318047 0.998284331
95.82121  13.3567858 -1.01509144 -15.1504581 -0.00598990657 0.040136897 -0.0294865811 0.998741054
95.92544  13.3620919 -1.01523736 -15.027118 -0.00576001288 0.030963037 -0.0282149917 0.999105613
96.0297  13.3652155 -1.01550772 -14.9042618 -0.00508660195 0.0238500667 -0.0278258709 0.999315276
96.13395  13.3663453 -1.0158073 -14.7815622 -0.00464542562 0.0172520005 -0.0281733235 0.999443371
96.23819  13.3666802 -1.01595251 -14.6595646 -0.00454938668 0.011081724 -0.0284805555 0.999522564
96.34232  13.3647342 -1.0154193 -14.5288641 -0.00444601407 0.00590640847 -0.0281544691 0.999576247
96.44646  13.361838 -1.01552845 -14.3903191 -0.00451275265 -0.00219397745 -0.0278720741 0.999598904
96.55057  13.3571738 -1.01564677 -14.2453186 -0.00487470205 -0.00950888583 -0.026688677 0.999586681
96.65471  13.3499639 -1.01550641 -14.0949874 -0.00463165892 -0.015754873 -0.0267023733 0.999508537
96.75895  13.3409967 -1.01553533 -13.9447991 -0.00410697362 -0.0207977581 -0.0272176674 0.999404715
96.86308  13.330989 -1.0155327 -13.7918645 -0.00344916045 -0.0248829173 -0.0280208602 0.999291637
96.9672  13.3211247 -1.01544446 -13.6359887 -0.00296662477 -0.0276581982 -0.0279078654 0.999223386
97.07145  13.3109509 -1.01550145 -13.4796104 -0.00270081653 -0.0294306502 -0.0278911588 0.999173972
97.17557  13.3012237 -1.01591758 -13.3219342 -0.00267892039 -0.0306184166 -0.0275172991 0.999148705
97.27972  13.291679 -1.0165544 -13.1638608 -0.00326344327 -0.0314996902 -0.0274667507 0.999120962
97.38381  13.2825308 -1.01737217 -13.0059285 -0.00412256166 -0.0315148678 -0.0266100863 0.999140491
97.48794  13.2680471 -1.01763794 -12.827798 -0.005362715 -0.0338821049 -0.0260561398 0.99907173
97.59207  13.2533547 -1.01793424 -12.6504278 -0.00663379577 -0.0355974858 -0.025485132 0.999019179
97.69624  13.2384949 -1.0180044 -12.4752776 -0.00781765365 -0.0371474116 -0.0252225701 0.998960848
97.80034  13.2239134 -1.01786523 -12.3018495 -0.00876958804 -0.0383645831 -0.0243329712 0.998929006
97.90432  13.208151 -1.01763631 -12.1247366 -0.00924643557 -0.0405138876 -0.023185313 0.998867143
98.00832  13.1920313 -1.01741096 -11.9489144 -0.00934709176 -0.0422897289 -0.0222855048 0.998813079
98.11232  13.1756074 -1.01690404 -11.7751822 -0.00930034636 -0.0440423758 -0.0219962431 0.99874418
98.21647  13.1589735 -1.01649858 -11.6033794 -0.00918821561 -0.0456174132 -0.0218072355 0.998678663
98.32032  13.1424092 -1.01613099 -11.4331374 -0.0092395956 -0.0467441889 -0.0217811581 0.998626653
98.42432  13.1265885 -1.01589936 -11.2654963 -0.00932491376 -0.0473907987 -0.0220487972 0.99858951
98.52832  13.110918 -1.01566406 -11.100422 -0.00915082869 -0.0476126627 -0.0223269296 0.998574386
98.63232  13.0959984 -1.01546025 -10.9384529 -0.00913486084 -0.0474879099 -0.0228741872 0.998568087
98.73632  13.0828426 -1.01487687 -10.7796209 -0.00919282428 -0.0465891618 -0.0227853229 0.998611922
98.84032  13.0640778 -1.01450366 -10.6043367 -0.00959150114 -0.0473076101 -0.0224859066 0.998581182
98.94434  13.04532 -1.0142189 -10.4297601 -0.0100825798 -0.0475382964 -0.0225132995 0.998564772
99.0482  13.026966 -1.01371557 -10.2569127 -0.0105952635 -0.0476937017 -0.0225197543 0.998551907
99.15222  13.0090964 -1.01261786 -10.0856226 -0.0109947852 -0.0477972234 -0.0223226008 0.998547065
99.25607  12.991868 -1.01207512 -9.91635998 -0.0110662715 -0.0477754262 -0.0223835789 0.998545954
99.36007  12.9749482 -1.0114602 -9.74930871 -0.0109320321 -0.0476040657 -0.0228297572 0.998545515
99.4641  12.9591195 -1.01087168 -9.58457012 -0.0105109957 -0.047061464 -0.0226905851 0.998578928
99.56794  12.9444256 -1.0102638 -9.42250478 -0.0103110846 -0.0463799772 -0.0221997983 0.998623927
99.67195  12.9302887 -1.00997827 -9.2636546 -0.0102680219 -0.0453976051 -0.0224796126 0.998663253
99.77595  12.9165501 -1.00957612 -9.1080662 -0.00994832034 -0.0433592891 -0.022673502 0.99875268
99.87994  12.901097 -1.00918696 -8.94094764 -0.0106887916 -0.0434409473 -0.0214196904 0.998769158
99.98382  12.887507 -1.00869484 -8.78086309 -0.0114034239 -0.0430781099 -0.0207039775 0.998792062
100.0878  12.8727175 -1.00802892 -8.62380847 -0.0126182798 -0.0424401359 -0.0222849587 0.998770742
100.1918  12.8592753 -1.00806108 -8.47147758 -0.0125763934 -0.0416354542 -0.0221290192 0.998808605
100.2957  12.8479443 -1.00798928 -8.32408017 -0.0111804419 -0.0413207073 -0.0210339233 0.998861938
100.3997  12.8374726 -1.00754879 -8.1803209 -0.0098987921 -0.0406768778 -0.0206899176 0.998909071
100.6077  12.8082909 -1.00731465 -7.88310719 -0.00744846695 -0.0405305015 -0.0235975665 0.99887184
100.7116  12.7944069 -1.00812745 -7.7344037 -0.00725560635 -0.0405349692 -0.0238664959 0.998866689
100.8156  12.7813884 -1.0087432 -7.58822534 -0.00704039449 -0.0402477523 -0.0238844887 0.998879413
100.9196  12.7689857 -1.00947011 -7.44563934 -0.0064870332 -0.0399631482 -0.0241031625 0.998889335
101.1274  12.7438624 -1.0112403 -7.16485238 -0.00554865279 -0.039854175 -0.025507827 0.998864459
101.2315  12.7329105 -1.01213824 -7.0264522 -0.00543935256 -0.0395192863 -0.0259735822 0.998866364
101.3354  12.7211369 -1.0126482 -6.89316318 -0.00579984244 -0.0399888946 -0.0258432933 0.998849025
101.4393  12.7098161 -1.01362042 -6.76173953 -0.00623294167 -0.0402668111 -0.0255072322 0.998843889
101.5433  12.6990245 -1.01468936 -6.63330028 -0.00635500803 -0.040570321 -0.0252355319 0.99883774
101.6472  12.6898999 -1.0155667 -6.50747457 -0.00603383951 -0.0404343268 -0.0248668335 0.998854493
101.7512  12.6766475 -1.01604056 -6.37164638 -0.00549081342 -0.0413845049 -0.024557205 0.99882637
101.8551  12.66349 -1.01666781 -6.23728635 -0.00507631654 -0.0422386531 -0.0245671247 0.998792563
101.9591  12.6506604 -1.01748094 -6.10478996 -0.00503877326 -0.0431661745 -0.0247289516 0.998749103
102.0629  12.6380671 -1.01853168 -5.97455658 -0.00516028986 -0.0441243865 -0.0245375093 0.99871133
102.1669  12.6261269 -1.01972142 -5.84659694 -0.00504754355 -0.0450257626 -0.0239966425 0.998684817
102.2708  12.614609 -1.02073196 -5.72105747 -0.00533160255 -0.0457968212 -0.0231315931 0.998668691
102.3748  12.6034282 -1.02143974 -5.59799054 -0.00584365779 -0.0466432925 -0.0226886119 0.998636812
102.4787  12.5913078 -1.0217391 -5.47833967 -0.00626368863 -0.046860176 -0.0227340969 0.998623078
102.6866  12.5629763 -1.02342967 -5.21443982 -0.00742931381 -0.0490276577 -0.0232984584 0.99849801
102.8944  12.5358559 -1.02447978 -4.95860671 -0.00787505799 -0.0499564776 -0.0232648519 0.998449338
103.1024  12.5100306 -1.0250226 -4.71358616 -0.00795297668 -0.0496872967 -0.0240153798 0.998444382
103.3103  12.4867079 -1.0261566 -4.48164783 -0.00775413492 -0.0481332676 -0.02457235 0.998508519
103.5183  12.4666177 -1.02734782 -4.26232798 -0.00747874252 -0.0464831965 -0.0242102277 0.99859764
103.7263  12.4487441 -1.02859653 -4.05543683 -0.00684727584 -0.0439974326 -0.0242708126 0.998713306
103.9343  12.4272198 -1.0293284 -3.85274524 -0.0068838141 -0.0436253064 -0.0246505108 0.99872008
104.1423  12.4093563 -1.0303503 -3.66661041 -0.00727504578 -0.0427989347 -0.0241562608 0.998765138
104.3506  12.3924827 -1.03099753 -3.49555911 -0.00841125905 -0.0418941961 -0.0244296266 0.998787926
104.5582  12.3783486 -1.03172326 -3.34510137 -0.00868794797 -0.0411448352 -0.0252675611 0.998795861
104.7662  12.368269 -1.03229995 -3.21673771 -0.00808669047 -0.0402514797 -0.0241881381 0.998864034
104.9742  12.3586836 -1.03288118 -3.09956196 -0.00758948461 -0.0395621576 -0.0242037206 0.998895097
105.1819  12.3505198 -1.0335979 -2.99049197 -0.00612378224 -0.0390801033 -0.0238616081 0.998932364
105.39  12.3427013 -1.03427469 -2.88477962 -0.00513209903 -0.0384724723 -0.0236756733 0.998965962
105.5979  12.3359244 -1.03499926 -2.78193116 -0.00570309774 -0.0380507076 -0.0233634648 0.99898637
105.8057  12.3300382 -1.03508525 -2.68471181 -0.00585310035 -0.0371746555 -0.022873254 0.99902983
106.0137  12.3194753 -1.03598435 -2.56544977 -0.00608085663 -0.0381379821 -0.0228536227 0.998992607
106.2215  12.309249 -1.03692831 -2.45019347 -0.00609278988 -0.0404284506 -0.0217050311 0.99892808
106.4293  12.2960643 -1.0374706 -2.33890481 -0.00617803945 -0.0457244965 -0.0217898559 0.998697304
106.6377  12.2811845 -1.03812959 -2.23152792 -0.00603059681 -0.053175583 -0.022697718 0.998308972
106.845  12.265762 -1.03860169 -2.12629297 -0.00590993643 -0.058221922 -0.0242743258 0.997991001
107.0529  12.2530783 -1.03923278 -2.02000634 -0.00588515992 -0.0629898051 -0.0230970309 0.997729511
107.3647  12.2301743 -1.03984172 -1.87243417 -0.00548418408 -0.0660616852 -0.0259393261 0.997463247
107.6768  12.2126296 -1.0406148 -1.72882764 -0.00548692671 -0.0638901172 -0.0252848802 0.997621482
107.989  12.1970856 -1.04153214 -1.59043901 -0.00528677073 -0.0599502774 -0.0250527432 0.997872925
108.3011  12.1787144 -1.04038208 -1.45714574 -0.00520485127 -0.0546082846 -0.0248358419 0.998185366
108.613  12.1658674 -1.04165178 -1.30468282 -0.00389186262 -0.0491794724 -0.0248063995 0.998474274
108.925  12.1535863 -1.0432662 -1.13524345 -0.00301384563 -0.0421965581 -0.024105635 0.998813939
109.2368  12.1439009 -1.04464739 -0.946744299 -0.00418377269 -0.0344164024 -0.0218894438 0.999159076
109.5486  12.1348669 -1.04590722 -0.744171312 -0.00534672865 -0.0272557354 -0.0211176347 0.999391106
109.7565  12.1309258 -1.04658342 -0.603567762 -0.00630254645 -0.0228059991 -0.0205528174 0.999508752
109.9644  12.1245724 -1.04662954 -0.45872709 -0.0055759933 -0.0196095948 -0.0183498696 0.999623756
110.1721  12.1168591 -1.04668881 -0.295011545 -0.00313873138 -0.0178233029 -0.0187275627 0.999660821
110.38  12.1104028 -1.04640006 -0.127301533 -0.00375978971 -0.0132836076 -0.0229387216 0.999641548
110.5878  12.1165219 -1.0478121 0.0322254006 -0.00423646343 -0.00541547549 -0.0167415495 0.999836209
110.7956  12.1223759 -1.05316536 0.179026886 -0.000902421483 -0.00498781874 -0.011714475 0.999918536
111.0029  12.1077375 -1.05493909 0.332803354 0.00177786695 -0.0197604849 -0.0163481516 0.999669496
111.2102  12.0851007 -1.05538958 0.500633921 0.00390882377 -0.0388086118 -0.0197799095 0.999043226
111.4177  12.0566126 -1.05742211 0.668722033 -8.61454651e-05 -0.0626511222 -0.0181940426 0.997869634
111.6251  12.0174235 -1.05896967 0.822662152 -0.00545434371 -0.0886412196 -0.0231488899 0.995779651
111.7287  11.9957862 -1.05871325 0.897328593 -0.0066951604 -0.101553581 -0.0242803925 0.99451119
111.9364  11.9526413 -1.0581847 1.04111321 -0.0101870186 -0.123828572 -0.024318128 0.991953294
112.1442  11.9051632 -1.05776471 1.18146564 -0.0133757197 -0.134515176 -0.0299072157 0.990369788
112.3525  11.8638501 -1.05539485 1.3212553 -0.0144104311 -0.133034057 -0.0326379579 0.990469102
112.561  11.8340137 -1.05404664 1.45518775 -0.0161706781 -0.12497435 -0.0283646535 0.991622593
112.7692  11.8113833 -1.05182454 1.56268841 -0.0177157892 -0.114894714 -0.027969677 0.992825792
113.0816  11.7940533 -1.05156288 1.6670131 -0.0163563099 -0.10133446 -0.0268448507 0.994355647
