1.872875 0.0000000000 0.0000000000 0.0000000000 0.0000000000 0.0000000000 0.0000000000 1.0000000000
2.184123 0.0108471606 -0.0009327736 0.0611042045 -0.0020641175 0.0789803714 -0.0011295235 0.9968733788
2.598751 0.0435296707 -0.0013942432 0.1581840515 -0.0003419170 0.1609919518 0.0007957239 0.9869553447
3.427371 0.1580875069 -0.0047039092 0.4055387080 0.0000465110 0.2300600708 0.0051580626 0.9731627703
4.049501 0.2797852457 -0.0043120319 0.6277582645 -0.0074150851 0.2625240982 0.0060253567 0.9648781419
4.568398 0.3989790976 -0.0045443401 0.8114435077 -0.0075742304 0.3008384705 0.0051522460 0.9536311030
5.088126 0.5459657907 -0.0056181531 0.9837751389 -0.0071078562 0.3752052188 0.0017316776 0.9269129038
5.503628 0.6845997572 -0.0074933073 1.1033828259 0.0014117811 0.4344367981 0.0031651244 0.9006956220
5.815003 0.7988591194 -0.0109058795 1.1803945303 0.0123225050 0.4736642838 0.0108412951 0.8805525303
6.229773 0.9585412741 -0.0198785886 1.2687526941 0.0392878316 0.5200442672 0.0021014665 0.8532326818
6.748254 1.1678582430 -0.0391706191 1.3546310663 0.0444276817 0.5697982311 0.0113619426 0.8205041289
7.577401 1.5120676756 -0.0673136860 1.4589951038 0.0499238223 0.6052008867 0.0111144744 0.7944281101
8.303130 1.8400638103 -0.0943992436 1.5578438044 0.0474048890 0.5893123746 0.0062385849 0.8064891696
8.718382 2.0469968319 -0.1119349450 1.6252596378 0.0436287373 0.5894274116 0.0041860323 0.8066314459
9.237279 2.3185534477 -0.1339774132 1.7127258778 0.0416316539 0.5897751451 0.0038492931 0.8064845204
9.548508 2.4828743935 -0.1469393075 1.7656536102 0.0397574641 0.5878078341 0.0047286223 0.8080092669
10.171130 2.8056321144 -0.1740111113 1.8720117807 0.0404495932 0.5857394338 0.0032229673 0.8094830513
10.690390 3.0733129978 -0.1951806694 1.9553594589 0.0395584181 0.5976698399 0.0041177250 0.8007552624
11.001750 3.2290534973 -0.2083014846 2.0006461143 0.0404486991 0.6042256951 0.0022264954 0.7957828045
11.416630 3.4358050823 -0.2240065932 2.0572736263 0.0322103947 0.6088088751 0.0101301083 0.7925980091
11.935260 3.6866593361 -0.2404811829 2.1232309341 0.0387051217 0.6099195480 0.0111656832 0.7914388180
12.557630 3.9876670837 -0.2591158152 2.2061443329 0.0296198651 0.6060683727 0.0110353446 0.7947842479
12.972400 4.1850156784 -0.2693200707 2.2642531395 0.0346409008 0.5913053751 0.0149891721 0.8055639863
13.387430 4.3777623177 -0.2800959349 2.3327999115 0.0311476029 0.5703733563 0.0150657911 0.8206564784
13.802490 4.5626435280 -0.2923359573 2.4087004662 0.0407309942 0.5480781198 0.0116915070 0.8353530169
14.113800 4.6979947090 -0.3024768829 2.4724977016 0.0368644521 0.5331918001 0.0087299058 0.8451457024
14.425390 4.8309993744 -0.3140053749 2.5399909019 0.0406207740 0.5263757706 -0.0023308420 0.8492779732
14.633120 4.9171032906 -0.3226888776 2.5839474201 0.0402988493 0.5223482251 -0.0033148194 0.8517730236
14.944510 5.0459628105 -0.3352224529 2.6524460316 0.0349904150 0.5146920681 -0.0024291943 0.8566573858
15.255760 5.1733288765 -0.3474795520 2.7249097824 0.0347904749 0.5063493848 -0.0098057557 0.8615705371
15.567140 5.3001637459 -0.3597340584 2.7984690666 0.0332266651 0.4970144928 -0.0091696521 0.8670573831
15.878390 5.4236717224 -0.3720761538 2.8751447201 0.0342712179 0.4881897271 -0.0117620621 0.8719850779
16.086050 5.5050201416 -0.3808927536 2.9267914295 0.0340878405 0.4817668200 -0.0122989109 0.8755498528
16.293510 5.5857906342 -0.3889634907 2.9789283276 0.0358106047 0.4744979143 -0.0086494014 0.8794853687
16.708640 5.7449698448 -0.4061339796 3.0892853737 0.0338513069 0.4638974071 -0.0112895705 0.8851699233
17.227520 5.9401292801 -0.4264019132 3.2275586128 0.0353863165 0.4520798326 -0.0028315471 0.8912708163
17.642890 6.0928125381 -0.4423430860 3.3430147171 0.0351023823 0.4475181997 -0.0067500430 0.8935601115
17.954270 6.2073326111 -0.4534803927 3.4300947189 0.0295510143 0.4464737177 -0.0047855326 0.8942958713
18.369580 6.3578467369 -0.4691345692 3.5445067883 0.0316361003 0.4456206560 -0.0088328253 0.8946191072
18.680990 6.4688706398 -0.4804924726 3.6292178631 0.0330595374 0.4449080229 -0.0124670621 0.8948790431
18.992370 6.5767006874 -0.4923022091 3.7132976055 0.0352923535 0.4447070360 -0.0156248063 0.8948441148
19.199890 6.6479320526 -0.5004894733 3.7685136795 0.0362209752 0.4433351159 -0.0129440473 0.8955302835
19.407390 6.7200818062 -0.5091040134 3.8228340149 0.0340332463 0.4406520128 -0.0058684251 0.8970134258
19.614770 6.7895965576 -0.5170306563 3.8775169849 0.0362742729 0.4368152022 -0.0061004749 0.8987988830
19.925670 6.8929896355 -0.5283704400 3.9622378349 0.0363948718 0.4258136749 -0.0052580554 0.9040633440
20.132890 6.9605050087 -0.5361989737 4.0199942589 0.0382741019 0.4139591455 -0.0018477349 0.9094886184
20.444020 7.0569267273 -0.5483088493 4.1095924377 0.0401924439 0.3947871029 -0.0010381587 0.9178925157
20.651520 7.1171884537 -0.5568098426 4.1704359055 0.0457140133 0.3825228810 -0.0091797421 0.9227687716
21.066770 7.2314395905 -0.5754714012 4.2951440811 0.0447939411 0.3595516682 -0.0155267995 0.9319200516
21.378530 7.3127851486 -0.5899738669 4.3889865875 0.0512723252 0.3502801657 -0.0227724034 0.9349632859
21.586400 7.3678383827 -0.6004824638 4.4531378746 0.0462332033 0.3514788747 -0.0233125482 0.9347628951
22.210070 7.5316205025 -0.6284805536 4.6361460686 0.0443986729 0.3632075191 -0.0209791064 0.9304133058
22.417770 7.5869984627 -0.6376063824 4.6953139305 0.0433492847 0.3684360087 -0.0202117022 0.9284219146
22.936520 7.7262001038 -0.6607718468 4.8398723602 0.0466414206 0.3741009235 -0.0196666364 0.9260055423
23.351020 7.8316435814 -0.6793048382 4.9532456398 0.0468303226 0.3565624952 -0.0146227684 0.9329824448
23.662020 7.9039502144 -0.6921386719 5.0418243408 0.0389384329 0.3340055645 -0.0152521236 0.9416429400
23.973020 7.9708585739 -0.7023745179 5.1327066422 0.0290702805 0.3095726967 -0.0129435919 0.9503431320
24.284160 8.0305738449 -0.7112671137 5.2242946625 0.0267770365 0.2841432691 -0.0126868933 0.9583238363
24.595400 8.0850992203 -0.7191300392 5.3170337677 0.0215979405 0.2633212507 -0.0140150944 0.9643645883
24.906780 8.1313180923 -0.7261717319 5.4052133560 0.0245802607 0.2490797639 -0.0194029827 0.9679765701
25.321770 8.1916704178 -0.7366336584 5.5262231827 0.0282432921 0.2349068671 -0.0188377686 0.9714248180
25.840800 8.2676095963 -0.7474841475 5.6811523438 0.0209642146 0.2302065939 -0.0146104423 0.9728062153
26.359150 8.3445701599 -0.7571918964 5.8403596878 0.0129540786 0.2209381908 -0.0128898434 0.9751166105
27.085020 8.4422407150 -0.7681864500 6.0715212822 0.0136381006 0.1817324907 -0.0135723483 0.9831597805
27.603900 8.5015945435 -0.7750606537 6.2504682541 0.0078761419 0.1588379592 -0.0185587965 0.9870988131
28.123280 8.5627994537 -0.7822632194 6.4375715256 0.0104774050 0.1589195132 -0.0108373761 0.9871764779
28.434770 8.6027956009 -0.7864670753 6.5547304153 0.0057278653 0.1605021656 -0.0079207812 0.9869871140
28.849900 8.6552352905 -0.7916115522 6.7131853104 0.0074556312 0.1639168113 -0.0085113496 0.9864092469
29.161270 8.6955327988 -0.7961068749 6.8324213028 0.0096608996 0.1658233404 -0.0103936298 0.9860533476
29.576300 8.7504720688 -0.8024427891 6.9906249046 0.0056392159 0.1740813702 -0.0141160544 0.9846139550
30.303050 8.8602638245 -0.8126118183 7.2507944107 -0.0002326736 0.2089860290 -0.0061589414 0.9778991938
30.614030 8.9099826813 -0.8143647909 7.3604373932 -0.0029824362 0.2131996900 -0.0075031491 0.9769752622
31.028780 8.9767160416 -0.8171627522 7.5093965530 -0.0033032584 0.2130043507 -0.0100182658 0.9769942760
31.340050 9.0277004242 -0.8187670708 7.6223897934 -0.0041583856 0.2096291035 -0.0073382156 0.9777445793
31.858530 9.1089611053 -0.8203716874 7.8158483505 -0.0097369021 0.1979715973 -0.0122177079 0.9800832272
32.169650 9.1547107697 -0.8209646940 7.9347271919 -0.0083670206 0.1915212572 -0.0183087979 0.9812819958
32.688280 9.2303791046 -0.8237321377 8.1361265182 -0.0066471882 0.1805025488 -0.0182499457 0.9833827019
32.999410 9.2747049332 -0.8253356814 8.2602729797 -0.0066993530 0.1738943756 -0.0197634604 0.9845432043
33.518170 9.3454360962 -0.8280894160 8.4688243866 -0.0027351235 0.1639067978 -0.0268945768 0.9861053228
33.829280 9.3876638412 -0.8288914561 8.5955009460 -0.0180900302 0.1609911323 -0.0231872331 0.9865176082
34.244030 9.4396238327 -0.8281116486 8.7618246078 -0.0116458545 0.1538592279 -0.0244680140 0.9877211452
34.762530 9.5033359528 -0.8284243941 8.9715299606 -0.0146269603 0.1436077058 -0.0209542494 0.9893047214
35.281280 9.5630388260 -0.8260453343 9.1854772568 -0.0201432221 0.1387170404 -0.0229118261 0.9898620248
35.799780 9.6222305298 -0.8251670599 9.3987522125 -0.0139064817 0.1368340403 -0.0239832141 0.9902059436
36.214530 9.6699132919 -0.8240387440 9.5717163086 -0.0169958156 0.1341388673 -0.0213140622 0.9905875325
36.525780 9.7038764954 -0.8233284950 9.7024316788 -0.0138664749 0.1322876513 -0.0219489094 0.9908713102
36.837040 9.7377033234 -0.8228235841 9.8332300186 -0.0175382365 0.1273814887 -0.0206030048 0.9914847016
37.252040 9.7794208527 -0.8212414384 10.0079669952 -0.0129734445 0.1173723489 -0.0226234607 0.9927455187
37.874040 9.8309221268 -0.8203938007 10.2698192596 -0.0141677642 0.0795444921 -0.0151353562 0.9966157079
38.185280 9.8462896347 -0.8195128441 10.4039440155 -0.0161737166 0.0605417341 -0.0213067271 0.9978071451
38.601160 9.8647565842 -0.8176027536 10.5817995071 -0.0121097742 0.0621838197 -0.0337219313 0.9974213243
39.017160 9.8926925659 -0.8175619245 10.7598419189 -0.0098764757 0.0858310163 -0.0331455581 0.9957092404
39.432660 9.9280767441 -0.8190772533 10.9357576370 -0.0069922344 0.1054612994 -0.0291973110 0.9939700961
39.951290 9.9794940948 -0.8196526766 11.1588172913 -0.0147369467 0.1188668460 -0.0334801674 0.9922361374
40.573540 10.0411338806 -0.8229573965 11.4221467972 -0.0050781826 0.1236190349 -0.0390337110 0.9915487170
41.299420 10.1182718277 -0.8252133131 11.7439708710 -0.0063961968 0.1110165343 -0.0390661433 0.9930298328
41.921540 10.1703701019 -0.8279128075 12.0223960876 -0.0085253110 0.0897980481 -0.0381161384 0.9951938391
42.751180 10.2229166031 -0.8311850429 12.4076309204 0.0004848109 0.0550039373 -0.0311282240 0.9980006814
43.166060 10.2390537262 -0.8330949545 12.6038026810 -0.0093021234 0.0375696756 -0.0264870767 0.9988995790
43.684940 10.2503204346 -0.8318839669 12.8548583984 -0.0091795912 0.0210274793 -0.0291107036 0.9993128181
44.099960 10.2553939819 -0.8308247328 13.0564336777 -0.0123310089 0.0097416304 -0.0305733122 0.9994089603
44.618540 10.2545108795 -0.8309060335 13.3104124069 -0.0076179118 -0.0043795845 -0.0264913831 0.9996104240
45.033540 10.2504615784 -0.8312533498 13.5118169785 -0.0096143615 -0.0167229567 -0.0191642251 0.9996302724
45.344810 10.2426481247 -0.8315157890 13.6614437103 -0.0089356471 -0.0242367033 -0.0208924003 0.9994479418
45.656170 10.2337436676 -0.8312138319 13.8095178604 -0.0089229811 -0.0325903893 -0.0184171423 0.9992592335
45.863670 10.2260389328 -0.8306188583 13.9084491730 -0.0107868100 -0.0376374833 -0.0187782384 0.9990567565
46.278790 10.2080879211 -0.8282880187 14.1040506363 -0.0156408641 -0.0439199656 -0.0216239523 0.9986785054
46.590420 10.1948518753 -0.8272771835 14.2491760254 -0.0094828373 -0.0454481766 -0.0195997693 0.9987294078
47.109670 10.1727361679 -0.8247023821 14.4958314896 -0.0109444438 -0.0361874290 -0.0232712701 0.9990140796
47.628800 10.1599245071 -0.8241513371 14.7453269958 -0.0096916696 -0.0167553462 -0.0255098939 0.9994871616
48.043920 10.1555490494 -0.8222770095 14.9485092163 -0.0106461169 0.0009388303 -0.0299151223 0.9994953275
48.458800 10.1596164703 -0.8217146993 15.1498851776 -0.0100335805 0.0146999806 -0.0277906917 0.9994553328
49.080930 10.1710844040 -0.8197295070 15.4579610825 -0.0112937950 0.0309987385 -0.0327420384 0.9989191294
49.599420 10.1892528534 -0.8186714053 15.7149477005 -0.0122492295 0.0405835286 -0.0337768942 0.9985299706
50.117990 10.2118101120 -0.8186355829 15.9731864929 -0.0138429496 0.0481517389 -0.0331095271 0.9981951118
50.325300 10.2220458984 -0.8172966242 16.0776252747 -0.0200652909 0.0491002388 -0.0300451890 0.9981401563
50.636450 10.2371988297 -0.8154279590 16.2330932617 -0.0120304693 0.0501978248 -0.0279494897 0.9982756376
50.843990 10.2474956512 -0.8148459792 16.3381080627 -0.0114560081 0.0517177917 -0.0258261897 0.9982619882
51.051200 10.2586727142 -0.8140938282 16.4417076111 -0.0152527224 0.0525066517 -0.0211347770 0.9982804060
51.258560 10.2700481415 -0.8132146001 16.5435180664 -0.0171331596 0.0526841991 -0.0189733319 0.9982839227
51.465930 10.2810115814 -0.8123588562 16.6455078125 -0.0145960925 0.0525286160 -0.0178220253 0.9983536601
51.776930 10.2961158752 -0.8101376295 16.7973842621 -0.0168177783 0.0531406738 -0.0166026000 0.9983073473
51.984300 10.3064880371 -0.8091600537 16.8980312347 -0.0149653489 0.0537466072 -0.0158290528 0.9983169436
52.399170 10.3285026550 -0.8069453835 17.1005420685 -0.0174600482 0.0535097793 -0.0109947678 0.9983541369
52.814180 10.3509187698 -0.8036233783 17.3004226685 -0.0200340431 0.0516699702 -0.0000996034 0.9984632134
53.021680 10.3608379364 -0.8013870120 17.3972015381 -0.0214411262 0.0503831729 0.0019319108 0.9984979033
53.540300 10.3835515976 -0.7958539128 17.6316146851 -0.0255576205 0.0465101823 0.0026234572 0.9985873699
53.747800 10.3914527893 -0.7928787470 17.7216300964 -0.0321816206 0.0464946255 -0.0025852686 0.9983966947
54.370180 10.4135780334 -0.7821459770 17.9664573669 -0.0328824706 0.0483235307 -0.0136101814 0.9981975555
54.577570 10.4209127426 -0.7791103125 18.0415687561 -0.0325483531 0.0488366596 -0.0139193805 0.9981792569
54.992680 10.4354343414 -0.7728456259 18.1859321594 -0.0340407528 0.0584747493 -0.0168928653 0.9975653291
55.407810 10.4537525177 -0.7678323388 18.3226070404 -0.0266741533 0.0742954016 -0.0219244026 0.9966383576
56.030430 10.4939575195 -0.7588222027 18.5318031311 -0.0352101959 0.1091568097 -0.0208172314 0.9931825995
56.445350 10.5306129456 -0.7526527643 18.6716175079 -0.0303559043 0.1223653778 -0.0101572433 0.9919687510
56.860440 10.5700531006 -0.7429521084 18.8199768066 -0.0541509688 0.1330417097 -0.0072940467 0.9896031618
57.275560 10.6145477295 -0.7296524048 18.9687328339 -0.0572336353 0.1450209171 -0.0034954115 0.9877656698
57.690560 10.6627311707 -0.7158594131 19.1168746948 -0.0582539774 0.1570801139 0.0017711098 0.9858646989
58.105810 10.7131385803 -0.7017700672 19.2598304749 -0.0583293028 0.1749651581 0.0020138139 0.9828432202
58.728680 10.7949304581 -0.6830365658 19.4561538696 -0.0479525588 0.2091942281 -0.0037148967 0.9766905904
59.144310 10.8599834442 -0.6742562056 19.5793342590 -0.0361683108 0.2474625856 -0.0011880689 0.9682214260
59.766940 10.9789676666 -0.6646771431 19.7601604462 -0.0372806601 0.2989218235 0.0102517111 0.9534940124
60.285560 11.0887746811 -0.6523873806 19.9125022888 -0.0474759527 0.3186130524 0.0067832153 0.9466708899
60.804180 11.2030448914 -0.6430879831 20.0630207062 -0.0364221297 0.3286409974 -0.0151079232 0.9436314106
61.322690 11.3159780502 -0.6380638480 20.2125530243 -0.0131422561 0.3200458586 -0.0309537575 0.9468050599
61.945060 11.4428615570 -0.6407253146 20.3854618073 -0.0108681927 0.3124381006 -0.0261739455 0.9495152831
62.671810 11.5784769058 -0.6475398540 20.5700378418 -0.0019273625 0.3312079608 -0.0379078463 0.9427940249
63.503190 11.7323570251 -0.6581349373 20.7306766510 0.0017653804 0.3995065987 -0.0327550061 0.9161432385
65.059060 11.9162435532 -0.6780733466 20.8732299805 0.0258922428 0.4551321268 -0.0273612365 0.8896267414
66.614310 12.0116596222 -0.6878376007 20.9508552551 0.0244646389 0.4235509932 -0.0311620459 0.9050055146
68.169320 12.1504058838 -0.7057508230 21.1189556122 0.0242937002 0.2837204039 -0.0261326283 0.9582430124
69.725320 12.2784452438 -0.7279689312 21.4638423920 0.0238238852 0.1338172853 -0.0224898774 0.9904643297
70.970820 12.3729305267 -0.7530159950 21.8973503113 0.0204251092 0.0996246859 -0.0251838472 0.9944965839
71.697200 12.4293403625 -0.7707614899 22.1918888092 0.0267829243 0.0931554958 -0.0219051521 0.9950501919
72.215950 12.4710464478 -0.7854613066 22.4199333191 0.0243660007 0.0917723402 -0.0208813380 0.9952628613
72.734700 12.5151414871 -0.8010307550 22.6608562469 0.0248760413 0.0894024670 -0.0178359766 0.9955251217
73.045950 12.5415763855 -0.8109741211 22.8139514923 0.0244449750 0.0888573080 -0.0184192471 0.9955739975
73.461070 12.5781192780 -0.8242762089 23.0212993622 0.0268055592 0.0966327488 -0.0264540035 0.9946073294
73.772700 12.6102237701 -0.8358982205 23.1785507202 0.0285074767 0.1161547229 -0.0331649147 0.9922678471
74.292330 12.6843013763 -0.8572385311 23.4407482147 0.0286911204 0.1608999223 -0.0369748920 0.9858604670
74.811700 12.7860736847 -0.8810905218 23.6937313080 0.0331935994 0.2186090797 -0.0388514027 0.9744735956
75.330950 12.9196157455 -0.9117839336 23.9284400940 0.0425267257 0.2889532447 -0.0430533141 0.9554286599
75.642200 13.0173797607 -0.9330286980 24.0619926453 0.0497624278 0.3262098134 -0.0399053767 0.9431428313
76.056950 13.1629791260 -0.9635267258 24.2297706604 0.0540753938 0.3669837415 -0.0392139219 0.9278259873
76.678580 13.4049186707 -1.0120546818 24.4710750580 0.0585549399 0.3921333253 -0.0311596878 0.9175139666
77.300580 13.6626167297 -1.0636577606 24.7133903503 0.0591661446 0.4004388452 -0.0299912728 0.9139193892
77.818950 13.8882713318 -1.1095952988 24.9224166870 0.0629695132 0.4008300602 -0.0324761607 0.9134086370
78.233830 14.0745820999 -1.1478426456 25.0957527161 0.0617129467 0.4037805200 -0.0352543257 0.9120909572
78.544830 14.2179927826 -1.1765708923 25.2272891998 0.0622446239 0.4076022804 -0.0354038216 0.9103474617
78.959710 14.4159154892 -1.2168791294 25.4055194855 0.0602458231 0.4148514271 -0.0372054577 0.9071298242
79.270830 14.5721035004 -1.2477939129 25.5413932800 0.0609333105 0.4187888205 -0.0377656966 0.9052495956
79.581950 14.7328691483 -1.2804639339 25.6783962250 0.0617853999 0.4226139784 -0.0381669290 0.9033954144
80.100580 15.0080280304 -1.3347263336 25.9051399231 0.0629420355 0.4305551648 -0.0374927856 0.8995859027
80.515330 15.2355251312 -1.3796532154 26.0885620117 0.0632158071 0.4338217974 -0.0378308520 0.8979817629
80.722740 15.3514986038 -1.4040849209 26.1814689636 0.0642274991 0.4350267053 -0.0364281759 0.8973848820
81.137500 15.5859870911 -1.4509177208 26.3682594299 0.0623755008 0.4372234046 -0.0363849699 0.8964491487
81.344940 15.7057600021 -1.4749710560 26.4631881714 0.0621664487 0.4381865561 -0.0347434357 0.8960584402
81.552330 15.8254175186 -1.4989676476 26.5565814972 0.0633589476 0.4382348955 -0.0347410813 0.8959513903
81.967080 16.0664234161 -1.5472540855 26.7447452545 0.0643424019 0.4378194511 -0.0352468640 0.8960646391
82.174460 16.1879615784 -1.5718510151 26.8400592804 0.0657478496 0.4364809990 -0.0331338234 0.8966959715
82.485710 16.3620834351 -1.6069672108 26.9777717590 0.0645266920 0.4341326952 -0.0321207494 0.8979606628
82.796920 16.5372371674 -1.6427640915 27.1186752319 0.0651551932 0.4330195785 -0.0309080258 0.8984951377
83.107850 16.7109527588 -1.6790792942 27.2606029510 0.0638413727 0.4325113297 -0.0325938761 0.8987746239
83.315210 16.8278903961 -1.7031815052 27.3555316925 0.0633592829 0.4321936071 -0.0299209990 0.8990545273
83.626210 17.0007839203 -1.7373132706 27.4940795898 0.0674697384 0.4308727086 -0.0269891303 0.8994821310
83.937350 17.1736125946 -1.7736151218 27.6362190247 0.0650640354 0.4300140142 -0.0293923169 0.8999948502
84.352100 17.4050674438 -1.8201847076 27.8253135681 0.0629874989 0.4289444685 -0.0325648971 0.9005435705
84.662980 17.5785846710 -1.8549571037 27.9668998718 0.0648376569 0.4287379086 -0.0300042871 0.9005995989
85.077720 17.8054409027 -1.9027183056 28.1544094086 0.0653306320 0.4264744222 -0.0317918621 0.9015768170
85.388710 17.9733848572 -1.9380044937 28.2945194244 0.0619406849 0.4255551398 -0.0316277295 0.9022560120
85.803450 18.1901359558 -1.9822440147 28.4737625122 0.0620805137 0.4259417653 -0.0305342004 0.9021015763
86.218210 18.4009895325 -2.0253355503 28.6503887177 0.0595280975 0.4276970923 -0.0308095943 0.9014335275
86.632980 18.5963058472 -2.0656745434 28.8105735779 0.0614798106 0.4284119904 -0.0307715833 0.9009642005
86.944090 18.7319087982 -2.0944070816 28.9216442108 0.0591393299 0.4265578985 -0.0291104261 0.9020551443
87.254960 18.8529930115 -2.1180887222 29.0240745544 0.0558404960 0.4239338636 -0.0277559608 0.9035438895
87.877340 19.0544433594 -2.1588859558 29.1927680969 0.0554876290 0.4236076772 -0.0311811212 0.9036068916
88.814340 19.2927894592 -2.2008090019 29.3434906006 0.0592600740 0.5547847152 -0.0337960683 0.8291923404
89.647840 19.4998359680 -2.2346210480 29.3586139679 0.0707964003 0.7455598116 -0.0235464312 0.6622492075
90.063710 19.5977630615 -2.2478933334 29.3236618042 0.0758042186 0.8249398470 -0.0169746727 0.5598570108
90.790840 19.7468509674 -2.2687308788 29.1949043274 0.0799884796 0.9315585494 -0.0185733214 0.3541970551
91.412970 19.8379631042 -2.2826609612 29.0125408173 0.0819893181 0.9815906286 -0.0200915579 0.1713298708
92.241220 19.8901157379 -2.2992424965 28.6908149719 0.0762711912 0.9958368540 -0.0121018449 0.0484279208
92.759720 19.9005928040 -2.3056905270 28.4607143402 0.0562080555 0.9983999729 0.0007599326 -0.0061325431
93.174720 19.8870639801 -2.3055310249 28.2714366913 0.0456195883 0.9972429872 0.0096847368 -0.0577193126
93.382090 19.8715705872 -2.3034925461 28.1757450104 0.0464200415 0.9953066111 0.0154469116 -0.0834944546
93.693120 19.8402061462 -2.2984859943 28.0290679932 0.0485128760 0.9926702380 0.0217104871 -0.1085401177
94.003970 19.8074531555 -2.2910833359 27.8778171539 0.0413917601 0.9921574593 0.0298398770 -0.1141048297
94.211350 19.7859802246 -2.2849459648 27.7744503021 0.0347874202 0.9926751852 0.0264758971 -0.1126272529
94.625970 19.7410087585 -2.2772431374 27.5608119965 0.0349252820 0.9940243959 0.0197633356 -0.1015141830
94.937220 19.7102813721 -2.2719340324 27.3947868347 0.0298263803 0.9945721626 0.0140803857 -0.0986832455
95.144720 19.6892547607 -2.2693779469 27.2825241089 0.0282250922 0.9947030544 0.0144062256 -0.0977838784
95.455870 19.6559677124 -2.2646284103 27.1125259399 0.0304608382 0.9948957562 0.0183626972 -0.0944316015
95.766850 19.6250991821 -2.2605075836 26.9420070648 0.0342074521 0.9952687621 0.0189486723 -0.0889430940
96.077860 19.5963439941 -2.2560656071 26.7709693909 0.0358101912 0.9958080649 0.0176445972 -0.0822956637
96.389100 19.5695877075 -2.2519068718 26.5999336243 0.0367982201 0.9960108399 0.0193338059 -0.0789589956
96.700350 19.5447959900 -2.2473759651 26.4323272705 0.0356001556 0.9961906075 0.0182241686 -0.0774902850
97.115100 19.5121822357 -2.2423295975 26.2168731689 0.0367514864 0.9962013960 0.0182896834 -0.0767957941
97.633720 19.4753074646 -2.2364294529 25.9587097168 0.0372009687 0.9966135025 0.0196763426 -0.0706432387
98.256230 19.4394378662 -2.2309741974 25.6770725250 0.0335873440 0.9971647859 0.0181114767 -0.0648556352
98.982350 19.4084835052 -2.2260572910 25.4082603455 0.0332976058 0.9974949956 0.0227498114 -0.0581153966
100.019300 19.3821907043 -2.2212209702 25.1704425812 0.0363861397 0.9976837039 0.0190765671 -0.0542162955
101.574700 19.3639316559 -2.2171726227 24.9878883362 0.0384566747 0.9977270961 0.0155403391 -0.0531054810
103.130500 19.3514175415 -2.2151770592 24.8538646698 0.0354674868 0.9977802634 0.0175050609 -0.0535738841
104.685700 19.3371906281 -2.2125766277 24.6745948792 0.0376713611 0.9986938834 0.0043930118 -0.0342353620
105.307700 19.3350238800 -2.2117624283 24.5202770233 0.0418639556 0.9991078973 0.0038980758 -0.0039527295
105.618900 19.3370132446 -2.2110612392 24.4261817932 0.0448782332 0.9989035130 0.0087487297 0.0100613339
106.034100 19.3453788757 -2.2096173763 24.2840976715 0.0372102000 0.9990289211 0.0131054968 0.0196178928
106.241700 19.3496513367 -2.2079930305 24.2080974579 0.0352480076 0.9990399480 0.0139360754 0.0219662711
106.553000 19.3567008972 -2.2062609196 24.0851879120 0.0330683403 0.9990908504 0.0101018250 0.0249391031
106.760500 19.3625087738 -2.2055964470 24.0000381470 0.0320584849 0.9991285801 0.0045374981 0.0263395943
107.279100 19.3773880005 -2.2046992779 23.7629623413 0.0323293172 0.9989683628 0.0084700389 0.0307445247
107.693900 19.3934898376 -2.2031383514 23.5582256317 0.0359906852 0.9985136986 0.0111295003 0.0393856280
108.108700 19.4129714966 -2.2018418312 23.3490028381 0.0395453945 0.9980312586 0.0092405723 0.0477945916
108.627500 19.4393615723 -2.2029287815 23.0890502930 0.0335431248 0.9983559847 0.0068392311 0.0459715463
109.042600 19.4580955505 -2.2040691376 22.8791980743 0.0353554785 0.9985240698 0.0055103153 0.0408571437
109.561200 19.4787921906 -2.2055418491 22.6116867065 0.0360225216 0.9987615943 0.0044425637 0.0340283848
110.079700 19.4963111877 -2.2078080177 22.3409709930 0.0358529761 0.9988320470 0.0040780054 0.0321321785
110.494600 19.5126552582 -2.2097411156 22.1229686737 0.0364049934 0.9987471700 0.0030535772 0.0341979042
111.012900 19.5343093872 -2.2140977383 21.8475780487 0.0348137803 0.9986063838 0.0032053778 0.0395355485
111.531400 19.5583877563 -2.2181782722 21.5763835907 0.0374169946 0.9982789159 0.0019888750 0.0451139174
111.946100 19.5800094604 -2.2229359150 21.3637027740 0.0355612114 0.9981635213 0.0027921507 0.0489613935
112.360900 19.6027698517 -2.2260775566 21.1552314758 0.0319266021 0.9983547330 0.0011402695 0.0476150028
112.672000 19.6165504456 -2.2280621529 21.0006427765 0.0391112454 0.9982589483 0.0004108051 0.0441492796
113.190500 19.6381034851 -2.2346124649 20.7535953522 0.0367218368 0.9985623956 -0.0068440647 0.0384419002
113.501500 19.6485824585 -2.2403867245 20.6190090179 0.0355382562 0.9986900687 -0.0088310046 0.0357385091
114.020100 19.6614246368 -2.2492060661 20.4258403778 0.0433339886 0.9983738065 -0.0123005910 0.0349371284
114.746300 19.6787948608 -2.2596745491 20.2117729187 0.0380269624 0.9985687733 -0.0148368850 0.0345571339
115.990900 19.6982955933 -2.2742073536 19.9233932495 0.0432910211 0.9984267950 -0.0133422799 0.0330425873
116.820500 19.7095260620 -2.2819166183 19.7823867798 0.0447932929 0.9979543686 -0.0209050551 0.0405419879
118.272500 19.7225227356 -2.2919003963 19.6470890045 0.0453158505 0.9975550771 -0.0262868758 0.0462536141
119.828100 19.7287540436 -2.2960243225 19.5897865295 0.0447807200 0.9973688722 -0.0296749994 0.0486764349
121.383400 19.7311058044 -2.2974386215 19.5712375641 0.0439910628 0.9973378778 -0.0314438306 0.0489203855
122.939000 19.7371273041 -2.3022897243 19.5114822388 0.0438955240 0.9973437786 -0.0306690205 0.0493763760
124.494400 19.7447566986 -2.3093428612 19.4257278442 0.0468917899 0.9972114563 -0.0284975860 0.0505801886
