0.000000 0.0000000 0.0000000 0.0000000 0.0000000 0.0000000 0.0000000 1.0000000
0.310908 0.0012729 -0.0006417 0.0436093 0.0000794 0.0103570 0.0036988 0.9999395
0.518120 0.0017012 -0.0008800 0.0739700 0.0015038 0.0059785 0.0056780 0.9999649
0.725215 0.0007643 -0.0013582 0.1056934 0.0025636 -0.0086177 0.0062411 0.9999401
0.932502 -0.0025802 -0.0018772 0.1391161 0.0031258 -0.0281755 0.0021405 0.9995958
1.139865 -0.0067511 -0.0024258 0.1746399 0.0028619 -0.0489697 0.0027800 0.9987923
1.347350 -0.0133651 -0.0026695 0.2126268 0.0022174 -0.0674569 0.0028782 0.9977156
1.555101 -0.0209212 -0.0034791 0.2525456 0.0018761 -0.0821656 0.0018324 0.9966152
1.867090 -0.0336739 -0.0045229 0.3181458 0.0041647 -0.0975074 0.0038111 0.9952188
2.076388 -0.0443597 -0.0052916 0.3643456 0.0064666 -0.1051740 0.0035955 0.9944263
2.387073 -0.0614039 -0.0074315 0.4390299 0.0083227 -0.1175784 0.0086261 0.9929913
2.699213 -0.0835515 -0.0096229 0.5189100 0.0132948 -0.1307964 0.0055861 0.9913043
3.011247 -0.1087064 -0.0128169 0.6037356 0.0173937 -0.1434361 0.0057248 0.9894902
3.323567 -0.1373781 -0.0174697 0.6935205 0.0277695 -0.1526756 0.0061381 0.9878671
3.635476 -0.1701578 -0.0245686 0.7887955 0.0407470 -0.1589058 0.0028943 0.9864483
4.051384 -0.2186615 -0.0381575 0.9228519 0.0522139 -0.1690065 -0.0030885 0.9842261
4.467802 -0.2726797 -0.0540307 1.0617986 0.0508049 -0.1814146 -0.0035851 0.9820870
4.778763 -0.3178834 -0.0651942 1.1680309 0.0444873 -0.1945288 -0.0063665 0.9798667
5.090371 -0.3686451 -0.0754492 1.2780119 0.0421011 -0.2082929 -0.0088582 0.9771198
5.505885 -0.4416758 -0.0891490 1.4285619 0.0376869 -0.2260157 -0.0091875 0.9733510
5.817477 -0.5037500 -0.0988618 1.5442876 0.0315654 -0.2379818 -0.0087806 0.9707168
6.129103 -0.5673658 -0.1068553 1.6605768 0.0291165 -0.2477650 -0.0074072 0.9683542
6.336918 -0.6132079 -0.1124309 1.7422637 0.0290311 -0.2525339 -0.0059395 0.9671342
6.648730 -0.6862721 -0.1213674 1.8693410 0.0277767 -0.2544201 -0.0063433 0.9666740
6.960403 -0.7613628 -0.1300305 2.0005739 0.0272486 -0.2567088 -0.0032905 0.9660990
7.271858 -0.8403444 -0.1382815 2.1282940 0.0222602 -0.2622257 -0.0029415 0.9647453
7.583886 -0.9240226 -0.1459928 2.2667150 0.0236090 -0.2767588 0.0003287 0.9606493
7.894618 -1.0130297 -0.1533992 2.3996000 0.0198726 -0.2914843 -0.0033892 0.9563632
8.310112 -1.1336646 -0.1654280 2.5725484 0.0272452 -0.3033888 -0.0028082 0.9524731
8.517862 -1.1974179 -0.1711629 2.6600745 0.0228074 -0.3086000 -0.0037256 0.9509111
8.829907 -1.2906988 -0.1791072 2.7841427 0.0226283 -0.3164676 -0.0043039 0.9483236
9.038033 -1.3556274 -0.1848241 2.8680058 0.0237787 -0.3228292 -0.0028576 0.9461542
9.244879 -1.4223590 -0.1903425 2.9516559 0.0231405 -0.3300536 -0.0032575 0.9436729
9.452542 -1.4899726 -0.1960995 3.0332305 0.0238391 -0.3380906 -0.0021332 0.9408092
9.764859 -1.5926864 -0.2054218 3.1535573 0.0242369 -0.3508967 0.0007909 0.9361001
9.971133 -1.6651995 -0.2117328 3.2334657 0.0229247 -0.3593751 0.0016193 0.9329101
10.178630 -1.7403946 -0.2179245 3.3131821 0.0226361 -0.3681523 0.0025931 0.9294863
10.489860 -1.8576121 -0.2267019 3.4332616 0.0235278 -0.3804461 0.0019800 0.9245017
10.697400 -1.9392816 -0.2330730 3.5111489 0.0244904 -0.3866419 0.0012292 0.9219038
11.008770 -2.0633698 -0.2424997 3.6274920 0.0273233 -0.3962219 0.0024571 0.9177448
11.320040 -2.1905355 -0.2525387 3.7424097 0.0258800 -0.4054599 0.0039644 0.9137378
11.631420 -2.3216887 -0.2627085 3.8575907 0.0254781 -0.4135758 0.0051197 0.9100987
11.942960 -2.4527268 -0.2733707 3.9684582 0.0261998 -0.4210148 0.0106736 0.9066125
12.253600 -2.5900853 -0.2851099 4.0804629 0.0228300 -0.4350091 0.0165057 0.8999853
12.564740 -2.7323895 -0.2961567 4.1853971 0.0224344 -0.4498756 0.0161792 0.8926628
12.875730 -2.8799396 -0.3079309 4.2886662 0.0221351 -0.4660440 0.0186973 0.8842869
13.186860 -3.0314312 -0.3199285 4.3858423 0.0219383 -0.4820346 0.0193064 0.8756647
13.498010 -3.1875577 -0.3328551 4.4786196 0.0233177 -0.4970739 0.0190315 0.8671861
13.809230 -3.3484068 -0.3453176 4.5672455 0.0211195 -0.5090894 0.0179709 0.8602669
14.120270 -3.5118551 -0.3580527 4.6544533 0.0225404 -0.5192284 0.0224629 0.8540428
14.327630 -3.6231141 -0.3677485 4.7106438 0.0222576 -0.5238748 0.0252976 0.8511286
14.538380 -3.7342491 -0.3771777 4.7663555 0.0175218 -0.5277266 0.0254530 0.8488520
14.742390 -3.8450804 -0.3856640 4.8207951 0.0154017 -0.5308084 0.0265590 0.8469356
15.053740 -4.0110397 -0.3982836 4.9000273 0.0122127 -0.5341973 0.0282475 0.8447995
15.365030 -4.1749043 -0.4095225 4.9759464 0.0085265 -0.5370386 0.0300125 0.8429805
15.572680 -4.2818575 -0.4164076 5.0248976 0.0078345 -0.5381232 0.0325762 0.8422000
15.884100 -4.4340286 -0.4270175 5.0943823 0.0098163 -0.5371018 0.0328840 0.8428190
16.091900 -4.5331202 -0.4349939 5.1413651 0.0118359 -0.5329207 0.0314317 0.8454984
16.403370 -4.6770020 -0.4462141 5.2120647 0.0123364 -0.5232336 0.0294398 0.8515913
16.714990 -4.8148184 -0.4569234 5.2846746 0.0130713 -0.5096629 0.0290577 0.8597840
16.922750 -4.9044828 -0.4636839 5.3350458 0.0163053 -0.4989163 0.0286681 0.8660224
17.130540 -4.9925632 -0.4705776 5.3880525 0.0164942 -0.4864437 0.0263284 0.8731594
17.338110 -5.0791011 -0.4779510 5.4423728 0.0156996 -0.4732746 0.0246021 0.8804314
17.545790 -5.1641893 -0.4852245 5.4998240 0.0164564 -0.4607626 0.0247619 0.8870253
17.753120 -5.2447891 -0.4923341 5.5582933 0.0162898 -0.4486413 0.0252589 0.8932064
17.857050 -5.2842131 -0.4956046 5.5874829 0.0156616 -0.4425824 0.0243192 0.8962612
18.064140 -5.3604808 -0.5013955 5.6467204 0.0142710 -0.4310306 0.0227809 0.9019368
18.271640 -5.4338055 -0.5077923 5.7077985 0.0161820 -0.4197004 0.0211351 0.9072723
18.479100 -5.5047407 -0.5133643 5.7698789 0.0155090 -0.4086484 0.0201921 0.9123367
18.686620 -5.5731831 -0.5190331 5.8329234 0.0141689 -0.3983638 0.0198962 0.9169022
18.894080 -5.6394930 -0.5242626 5.8959689 0.0144285 -0.3887640 0.0189414 0.9210296
19.101510 -5.7034616 -0.5293921 5.9596796 0.0124656 -0.3793760 0.0167172 0.9250076
19.309140 -5.7648306 -0.5340221 6.0232549 0.0123448 -0.3694730 0.0155948 0.9290286
19.516610 -5.8234854 -0.5383825 6.0866146 0.0111671 -0.3579293 0.0129309 0.9335924
19.828250 -5.9059439 -0.5444579 6.1819706 0.0106426 -0.3368844 0.0095181 0.9414377
20.139770 -5.9817924 -0.5500218 6.2791429 0.0108512 -0.3138849 0.0085516 0.9493605
20.451300 -6.0519190 -0.5543301 6.3790092 0.0069535 -0.2900614 0.0075745 0.9569528
20.762700 -6.1172528 -0.5582604 6.4822459 0.0049280 -0.2706490 0.0077534 0.9626343
21.074000 -6.1797647 -0.5615467 6.5891266 0.0048282 -0.2520640 0.0057817 0.9676812
21.385010 -6.2381501 -0.5649750 6.6988363 0.0053008 -0.2367151 0.0068772 0.9715403
21.799990 -6.3135710 -0.5676949 6.8515978 0.0005846 -0.2229042 0.0035287 0.9748338
22.214990 -6.3903294 -0.5695919 7.0161920 -0.0036539 -0.2077668 0.0012871 0.9781707
22.630130 -6.4641957 -0.5709575 7.1919146 -0.0039034 -0.1891087 0.0033422 0.9819427
23.045760 -6.5307951 -0.5717610 7.3762913 -0.0038011 -0.1582760 -0.0006369 0.9873874
23.565520 -6.5990295 -0.5714632 7.6318135 -0.0083697 -0.1036127 -0.0048580 0.9945707
23.981240 -6.6350660 -0.5696537 7.8492012 -0.0112046 -0.0582729 -0.0081589 0.9982045
24.396610 -6.6532345 -0.5672024 8.0819473 -0.0132099 -0.0171042 -0.0082542 0.9997324
24.915620 -6.6521239 -0.5611135 8.3920202 -0.0119000 0.0340997 -0.0120459 0.9992750
25.330500 -6.6206827 -0.5610685 8.6330223 -0.0063919 0.0713983 -0.0136528 0.9973339
25.745370 -6.5773249 -0.5657730 8.8988609 0.0017622 0.1076252 -0.0178629 0.9940295
26.160240 -6.5106907 -0.5700307 9.1686802 0.0066814 0.1423563 -0.0170502 0.9896461
26.575260 -6.4223566 -0.5782133 9.4385014 0.0096206 0.1783228 -0.0208583 0.9837039
26.990510 -6.3100882 -0.5959728 9.7115288 0.0165902 0.2181059 -0.0235216 0.9755005
27.405990 -6.1729822 -0.6124725 9.9801455 0.0195715 0.2722366 -0.0300831 0.9615608
27.821250 -6.0006270 -0.6348072 10.2349119 0.0259457 0.3252194 -0.0318359 0.9447463
28.132630 -5.8516207 -0.6541982 10.4167271 0.0297368 0.3605512 -0.0322770 0.9317064
28.547500 -5.6315756 -0.6843941 10.6406097 0.0359156 0.3999252 -0.0318178 0.9152910
28.858560 -5.4526749 -0.7089763 10.7991991 0.0378016 0.4280573 -0.0321428 0.9023884
29.169630 -5.2678909 -0.7345814 10.9432020 0.0340868 0.4576249 -0.0351708 0.8877953
29.376900 -5.1423879 -0.7526165 11.0311937 0.0346563 0.4766240 -0.0379708 0.8776028
29.688050 -4.9478459 -0.7787027 11.1506567 0.0304791 0.5081315 -0.0388171 0.8598643
29.999280 -4.7512002 -0.8037654 11.2520905 0.0275099 0.5389972 -0.0392120 0.8409445
30.310460 -4.5537529 -0.8272855 11.3356056 0.0298050 0.5672573 -0.0372865 0.8221561
30.621900 -4.3552670 -0.8524725 11.4021301 0.0301435 0.5933912 -0.0383015 0.8034371
30.932900 -4.1574097 -0.8767242 11.4573574 0.0356191 0.6168091 -0.0476343 0.7848623
31.140380 -4.0264206 -0.8947785 11.4871826 0.0327662 0.6324433 -0.0508140 0.7722433
31.451710 -3.8308544 -0.9220058 11.5213261 0.0303578 0.6543959 -0.0520366 0.7537483
31.659170 -3.7028139 -0.9386560 11.5385714 0.0300519 0.6685910 -0.0553843 0.7409558
31.970400 -3.5134759 -0.9641477 11.5527000 0.0284768 0.6872152 -0.0537304 0.7239043
32.177810 -3.3910773 -0.9802165 11.5585175 0.0263411 0.6972589 -0.0508743 0.7145264
32.488780 -3.2113698 -1.0040698 11.5607834 0.0272778 0.7061137 -0.0530923 0.7055781
32.696160 -3.0955973 -1.0202168 11.5605068 0.0316417 0.7095967 -0.0578324 0.7015175
33.007250 -2.9255605 -1.0429933 11.5586891 0.0263269 0.7138399 -0.0527616 0.6978222
33.318440 -2.7603362 -1.0641530 11.5553398 0.0270047 0.7138434 -0.0531388 0.6977640
33.629370 -2.5993361 -1.0855764 11.5544806 0.0268376 0.7113012 -0.0565187 0.7000971
33.940910 -2.4405591 -1.1069144 11.5555620 0.0255987 0.7060309 -0.0585610 0.7052912
34.251630 -2.2815552 -1.1285399 11.5585518 0.0266886 0.6985160 -0.0562521 0.7128807
34.563020 -2.1249681 -1.1494098 11.5659075 0.0245870 0.6914132 -0.0554114 0.7199116
34.874180 -1.9714483 -1.1685681 11.5753851 0.0254185 0.6837281 -0.0552633 0.7271972
35.289260 -1.7698315 -1.1941638 11.5936460 0.0248142 0.6739548 -0.0582496 0.7360544
35.600660 -1.6208274 -1.2137458 11.6105804 0.0228794 0.6669032 -0.0565162 0.7426456
35.911880 -1.4707080 -1.2324533 11.6302042 0.0262829 0.6581977 -0.0554047 0.7503434
36.119380 -1.3720398 -1.2453910 11.6454887 0.0277179 0.6508336 -0.0559620 0.7566476
36.430690 -1.2231948 -1.2645745 11.6716833 0.0247707 0.6443978 -0.0567143 0.7621820
36.638140 -1.1232415 -1.2768979 11.6898975 0.0261167 0.6421656 -0.0576733 0.7639471
36.949590 -0.9688237 -1.2962524 11.7193537 0.0281726 0.6386141 -0.0558494 0.7669806
37.157030 -0.8652569 -1.3088101 11.7402287 0.0277162 0.6358997 -0.0555727 0.7692692
37.468260 -0.7125815 -1.3276668 11.7724295 0.0278967 0.6309974 -0.0533421 0.7734460
37.779750 -0.5615635 -1.3473184 11.8067818 0.0289469 0.6230982 -0.0521104 0.7798687
38.090970 -0.4093153 -1.3661412 11.8450546 0.0316620 0.6115747 -0.0494437 0.7890052
38.402010 -0.2601397 -1.3848821 11.8878841 0.0307563 0.5980575 -0.0476019 0.7994469
38.713300 -0.1133516 -1.4030949 11.9367170 0.0303566 0.5847131 -0.0509882 0.8090669
39.024680 0.0316322 -1.4215969 11.9894314 0.0275993 0.5730991 -0.0509101 0.8174374
39.335930 0.1758041 -1.4390705 12.0461445 0.0256326 0.5627570 -0.0512379 0.8246346
39.647300 0.3155146 -1.4563510 12.1044092 0.0260475 0.5517575 -0.0522879 0.8319563
39.958670 0.4516397 -1.4725926 12.1673346 0.0236460 0.5404314 -0.0497366 0.8395838
40.270040 0.5842652 -1.4879152 12.2326603 0.0208702 0.5284744 -0.0498229 0.8472290
40.581350 0.7142377 -1.5024540 12.3017540 0.0191351 0.5168750 -0.0497086 0.8544022
40.892540 0.8423829 -1.5168754 12.3741302 0.0190555 0.5047114 -0.0491447 0.8616775
41.203950 0.9694948 -1.5305481 12.4489841 0.0155967 0.4952257 -0.0474149 0.8673293
41.515430 1.0958891 -1.5426842 12.5273314 0.0110187 0.4906913 -0.0456070 0.8700693
41.826800 1.2227907 -1.5540072 12.6058931 0.0113867 0.4879621 -0.0462882 0.8715622
42.138180 1.3503857 -1.5653224 12.6858845 0.0117617 0.4854564 -0.0434823 0.8730996
42.449700 1.4755659 -1.5758268 12.7644844 0.0077215 0.4835584 -0.0404603 0.8743424
42.864650 1.6444597 -1.5889739 12.8727541 0.0057574 0.4824804 -0.0396710 0.8749890
43.176100 1.7721820 -1.5978111 12.9543810 0.0027809 0.4814760 -0.0377409 0.8756419
43.591170 1.9412055 -1.6083794 13.0639553 -0.0003605 0.4785654 -0.0355314 0.8773326
44.005890 2.1075249 -1.6172240 13.1753740 -0.0036973 0.4722008 -0.0324114 0.8808872
44.316920 2.2295136 -1.6229337 13.2601957 -0.0038995 0.4624135 -0.0313943 0.8860999
44.628020 2.3481402 -1.6281229 13.3474369 -0.0067612 0.4521182 -0.0288310 0.8914663
44.940270 2.4654822 -1.6319520 13.4381618 -0.0059918 0.4379659 -0.0265368 0.8985799
45.250540 2.5800014 -1.6352638 13.5350647 -0.0074535 0.4224378 -0.0247081 0.9060244
45.561770 2.6925759 -1.6382439 13.6364250 -0.0106487 0.4060771 -0.0236239 0.9134713
45.873020 2.8044276 -1.6399493 13.7414904 -0.0155309 0.3893719 -0.0180018 0.9207737
46.184260 2.9126925 -1.6396844 13.8533936 -0.0153567 0.3702444 -0.0126043 0.9287219
46.598920 3.0525737 -1.6374049 14.0141382 -0.0185654 0.3445614 -0.0081795 0.9385446
46.806400 3.1199613 -1.6356363 14.0975580 -0.0196931 0.3319679 -0.0086729 0.9430452
47.117660 3.2174320 -1.6330094 14.2271719 -0.0213351 0.3175744 -0.0123643 0.9479127
47.532920 3.3448458 -1.6278059 14.4078207 -0.0265929 0.3002481 -0.0170637 0.9533377
47.844470 3.4371514 -1.6231307 14.5486870 -0.0304816 0.2914386 -0.0221365 0.9558474
48.052150 3.4988527 -1.6200546 14.6432095 -0.0263354 0.2885092 -0.0265867 0.9567455
48.364330 3.5923581 -1.6162404 14.7878847 -0.0250896 0.2868698 -0.0281458 0.9572273
48.675200 3.6867132 -1.6136003 14.9335318 -0.0246427 0.2854877 -0.0274959 0.9576709
48.986440 3.7809787 -1.6107327 15.0795956 -0.0233361 0.2824051 -0.0256652 0.9586679
49.297550 3.8724039 -1.6076193 15.2278166 -0.0232278 0.2731251 -0.0239203 0.9614005
49.608640 3.9601760 -1.6047335 15.3792944 -0.0239202 0.2556635 -0.0233995 0.9661866
49.919640 4.0413570 -1.6015363 15.5337467 -0.0265666 0.2365678 -0.0234732 0.9709680
50.230760 4.1153851 -1.5968378 15.6905193 -0.0271179 0.2167717 -0.0233493 0.9755662
50.438290 4.1611700 -1.5937104 15.7958155 -0.0270287 0.2035971 -0.0266917 0.9783176
50.645900 4.2037210 -1.5906405 15.9032545 -0.0282007 0.1934557 -0.0314885 0.9801980
50.853640 4.2457151 -1.5878284 16.0104198 -0.0283992 0.1868739 -0.0321836 0.9814458
51.061270 4.2864027 -1.5845518 16.1179218 -0.0275940 0.1822868 -0.0305720 0.9823825
51.268910 4.3264899 -1.5818744 16.2256985 -0.0264437 0.1770336 -0.0292795 0.9834137
51.476390 4.3654552 -1.5791526 16.3343296 -0.0246166 0.1716728 -0.0292297 0.9844126
51.683890 4.4028559 -1.5761085 16.4439430 -0.0249653 0.1649682 -0.0294991 0.9855415
51.891290 4.4379096 -1.5732403 16.5534782 -0.0280980 0.1584421 -0.0300147 0.9865119
52.202390 4.4890566 -1.5689918 16.7159748 -0.0247300 0.1513248 -0.0274907 0.9877923
52.410020 4.5218420 -1.5664294 16.8230991 -0.0251000 0.1502169 -0.0272083 0.9879598
52.721640 4.5713739 -1.5628467 16.9799919 -0.0274687 0.1643131 -0.0333745 0.9854607
52.929520 4.6073623 -1.5603123 17.0792789 -0.0278565 0.1746205 -0.0330252 0.9836875
53.240640 4.6604981 -1.5568802 17.2198792 -0.0258474 0.1829930 -0.0307589 0.9822929
53.551780 4.7113781 -1.5548615 17.3560333 -0.0239727 0.1781086 -0.0277392 0.9833276
53.862640 4.7580090 -1.5525374 17.4943619 -0.0227860 0.1606942 -0.0230049 0.9864730
54.173520 4.7995996 -1.5498974 17.6347694 -0.0219064 0.1308872 -0.0171859 0.9910062
54.484400 4.8290949 -1.5469263 17.7757130 -0.0201550 0.0933770 -0.0155936 0.9953046
54.691640 4.8414354 -1.5440350 17.8702183 -0.0180158 0.0649086 -0.0169834 0.9975840
54.899020 4.8482380 -1.5424042 17.9657440 -0.0186135 0.0345716 -0.0166387 0.9990903
55.106520 4.8493867 -1.5406582 18.0623837 -0.0172834 0.0035973 -0.0164777 0.9997084
55.418020 4.8403668 -1.5377437 18.2077751 -0.0153271 -0.0345152 -0.0187287 0.9991111
55.730050 4.8236132 -1.5344658 18.3563652 -0.0197214 -0.0512008 -0.0264457 0.9981434
55.938270 4.8118973 -1.5317445 18.4567604 -0.0137543 -0.0527913 -0.0285749 0.9981019
56.146400 4.8011889 -1.5298854 18.5598564 -0.0131119 -0.0503870 -0.0294944 0.9982080
56.458520 4.7854142 -1.5266702 18.7169724 -0.0097879 -0.0461430 -0.0268668 0.9985255
56.770390 4.7709279 -1.5260409 18.8798103 -0.0072920 -0.0436654 -0.0255432 0.9986930
57.081890 4.7548428 -1.5247095 19.0483952 -0.0090443 -0.0429460 -0.0285563 0.9986283
57.393270 4.7373428 -1.5224543 19.2203217 -0.0074108 -0.0434673 -0.0309421 0.9985481
57.704420 4.7199230 -1.5224962 19.3934612 -0.0056443 -0.0479778 -0.0272026 0.9984620
58.015420 4.6988115 -1.5217845 19.5706806 -0.0056628 -0.0608989 -0.0200623 0.9979262
58.326530 4.6739960 -1.5226517 19.7440872 -0.0044794 -0.0753987 -0.0179595 0.9969817
58.637900 4.6435595 -1.5228578 19.9161415 -0.0041028 -0.0890711 -0.0170149 0.9958715
58.949150 4.6090336 -1.5238402 20.0856323 -0.0023891 -0.1015074 -0.0173770 0.9946802
59.260530 4.5706611 -1.5254289 20.2544727 -0.0011483 -0.1107841 -0.0144647 0.9937386
59.675530 4.5159249 -1.5281368 20.4774208 0.0018400 -0.1220574 -0.0078503 0.9924903
59.987020 4.4713931 -1.5308659 20.6453152 0.0014122 -0.1277069 -0.0083859 0.9917755
60.298400 4.4246507 -1.5322343 20.8131218 -0.0025430 -0.1299337 -0.0056837 0.9915031
60.506060 4.3955441 -1.5324323 20.9229698 -0.0037328 -0.1311069 -0.0000781 0.9913612
60.817540 4.3502250 -1.5336797 21.0892715 -0.0035948 -0.1327738 0.0041991 0.9911309
61.025270 4.3191061 -1.5344726 21.2008057 -0.0051050 -0.1339571 0.0043906 0.9909642
61.336500 4.2716241 -1.5349497 21.3677044 -0.0082983 -0.1352811 0.0003881 0.9907724
61.647800 4.2251496 -1.5349233 21.5323620 -0.0106297 -0.1336888 -0.0012706 0.9909655
61.959050 4.1799030 -1.5338390 21.6977215 -0.0141305 -0.1314361 -0.0026920 0.9912203
62.270350 4.1342115 -1.5310373 21.8618164 -0.0140820 -0.1290505 -0.0034345 0.9915321
62.581550 4.0914316 -1.5292861 22.0236568 -0.0185824 -0.1274514 -0.0016956 0.9916693
62.892780 4.0499959 -1.5259426 22.1838322 -0.0197576 -0.1260224 0.0017574 0.9918290
63.100390 4.0225768 -1.5238791 22.2893066 -0.0206161 -0.1256694 0.0052368 0.9918441
63.411420 3.9825439 -1.5207145 22.4460049 -0.0213723 -0.1259074 0.0069425 0.9917874
63.618820 3.9555626 -1.5183001 22.5487366 -0.0231320 -0.1262316 0.0067720 0.9917079
63.929910 3.9154406 -1.5147521 22.7017460 -0.0234186 -0.1268091 0.0071339 0.9916250
64.137290 3.8885956 -1.5120595 22.8027020 -0.0248767 -0.1273734 0.0074972 0.9915144
64.448610 3.8488140 -1.5077155 22.9520607 -0.0252112 -0.1279647 0.0059707 0.9914402
64.656230 3.8222156 -1.5047535 23.0497341 -0.0268877 -0.1276965 0.0048369 0.9914370
64.863720 3.7958264 -1.5011811 23.1475754 -0.0290058 -0.1277586 0.0038449 0.9913736
65.174920 3.7573395 -1.4951226 23.2919979 -0.0348822 -0.1298685 0.0046115 0.9909067
65.382430 3.7312765 -1.4903672 23.3871899 -0.0370183 -0.1316062 0.0061440 0.9905916
65.589790 3.7049198 -1.4852574 23.4816933 -0.0379588 -0.1333893 0.0059951 0.9903184
65.797310 3.6794639 -1.4797734 23.5748177 -0.0388155 -0.1342047 0.0078925 0.9901617
66.004800 3.6541176 -1.4746300 23.6658726 -0.0389411 -0.1333917 0.0082040 0.9902641
66.315950 3.6185040 -1.4670073 23.7969818 -0.0400443 -0.1323342 0.0114311 0.9903300
66.627050 3.5843010 -1.4601487 23.9238796 -0.0377979 -0.1317009 0.0124160 0.9904908
66.938300 3.5509734 -1.4536279 24.0456047 -0.0366090 -0.1304248 0.0122601 0.9907063
67.249580 3.5196071 -1.4475070 24.1653137 -0.0356219 -0.1273190 0.0132346 0.9911336
67.561050 3.4903345 -1.4413490 24.2853661 -0.0348470 -0.1163398 0.0123810 0.9925207
67.976670 3.4572532 -1.4322261 24.4470005 -0.0422532 -0.0851916 0.0082781 0.9954339
68.288670 3.4419434 -1.4242795 24.5685196 -0.0454974 -0.0502080 0.0046983 0.9976909
68.600540 3.4369252 -1.4153752 24.6907597 -0.0431650 -0.0098664 0.0049026 0.9990072
68.912190 3.4410930 -1.4062362 24.8142071 -0.0429632 0.0307165 0.0064097 0.9985838
69.223670 3.4548349 -1.3954842 24.9406586 -0.0431467 0.0695186 0.0094183 0.9966027
69.535030 3.4800153 -1.3870144 25.0647469 -0.0423956 0.1070902 0.0109472 0.9932847
69.846210 3.5143740 -1.3779047 25.1880169 -0.0396627 0.1392218 0.0128059 0.9893837
70.157430 3.5554242 -1.3692547 25.3131752 -0.0386941 0.1671490 0.0120949 0.9850978
70.468570 3.6044669 -1.3604130 25.4377060 -0.0379805 0.1948493 0.0125417 0.9800173
70.779670 3.6615596 -1.3516970 25.5607643 -0.0389630 0.2216786 0.0133428 0.9742497
71.090660 3.7253189 -1.3432077 25.6822891 -0.0354737 0.2478693 0.0120815 0.9680684
71.401990 3.7968206 -1.3353251 25.8002243 -0.0362164 0.2778511 0.0090206 0.9598988
71.713370 3.8768826 -1.3278099 25.9132080 -0.0385657 0.3130584 0.0087309 0.9489104
72.024670 3.9664593 -1.3197888 26.0200329 -0.0377012 0.3519188 0.0103105 0.9352142
72.335680 4.0632067 -1.3121012 26.1172943 -0.0373908 0.3880162 0.0137196 0.9207916
72.646700 4.1674509 -1.3033736 26.2111130 -0.0362190 0.4172852 0.0154605 0.9079219
73.165200 4.3540668 -1.2901543 26.3541107 -0.0376975 0.4608415 0.0165968 0.8865261
73.580270 4.5173922 -1.2760423 26.4549103 -0.0404344 0.4996085 0.0178568 0.8651228
73.995310 4.6934223 -1.2629892 26.5408630 -0.0374492 0.5416748 0.0227754 0.8394446
74.306540 4.8314981 -1.2534204 26.5937386 -0.0371828 0.5735241 0.0230578 0.8180194
74.617850 4.9780483 -1.2433820 26.6380253 -0.0369130 0.6052687 0.0203094 0.7949055
74.928950 5.1325617 -1.2334418 26.6718521 -0.0368667 0.6371244 0.0208984 0.7695951
75.240090 5.2915974 -1.2232208 26.6925449 -0.0351520 0.6672660 0.0237353 0.7436109
75.551070 5.4542804 -1.2131958 26.7024803 -0.0332340 0.6951748 0.0238013 0.7176775
75.862200 5.6219950 -1.2026443 26.6997986 -0.0359502 0.7210218 0.0254592 0.6915107
76.173160 5.7946653 -1.1913288 26.6849155 -0.0354400 0.7465611 0.0229422 0.6639761
76.380600 5.9104939 -1.1840825 26.6681404 -0.0340140 0.7629569 0.0236408 0.6451209
76.691750 6.0823026 -1.1732545 26.6302776 -0.0306725 0.7840421 0.0246033 0.6194609
76.899070 6.1988358 -1.1655096 26.5993309 -0.0307519 0.7966921 0.0236835 0.6031377
77.210160 6.3707919 -1.1566755 26.5433769 -0.0299783 0.8155191 0.0191037 0.5776374
77.417440 6.4865999 -1.1496317 26.4997921 -0.0313238 0.8275600 0.0184271 0.5601997
77.624880 6.6011348 -1.1436949 26.4513950 -0.0321906 0.8383051 0.0185665 0.5439335
77.832140 6.7143407 -1.1383505 26.3988304 -0.0306204 0.8457395 0.0204191 0.5323251
78.039350 6.8281827 -1.1322197 26.3426476 -0.0258037 0.8503050 0.0220455 0.5251948
78.246670 6.9420371 -1.1268889 26.2843723 -0.0231006 0.8524719 0.0263034 0.5215996
78.454020 7.0578480 -1.1203589 26.2257271 -0.0228584 0.8535559 0.0285975 0.5197134
78.661450 7.1726708 -1.1135705 26.1666985 -0.0253805 0.8539206 0.0304435 0.5188917
78.765630 7.2297273 -1.1094422 26.1369381 -0.0257224 0.8541451 0.0321426 0.5184026
78.868800 7.2874780 -1.1055982 26.1072235 -0.0261660 0.8545195 0.0321889 0.5177602
78.972430 7.3451276 -1.1014016 26.0773430 -0.0256203 0.8547756 0.0311108 0.5174305
79.081780 7.4030633 -1.0975126 26.0468693 -0.0246875 0.8550104 0.0306403 0.5171158
79.179920 7.4608197 -1.0934883 26.0164890 -0.0231943 0.8552274 0.0308283 0.5168149
79.283570 7.5189538 -1.0898373 25.9866524 -0.0228507 0.8556563 0.0311531 0.5161005
79.491080 7.6345654 -1.0814244 25.9268036 -0.0245879 0.8562945 0.0323127 0.5148894
79.594920 7.6928301 -1.0771835 25.8964863 -0.0253835 0.8566563 0.0331465 0.5141955
79.802330 7.8103595 -1.0680071 25.8362103 -0.0260450 0.8575692 0.0333804 0.5126233
80.009790 7.9265022 -1.0604033 25.7746105 -0.0248048 0.8582267 0.0336462 0.5115658
80.217170 8.0465412 -1.0514727 25.7098866 -0.0238445 0.8582703 0.0334124 0.5115538
80.424740 8.1680908 -1.0423684 25.6453094 -0.0253266 0.8580849 0.0338954 0.5117618
80.632230 8.2889481 -1.0338355 25.5807343 -0.0234988 0.8579088 0.0299037 0.5123924
80.943530 8.4745474 -1.0218084 25.4811401 -0.0234223 0.8579447 0.0326632 0.5121674
81.254550 8.6631260 -1.0080745 25.3811378 -0.0245833 0.8582156 0.0312188 0.5117490
81.565860 8.8558054 -0.9955198 25.2792721 -0.0242529 0.8586895 0.0315249 0.5109503
81.876950 9.0494556 -0.9825770 25.1759605 -0.0239594 0.8591861 0.0323528 0.5100770
82.084440 9.1819677 -0.9729011 25.1040020 -0.0253154 0.8591656 0.0316364 0.5100908
82.188180 9.2473221 -0.9685557 25.0684891 -0.0269603 0.8590913 0.0292646 0.5102734
82.395640 9.3814898 -0.9591197 24.9979000 -0.0310618 0.8595509 0.0272856 0.5093750
82.603060 9.5148830 -0.9497192 24.9242344 -0.0288006 0.8593499 0.0273947 0.5098410
82.810450 9.6487780 -0.9411372 24.8515167 -0.0257113 0.8592371 0.0299502 0.5100524
83.018010 9.7851324 -0.9314588 24.7799206 -0.0265425 0.8594308 0.0308034 0.5096325
83.225460 9.9174995 -0.9218403 24.7072411 -0.0273953 0.8590962 0.0300591 0.5101957
83.432930 10.0496836 -0.9137774 24.6357327 -0.0240849 0.8592470 0.0309004 0.5100584
83.640430 10.1822681 -0.9053631 24.5641727 -0.0214102 0.8586397 0.0307545 0.5112080
83.847930 10.3162870 -0.8968158 24.4941978 -0.0275577 0.8581589 0.0333823 0.5115560
84.055580 10.4486408 -0.8868175 24.4242096 -0.0281503 0.8570961 0.0306240 0.5134744
84.262850 10.5805149 -0.8776149 24.3555660 -0.0270721 0.8561520 0.0284556 0.5152292
84.470300 10.7118683 -0.8695867 24.2870960 -0.0282618 0.8555992 0.0282584 0.5160937
84.677950 10.8437843 -0.8610440 24.2190647 -0.0285038 0.8555277 0.0291935 0.5161469
84.885450 10.9737396 -0.8522027 24.1513348 -0.0274832 0.8561411 0.0277236 0.5152655
85.093050 11.1048708 -0.8433223 24.0836487 -0.0247370 0.8573700 0.0273379 0.5133785
85.404100 11.2970200 -0.8322157 23.9819431 -0.0259822 0.8598696 0.0298095 0.5089800
85.715200 11.4860897 -0.8202079 23.8781052 -0.0230670 0.8623037 0.0298882 0.5049820
86.026320 11.6736908 -0.8082434 23.7731781 -0.0239861 0.8647612 0.0289770 0.5007724
86.233840 11.7972050 -0.8006269 23.7027035 -0.0271922 0.8661444 0.0285236 0.4982378
86.441310 11.9166250 -0.7937568 23.6331310 -0.0287022 0.8672850 0.0290510 0.4961341
86.648710 12.0325890 -0.7864310 23.5658798 -0.0296508 0.8682550 0.0293985 0.4943579
86.856060 12.1450186 -0.7794994 23.5002460 -0.0316151 0.8689965 0.0272274 0.4930560
87.063460 12.2534161 -0.7727640 23.4366264 -0.0336399 0.8690531 0.0265103 0.4928614
87.270810 12.3585024 -0.7662362 23.3754292 -0.0345470 0.8678276 0.0259288 0.4949843
87.478210 12.4608784 -0.7600754 23.3168030 -0.0351122 0.8645129 0.0255080 0.5007334
87.685550 12.5609074 -0.7529799 23.2621307 -0.0351335 0.8583637 0.0249965 0.5112264
87.892930 12.6598272 -0.7463721 23.2141190 -0.0344958 0.8502150 0.0234479 0.5247806
88.204050 12.8114252 -0.7382006 23.1465015 -0.0363529 0.8355935 0.0185370 0.5478306
88.515060 12.9676361 -0.7286493 23.0867443 -0.0376883 0.8184285 0.0169604 0.5731201
88.722430 13.0740070 -0.7220010 23.0528641 -0.0412145 0.8063499 0.0175956 0.5897386
89.033680 13.2334986 -0.7108565 23.0118961 -0.0468669 0.7878683 0.0154851 0.6138626
89.241050 13.3403311 -0.7034320 22.9903221 -0.0495022 0.7749258 0.0129880 0.6299769
89.552220 13.5036850 -0.6926946 22.9646530 -0.0454891 0.7519260 0.0128954 0.6575498
89.863200 13.6687660 -0.6826404 22.9527264 -0.0405243 0.7244909 0.0130576 0.6879681
90.070690 13.7806139 -0.6764978 22.9525471 -0.0413356 0.7044226 0.0129892 0.7084571
90.278050 13.8934221 -0.6699489 22.9593582 -0.0448577 0.6826056 0.0121299 0.7293081
90.589300 14.0650349 -0.6590999 22.9829102 -0.0487287 0.6493680 0.0066733 0.7588822
90.900550 14.2378654 -0.6472734 23.0219555 -0.0494668 0.6160572 0.0011877 0.7861457
91.108060 14.3535938 -0.6394889 23.0564976 -0.0519808 0.5931780 0.0021005 0.8033887
91.315450 14.4670029 -0.6313803 23.0977192 -0.0520396 0.5694804 0.0012189 0.8203551
91.626680 14.6348610 -0.6189475 23.1733742 -0.0526800 0.5359091 0.0014188 0.8426294
91.937810 14.8004923 -0.6046126 23.2619209 -0.0568751 0.5035154 0.0044737 0.8621006
92.145310 14.9095745 -0.5932088 23.3291702 -0.0573820 0.4833719 0.0041359 0.8735227
92.456800 15.0710888 -0.5765436 23.4409103 -0.0601955 0.4589971 -0.0001001 0.8863962
92.664430 15.1768732 -0.5642636 23.5203323 -0.0617859 0.4461939 -0.0026228 0.8927971
92.872100 15.2824383 -0.5519249 23.6036301 -0.0613205 0.4349359 -0.0032419 0.8983652
93.079680 15.3865547 -0.5405228 23.6896133 -0.0584108 0.4249373 -0.0040293 0.9033273
93.287430 15.4884300 -0.5291879 23.7765999 -0.0591083 0.4184438 -0.0038679 0.9063090
93.495180 15.5920410 -0.5167754 23.8667946 -0.0606461 0.4147826 -0.0035334 0.9078904
93.806680 15.7442360 -0.4993842 24.0011883 -0.0621016 0.4107714 -0.0044713 0.9096099
94.014310 15.8465672 -0.4866583 24.0916252 -0.0593440 0.4087838 -0.0045301 0.9106885
94.325690 15.9949570 -0.4708157 24.2242126 -0.0578415 0.4085056 -0.0030434 0.9109161
94.637210 16.1379890 -0.4549623 24.3520050 -0.0614549 0.4143728 -0.0044949 0.9080189
95.052690 16.3231697 -0.4333968 24.5114861 -0.0594295 0.4311839 -0.0082151 0.9002672
95.364430 16.4614296 -0.4207540 24.6170273 -0.0545472 0.4493956 -0.0064210 0.8916429
95.780180 16.6394806 -0.4078498 24.7376328 -0.0428365 0.4765455 -0.0021022 0.8781031
96.196060 16.8081017 -0.4023348 24.8363743 -0.0273468 0.5092182 -0.0128130 0.8601074
96.404190 16.8921185 -0.4009457 24.8791161 -0.0297703 0.5316972 -0.0142035 0.8462919
96.716580 17.0182419 -0.3997746 24.9288940 -0.0285706 0.5741218 -0.0089975 0.8182218
97.029060 17.1463795 -0.3994344 24.9608307 -0.0141444 0.6228095 -0.0117597 0.7821573
97.237310 17.2346039 -0.4005960 24.9753971 -0.0106922 0.6554729 -0.0126924 0.7550363
97.445440 17.3246918 -0.4023462 24.9817028 -0.0141348 0.6864716 -0.0093578 0.7269589
97.653560 17.4131012 -0.4034749 24.9791012 -0.0129701 0.7177033 -0.0054733 0.6962066
97.965440 17.5431156 -0.4049938 24.9619141 -0.0079434 0.7606518 -0.0059275 0.6490845
98.173060 17.6290207 -0.4059103 24.9417076 -0.0012526 0.7826842 -0.0039033 0.6224055
98.380560 17.7150707 -0.4074987 24.9175072 -0.0023637 0.7996010 -0.0024432 0.6005220
98.691560 17.8401260 -0.4100987 24.8733559 0.0001822 0.8165519 0.0004768 0.5772719
99.002810 17.9661484 -0.4116130 24.8209381 0.0032483 0.8317508 0.0035596 0.5551283
99.314190 18.0942650 -0.4130745 24.7617817 0.0019728 0.8506228 0.0026324 0.5257661
99.626160 18.2106972 -0.4155845 24.6925678 0.0045583 0.8734823 0.0005634 0.4868343
99.938070 18.3208790 -0.4182864 24.6088390 0.0056399 0.9002341 0.0055129 0.4353347
100.250100 18.4228897 -0.4200601 24.5100193 0.0085844 0.9259841 0.0058008 0.3774203
100.977600 18.5985394 -0.4221281 24.2483330 0.0176295 0.9687264 0.0089415 0.2473428
101.392300 18.6713142 -0.4249069 24.0833282 0.0217449 0.9814889 0.0102879 0.1900022
101.807200 18.7235527 -0.4246521 23.9097996 0.0254576 0.9909394 0.0139569 0.1311341
102.222200 18.7531605 -0.4242815 23.7298222 0.0296995 0.9973505 0.0135469 0.0650110
102.429800 18.7594223 -0.4234013 23.6369553 0.0293322 0.9989268 0.0177743 0.0311264
102.741200 18.7573528 -0.4207875 23.4950161 0.0298136 0.9992438 0.0155159 -0.0195510
102.948700 18.7474709 -0.4188179 23.3976746 0.0316105 0.9981091 0.0150745 -0.0505145
103.259900 18.7222500 -0.4160579 23.2478428 0.0342340 0.9952532 0.0139576 -0.0900235
103.571100 18.6870499 -0.4132093 23.0940685 0.0331799 0.9924511 0.0111700 -0.1175379
103.778400 18.6593266 -0.4111207 22.9878979 0.0314221 0.9906542 0.0115385 -0.1322265
104.089600 18.6114006 -0.4078995 22.8257351 0.0322779 0.9883946 0.0137037 -0.1478060
104.400600 18.5591545 -0.4044182 22.6581860 0.0337070 0.9875908 0.0102718 -0.1530448
104.711700 18.5038090 -0.4011286 22.4843082 0.0358252 0.9871154 0.0120188 -0.1554838
105.126600 18.4265060 -0.3967152 22.2440510 0.0368921 0.9865664 0.0121626 -0.1586755
105.541700 18.3450584 -0.3908454 21.9951725 0.0373596 0.9860150 0.0118634 -0.1619813
105.956700 18.2594376 -0.3875772 21.7423992 0.0391151 0.9853680 0.0124675 -0.1654224
106.371700 18.1687431 -0.3814181 21.4785290 0.0370733 0.9848592 0.0133091 -0.1688220
106.786800 18.0769234 -0.3762426 21.2130051 0.0378183 0.9845374 0.0145274 -0.1704257
107.201800 17.9860725 -0.3708081 20.9460430 0.0328692 0.9858412 0.0119828 -0.1639916
107.616700 17.9006042 -0.3676533 20.6768417 0.0242868 0.9879705 0.0071051 -0.1525577
108.031600 17.8250313 -0.3660492 20.4056187 0.0201194 0.9907638 0.0123987 -0.1335233
108.342700 17.7765617 -0.3649967 20.1999454 0.0219303 0.9935483 0.0099424 -0.1108236
108.654000 17.7385654 -0.3645944 19.9926567 0.0198755 0.9956892 0.0082863 -0.0902181
108.965300 17.7075005 -0.3637273 19.7861385 0.0209695 0.9973363 0.0092987 -0.0692402
109.380500 17.6808243 -0.3630358 19.5082397 0.0159684 0.9988545 0.0130221 -0.0431885
109.588000 17.6728592 -0.3616813 19.3711128 0.0144922 0.9993553 0.0125580 -0.0303514
109.900300 17.6677132 -0.3592272 19.1656036 0.0135327 0.9997241 0.0155839 -0.0112135
110.106700 17.6677799 -0.3577266 19.0286579 0.0147356 0.9997659 0.0157827 0.0013640
110.521900 17.6776848 -0.3556437 18.7533207 0.0151761 0.9994908 0.0122487 0.0252543
110.833200 17.6940517 -0.3549116 18.5485401 0.0140359 0.9990395 0.0097752 0.0403435
111.144800 17.7168140 -0.3551136 18.3437805 0.0128961 0.9984173 0.0093543 0.0539353
111.456200 17.7442684 -0.3550225 18.1407490 0.0108403 0.9976619 0.0115276 0.0664858
111.871200 17.7883339 -0.3551810 17.8751984 0.0084491 0.9965431 0.0125816 0.0816834
112.288100 17.8389702 -0.3531603 17.6121426 0.0068239 0.9953264 0.0134150 0.0953877
112.701100 17.8952045 -0.3542911 17.3626595 0.0070794 0.9939685 0.0080861 0.1091374
113.323800 17.9846077 -0.3603131 17.0270443 0.0069409 0.9914921 -0.0126740 0.1293626
114.154700 18.0875263 -0.3866571 16.6535378 0.0142617 0.9910831 -0.0232209 0.1304291
114.675400 18.1320000 -0.3999692 16.4293518 0.0202846 0.9964737 -0.0148196 0.0800575
115.092200 18.1403885 -0.4059686 16.2519913 0.0243570 0.9996914 -0.0038573 0.0030136
115.404800 18.1257668 -0.4087696 16.1222534 0.0261564 0.9976738 0.0013970 -0.0629355
115.821100 18.0791168 -0.4089233 15.9516487 0.0267060 0.9877231 0.0110543 -0.1535178
116.029400 18.0446186 -0.4070516 15.8670235 0.0233615 0.9795641 0.0134312 -0.1993190
116.238300 18.0008545 -0.4050997 15.7859678 0.0249576 0.9695609 0.0136459 -0.2431923
116.444900 17.9486351 -0.4026260 15.7068701 0.0287493 0.9584236 0.0146796 -0.2835178
116.756100 17.8569489 -0.3983283 15.5917606 0.0329091 0.9420257 0.0129322 -0.3336726
117.067000 17.7513809 -0.3928236 15.4797573 0.0388528 0.9288482 0.0079215 -0.3683323
117.274300 17.6746407 -0.3889789 15.4036646 0.0402026 0.9223240 0.0071048 -0.3842547
117.585200 17.5484238 -0.3828294 15.2859802 0.0407198 0.9139273 0.0055844 -0.4037917
117.999600 17.3623943 -0.3740928 15.1214600 0.0453628 0.9116759 0.0047682 -0.4083706
118.310600 17.2183933 -0.3674547 14.9870710 0.0408210 0.9138675 0.0069063 -0.4038962
118.621700 17.0671062 -0.3608643 14.8458729 0.0392319 0.9147066 0.0073662 -0.4021423
119.036700 16.8574314 -0.3521554 14.6483259 0.0382149 0.9160846 0.0061079 -0.3991132
119.451600 16.6416473 -0.3459479 14.4429169 0.0353274 0.9179101 0.0018267 -0.3952084
119.866500 16.4220448 -0.3406926 14.2277164 0.0353263 0.9199279 0.0037277 -0.3904751
120.281100 16.2038174 -0.3349507 14.0073032 0.0352001 0.9243135 0.0072455 -0.3799380
120.799500 15.9348993 -0.3267178 13.7183685 0.0385040 0.9345268 0.0018086 -0.3537992
121.214100 15.7392483 -0.3237494 13.4743032 0.0363225 0.9454920 0.0006453 -0.3236125
121.525300 15.6014462 -0.3203564 13.2800560 0.0342778 0.9516613 0.0044234 -0.3051986
121.940300 15.4283390 -0.3181993 13.0150652 0.0331683 0.9591992 0.0021931 -0.2807701
122.355300 15.2619114 -0.3178614 12.7359047 0.0353762 0.9654549 0.0000857 -0.2581576
122.666800 15.1426449 -0.3171046 12.5199308 0.0371856 0.9679379 0.0005559 -0.2484214
122.874600 15.0630970 -0.3171673 12.3719425 0.0358971 0.9685556 0.0021126 -0.2461849
123.186200 14.9451065 -0.3168406 12.1509113 0.0352212 0.9692224 0.0009024 -0.2436526
123.497600 14.8271341 -0.3141139 11.9247828 0.0386527 0.9702337 0.0017316 -0.2390596
123.705300 14.7482777 -0.3134756 11.7718277 0.0401598 0.9707696 -0.0022298 -0.2366190
123.913000 14.6680546 -0.3128386 11.6156073 0.0410467 0.9709716 -0.0018085 -0.2356396
124.120500 14.5857887 -0.3120199 11.4570627 0.0438769 0.9710500 0.0024275 -0.2347994
124.328100 14.5050106 -0.3092532 11.2985277 0.0482828 0.9706904 0.0003968 -0.2354330
124.535600 14.4216919 -0.3076253 11.1380053 0.0501012 0.9704423 -0.0014909 -0.2360707
124.743100 14.3381271 -0.3077949 10.9765596 0.0473158 0.9701366 0.0010413 -0.2378973
124.950600 14.2541637 -0.3052680 10.8118696 0.0419462 0.9691986 0.0033363 -0.2426592
125.158200 14.1669140 -0.3027535 10.6485090 0.0364360 0.9678845 0.0042106 -0.2487054
125.365700 14.0774755 -0.3009287 10.4842892 0.0338687 0.9658917 0.0032098 -0.2567020
125.573100 13.9816532 -0.2987276 10.3215609 0.0373896 0.9636882 0.0055297 -0.2643417
125.780600 13.8825378 -0.2955923 10.1599293 0.0427045 0.9611756 0.0032433 -0.2725939
125.988000 13.7811537 -0.2931497 9.9993029 0.0438576 0.9590316 -0.0001277 -0.2798835
126.195500 13.6753798 -0.2900532 9.8351326 0.0453110 0.9566616 0.0038660 -0.2876291
126.506600 13.5099401 -0.2843293 9.5919313 0.0516518 0.9544175 0.0033265 -0.2939527
126.714100 13.4004812 -0.2813159 9.4304943 0.0494978 0.9538233 0.0024011 -0.2962521
126.921600 13.2901545 -0.2765888 9.2674847 0.0452440 0.9535046 0.0039492 -0.2979369
127.129000 13.1784220 -0.2728466 9.1064911 0.0456999 0.9532601 0.0056940 -0.2986205
127.440100 13.0097437 -0.2664737 8.8623991 0.0455363 0.9532980 0.0058589 -0.2985216
127.543900 12.9529266 -0.2640893 8.7808523 0.0446541 0.9534386 0.0061549 -0.2981994
127.751200 12.8403330 -0.2598061 8.6148262 0.0434804 0.9529994 0.0074660 -0.2997429
127.855000 12.7829723 -0.2579373 8.5322294 0.0435353 0.9526988 0.0087898 -0.3006535
128.062200 12.6666613 -0.2521544 8.3656092 0.0442402 0.9522093 0.0075743 -0.3021305
128.269700 12.5495110 -0.2473968 8.1961222 0.0428283 0.9518053 0.0080819 -0.3035903
128.477100 12.4312630 -0.2423222 8.0287580 0.0432136 0.9518952 0.0089722 -0.3032285
128.684500 12.3153563 -0.2370951 7.8596282 0.0441018 0.9517609 0.0076071 -0.3035593
128.891800 12.1959686 -0.2335327 7.6909828 0.0436619 0.9520029 0.0080709 -0.3028513
129.099100 12.0766392 -0.2290699 7.5234013 0.0434965 0.9522322 0.0088407 -0.3021321
129.306600 11.9554424 -0.2225333 7.3515110 0.0434424 0.9523809 0.0075316 -0.3017062
129.514100 11.8350029 -0.2184830 7.1784916 0.0436290 0.9523744 0.0072174 -0.3017074
129.721600 11.7129498 -0.2139434 7.0035753 0.0447262 0.9523256 0.0079424 -0.3016827
129.929100 11.5912132 -0.2087606 6.8299408 0.0463765 0.9521759 0.0076891 -0.3019126
130.032700 11.5295677 -0.2060089 6.7431898 0.0477428 0.9521069 0.0061544 -0.3019523
130.136500 11.4677238 -0.2034277 6.6555042 0.0483924 0.9519895 0.0047035 -0.3022451
130.343800 11.3445444 -0.1990333 6.4810719 0.0476652 0.9516485 0.0056841 -0.3034152
130.447600 11.2838459 -0.1961014 6.3931985 0.0457056 0.9511884 0.0066794 -0.3051343
130.655000 11.1585178 -0.1909068 6.2177935 0.0461495 0.9503450 0.0088482 -0.3076301
130.862500 11.0333691 -0.1854412 6.0436606 0.0456980 0.9497101 0.0073779 -0.3096900
130.966100 10.9717674 -0.1824256 5.9570265 0.0448159 0.9494697 0.0070278 -0.3105629
131.173700 10.8439198 -0.1764852 5.7821965 0.0445193 0.9490832 0.0071994 -0.3117808
131.277500 10.7812500 -0.1736889 5.6962137 0.0459931 0.9488344 0.0083525 -0.3122951
131.484800 10.6518211 -0.1675248 5.5227871 0.0485308 0.9486156 0.0079852 -0.3125852
131.692200 10.5237961 -0.1606929 5.3485498 0.0504921 0.9482984 0.0084105 -0.3132250
131.899600 10.3958092 -0.1537372 5.1747618 0.0518732 0.9482527 0.0079181 -0.3131507
132.107000 10.2677526 -0.1478562 5.0008931 0.0506343 0.9485437 0.0077415 -0.3124758
132.314400 10.1398706 -0.1418779 4.8249102 0.0497363 0.9490253 0.0080786 -0.3111461
132.521700 10.0129967 -0.1355911 4.6499653 0.0494486 0.9495546 0.0092628 -0.3095402
132.832800 9.8245449 -0.1264375 4.3861523 0.0446723 0.9507147 0.0061402 -0.3067707
133.143700 9.6383457 -0.1194563 4.1212983 0.0416429 0.9519994 0.0095774 -0.3031026
133.454800 9.4541636 -0.1115701 3.8574457 0.0445896 0.9532403 0.0102040 -0.2987316
133.766000 9.2736225 -0.1022210 3.5911918 0.0469906 0.9550363 0.0088532 -0.2926076
133.973300 9.1565857 -0.0979730 3.4119420 0.0468322 0.9570146 0.0072152 -0.2861430
134.284500 8.9854279 -0.0910698 3.1394353 0.0423531 0.9601467 0.0081991 -0.2761471
134.491900 8.8734760 -0.0870484 2.9560714 0.0430414 0.9620215 0.0103104 -0.2693618
134.595600 8.8199377 -0.0845212 2.8646877 0.0414893 0.9629462 0.0087932 -0.2663380
134.803100 8.7143574 -0.0798718 2.6829154 0.0422167 0.9643655 0.0066332 -0.2610994
135.010600 8.6089735 -0.0761158 2.4988310 0.0432930 0.9653491 0.0078726 -0.2572253
135.218100 8.5045424 -0.0726471 2.3159828 0.0448619 0.9659591 0.0072830 -0.2546713
135.425700 8.4018745 -0.0687383 2.1320760 0.0440777 0.9666723 0.0055708 -0.2521325
135.633100 8.3009796 -0.0652826 1.9475470 0.0429769 0.9673784 0.0068907 -0.2495684
135.840600 8.2010193 -0.0618864 1.7631319 0.0425270 0.9680855 0.0074385 -0.2468736
136.151600 8.0516777 -0.0554256 1.4846849 0.0454181 0.9689909 0.0058753 -0.2428157
136.359000 7.9542484 -0.0541174 1.2995937 0.0455626 0.9695259 0.0046763 -0.2406693
136.670200 7.8081903 -0.0490637 1.0172529 0.0404580 0.9702616 0.0090415 -0.2384825
136.981400 7.6645856 -0.0414323 0.7361758 0.0402624 0.9705728 0.0088197 -0.2372544
137.292500 7.5194345 -0.0369312 0.4546242 0.0401203 0.9709296 0.0060856 -0.2359006
137.603600 7.3773360 -0.0332847 0.1708469 0.0383923 0.9713244 0.0065731 -0.2345456
137.914700 7.2351913 -0.0298370 -0.1122305 0.0396255 0.9718350 0.0064368 -0.2322180
138.122100 7.1401868 -0.0274424 -0.3018949 0.0403856 0.9721357 0.0045242 -0.2308696
138.225900 7.0924478 -0.0267239 -0.3975551 0.0417950 0.9721096 0.0039008 -0.2307398
138.433400 6.9958057 -0.0242807 -0.5897129 0.0416278 0.9717883 0.0036578 -0.2321234
138.641000 6.8978410 -0.0235044 -0.7799535 0.0396246 0.9710124 0.0057184 -0.2356524
138.848500 6.7991571 -0.0206604 -0.9710050 0.0384867 0.9695604 0.0083797 -0.2416635
139.056000 6.6965728 -0.0163959 -1.1593394 0.0373671 0.9676681 0.0102801 -0.2492320
139.263600 6.5929790 -0.0122932 -1.3454382 0.0343425 0.9652521 0.0089183 -0.2589004
139.471100 6.4858503 -0.0091073 -1.5292238 0.0318609 0.9624852 0.0099605 -0.2692729
139.678500 6.3734245 -0.0053123 -1.7102778 0.0328705 0.9595731 0.0102359 -0.2793462
139.886000 6.2583876 -0.0013596 -1.8886567 0.0341825 0.9563730 0.0100028 -0.2899691
140.093500 6.1387162 0.0026404 -2.0636568 0.0358544 0.9527403 0.0090942 -0.3015255
140.300900 6.0124865 0.0066219 -2.2364724 0.0397546 0.9489319 0.0097721 -0.3128136
140.508200 5.8824487 0.0121905 -2.4070106 0.0432221 0.9450159 0.0095645 -0.3240143
140.715600 5.7470980 0.0183910 -2.5782704 0.0440875 0.9416509 0.0066715 -0.3336247
140.923100 5.6091247 0.0238708 -2.7488248 0.0460655 0.9389148 0.0044071 -0.3410244
141.130500 5.4707813 0.0302444 -2.9144287 0.0492032 0.9364293 0.0036193 -0.3473703
141.338000 5.3336082 0.0335952 -3.0779426 0.0502429 0.9336711 0.0028706 -0.3545782
141.545500 5.1898746 0.0381932 -3.2384596 0.0489374 0.9319500 0.0033978 -0.3592530
141.649100 5.1157713 0.0405898 -3.3208239 0.0494284 0.9310160 0.0050005 -0.3615814
141.856600 4.9665976 0.0468391 -3.4836905 0.0487240 0.9296249 0.0061807 -0.3652196
142.064000 4.8155227 0.0529882 -3.6455946 0.0475169 0.9282520 0.0073073 -0.3688320
142.167700 4.7390656 0.0562151 -3.7266536 0.0478496 0.9271200 0.0089666 -0.3715892
142.375400 4.5850687 0.0639720 -3.8865604 0.0474407 0.9241580 0.0076928 -0.3789753
142.582700 4.4227943 0.0706797 -4.0462222 0.0486368 0.9211462 0.0059148 -0.3861206
142.686500 4.3431401 0.0741343 -4.1246042 0.0490049 0.9202048 0.0058774 -0.3883131
142.893700 4.1832647 0.0818616 -4.2821488 0.0486174 0.9187607 0.0073595 -0.3917410
143.101100 4.0209241 0.0894212 -4.4383683 0.0482852 0.9184666 0.0085300 -0.3924472
143.204700 3.9402444 0.0935407 -4.5158324 0.0484701 0.9187315 0.0092027 -0.3917888
143.412100 3.7802639 0.1019804 -4.6720524 0.0471961 0.9195578 0.0098624 -0.3899857
143.619600 3.6288848 0.1118922 -4.8235488 0.0426265 0.9201744 0.0058829 -0.3891369
143.827000 3.4722304 0.1164021 -4.9771991 0.0448423 0.9204673 0.0049217 -0.3882073
144.034400 3.3134241 0.1225111 -5.1317968 0.0481047 0.9206126 0.0055371 -0.3874632
144.241700 3.1568968 0.1286347 -5.2870483 0.0469629 0.9204071 0.0050620 -0.3880976
144.345400 3.0791407 0.1316241 -5.3644552 0.0459370 0.9202200 0.0046653 -0.3886684
144.552700 2.9207454 0.1378745 -5.5191307 0.0453632 0.9199080 0.0057885 -0.3894586
144.760200 2.7625451 0.1439029 -5.6732459 0.0454687 0.9194543 0.0077069 -0.3904830
144.967900 2.6033380 0.1502848 -5.8277988 0.0450467 0.9183853 0.0066310 -0.3930588
145.175400 2.4402678 0.1579406 -5.9832420 0.0455436 0.9172788 0.0074042 -0.3955635
145.382900 2.2778735 0.1645780 -6.1365461 0.0450094 0.9163194 0.0083311 -0.3978236
145.590400 2.1153975 0.1722203 -6.2892609 0.0450222 0.9153990 0.0104531 -0.3998855
145.797700 1.9517806 0.1802002 -6.4423161 0.0452617 0.9146985 0.0082044 -0.4015104
146.108800 1.7045221 0.1912216 -6.6701951 0.0460148 0.9141853 0.0095997 -0.4025614
146.316100 1.5392926 0.1992120 -6.8233995 0.0431211 0.9140724 0.0112287 -0.4030956
146.523500 1.3718553 0.2080504 -6.9779782 0.0450632 0.9138135 0.0119439 -0.4034497
146.730900 1.2077110 0.2150738 -7.1284657 0.0439288 0.9142191 0.0050581 -0.4028002
146.938400 1.0418186 0.2212275 -7.2819233 0.0427994 0.9144078 0.0084648 -0.4024363
147.145700 0.8782239 0.2283786 -7.4342508 0.0446662 0.9145152 0.0082983 -0.4019926
147.353100 0.7121656 0.2354877 -7.5874887 0.0470136 0.9144972 0.0072216 -0.4017865
147.560600 0.5479214 0.2420278 -7.7387362 0.0482692 0.9144585 0.0060557 -0.4017450
147.768000 0.3838742 0.2490014 -7.8899374 0.0486978 0.9148882 0.0067247 -0.4007030
147.975500 0.2195837 0.2557662 -8.0435972 0.0463367 0.9152294 0.0079618 -0.4001807
148.183000 0.0570636 0.2632387 -8.1974049 0.0446497 0.9154565 0.0098927 -0.3998098
148.390400 -0.1056108 0.2718930 -8.3499680 0.0444261 0.9157777 0.0086304 -0.3991279
148.597900 -0.2676735 0.2785911 -8.5023060 0.0429107 0.9162009 0.0073341 -0.3983476
148.909000 -0.5111465 0.2878835 -8.7325726 0.0420163 0.9166694 0.0085508 -0.3973396
149.116400 -0.6735182 0.2953951 -8.8856478 0.0426399 0.9168885 0.0087866 -0.3967620
149.220100 -0.7558165 0.2999614 -8.9625216 0.0388136 0.9173306 0.0096995 -0.3961111
149.427500 -0.9130745 0.3046137 -9.1146574 0.0357074 0.9173613 0.0094891 -0.3963373
149.634900 -1.0756855 0.3108798 -9.2700176 0.0362133 0.9173772 0.0125904 -0.3961680
149.842400 -1.2375178 0.3182489 -9.4238873 0.0363491 0.9176958 0.0101717 -0.3954868
150.049700 -1.3971510 0.3248613 -9.5773926 0.0347111 0.9178161 0.0120864 -0.3953008
150.153500 -1.4781280 0.3280023 -9.6549263 0.0345526 0.9178699 0.0112698 -0.3952138
150.361000 -1.6415772 0.3344497 -9.8098412 0.0356554 0.9181156 0.0092482 -0.3945971
150.464700 -1.7224331 0.3374640 -9.8874111 0.0371589 0.9181977 0.0091074 -0.3942705
150.672100 -1.8843369 0.3435121 -10.0418386 0.0370415 0.9185319 0.0098068 -0.3934856
150.775700 -1.9623132 0.3461446 -10.1184387 0.0352083 0.9187663 0.0103858 -0.3930917
151.086900 -2.2010589 0.3552903 -10.3500900 0.0301931 0.9190441 0.0099000 -0.3928720
151.294200 -2.3632069 0.3608316 -10.5053596 0.0287562 0.9192386 0.0102108 -0.3925166
151.501800 -2.5221500 0.3653344 -10.6608162 0.0283352 0.9195080 0.0080331 -0.3919663
151.709100 -2.6811934 0.3700123 -10.8161144 0.0279652 0.9195783 0.0068950 -0.3918498
151.916600 -2.8396420 0.3729960 -10.9717970 0.0254513 0.9196289 0.0049880 -0.3919312
152.124100 -2.9968209 0.3749968 -11.1261787 0.0200363 0.9196026 0.0040722 -0.3923175
152.331500 -3.1531644 0.3758199 -11.2796631 0.0178002 0.9196111 0.0064291 -0.3923739
152.538900 -3.3072829 0.3774026 -11.4296894 0.0181918 0.9202482 0.0076706 -0.3908370
152.746200 -3.4588027 0.3779835 -11.5784464 0.0183901 0.9211879 0.0010118 -0.3886819
152.953500 -3.6102228 0.3776279 -11.7270098 0.0253180 0.9222237 -0.0005443 -0.3858266
153.264500 -3.8279638 0.3779005 -11.9474850 0.0259908 0.9243544 0.0023517 -0.3806415
153.575600 -4.0360231 0.3777843 -12.1628380 0.0256957 0.9261683 -0.0035574 -0.3762171
153.783100 -4.1692324 0.3754351 -12.3018999 0.0247329 0.9271438 -0.0034020 -0.3738732
154.094200 -4.3575974 0.3720030 -12.5067558 0.0136218 0.9279918 0.0004830 -0.3723513
154.613000 -4.6412554 0.3658705 -12.8178959 -0.0077121 0.9280260 0.0081473 -0.3723466
154.924700 -4.7938762 0.3639062 -12.9805317 -0.0205614 0.9230422 0.0149518 -0.3838576
155.340600 -4.9804459 0.3597572 -13.1597233 -0.0361212 0.9088799 0.0173113 -0.4151299
155.757200 -5.1572309 0.3554413 -13.2942696 -0.0426658 0.8796352 0.0208491 -0.4732725
156.277900 -5.3682404 0.3451708 -13.3956242 0.0371833 -0.8259851 -0.0180425 0.5621749
156.694500 -5.5374298 0.3412265 -13.4361620 0.0244520 -0.7612014 -0.0258214 0.6475397
157.006900 -5.6608176 0.3340338 -13.4352112 0.0136206 -0.7005648 -0.0292884 0.7128574
157.526600 -5.8552437 0.3333462 -13.3910532 0.0143040 -0.5900963 -0.0301100 0.8066444
157.838200 -5.9637618 0.3309471 -13.3385592 0.0193573 -0.5187136 -0.0308433 0.8541722
158.149700 -6.0633183 0.3287572 -13.2645226 0.0167802 -0.4444664 -0.0321568 0.8950609
158.461100 -6.1551394 0.3258767 -13.1712399 0.0147445 -0.3692098 -0.0349175 0.9285728
158.668600 -6.2103267 0.3244438 -13.0980291 0.0168177 -0.3200753 -0.0340844 0.9466294
158.876100 -6.2589250 0.3222566 -13.0162411 0.0173779 -0.2722254 -0.0311790 0.9615712
159.083500 -6.3016691 0.3193674 -12.9260941 0.0170278 -0.2255943 -0.0278824 0.9736734
159.290900 -6.3376484 0.3153002 -12.8298588 0.0160790 -0.1823803 -0.0249256 0.9827805
159.498100 -6.3672194 0.3113221 -12.7281532 0.0173256 -0.1453193 -0.0232138 0.9889607
159.705200 -6.3921003 0.3063140 -12.6199903 0.0196018 -0.1152541 -0.0190718 0.9929595
159.912500 -6.4131222 0.3009171 -12.5070324 0.0223207 -0.0915385 -0.0179594 0.9953893
160.223400 -6.4386945 0.2917160 -12.3286734 0.0211140 -0.0680753 -0.0133973 0.9973668
160.534100 -6.4603977 0.2828469 -12.1415691 0.0171400 -0.0583961 -0.0075372 0.9981179
160.741500 -6.4759674 0.2775937 -12.0112820 0.0158978 -0.0563751 -0.0085432 0.9982465
161.052600 -6.4985180 0.2697479 -11.8096209 0.0152642 -0.0544487 -0.0057518 0.9983833
161.363700 -6.5206356 0.2620816 -11.6014481 0.0138491 -0.0526784 -0.0053548 0.9985011
161.778800 -6.5493364 0.2520277 -11.3108311 0.0094696 -0.0498527 -0.0007277 0.9987114
162.089900 -6.5692892 0.2454474 -11.0940323 0.0083630 -0.0481837 0.0036364 0.9987969
162.504600 -6.5956559 0.2369486 -10.8110886 0.0022104 -0.0469858 0.0066444 0.9988710
162.919500 -6.6233006 0.2297718 -10.5428562 0.0063017 -0.0509970 0.0044031 0.9986692
163.438300 -6.6612039 0.2217525 -10.2211256 0.0002178 -0.0592715 0.0007812 0.9982415
163.645800 -6.6777930 0.2199533 -10.0987062 -0.0031189 -0.0642674 -0.0006357 0.9979277
164.060600 -6.7162933 0.2178662 -9.8633404 -0.0009668 -0.0802502 0.0004711 0.9967742
164.268100 -6.7371798 0.2167539 -9.7450390 0.0001014 -0.0916506 0.0020664 0.9957891
164.475600 -6.7635584 0.2150038 -9.6260548 -0.0031459 -0.1023883 0.0027128 0.9947358
164.683000 -6.7922153 0.2133396 -9.5058479 -0.0029663 -0.1138620 0.0019767 0.9934902
164.890500 -6.8242445 0.2123820 -9.3861332 0.0019194 -0.1242290 0.0023263 0.9922490
