0.933953 0.0000000000 0.0000000000 0.0000000000 0.0000000000 0.0000000000 0.0000000000 1.0000000000
1.141483 0.0018050242 -0.0003492645 0.0298342016 -0.0001848659 0.0470804274 -0.0001221555 0.9988910556
1.245136 0.0038152621 -0.0005533343 0.0445027389 -0.0003080339 0.0707908273 -0.0002947065 0.9974910617
1.348871 0.0065739774 -0.0007536655 0.0584919527 0.0002734498 0.0940964073 0.0001831837 0.9955630302
1.660095 0.0186967198 -0.0015757540 0.1005274057 0.0019297255 0.1631611288 0.0037354273 0.9865905046
2.178679 0.0522812419 -0.0030171217 0.1664681882 0.0070733884 0.2767152190 0.0064914725 0.9609040022
2.489649 0.0795135051 -0.0040994948 0.2023413479 0.0111898296 0.3406575024 0.0105744088 0.9400613904
2.697006 0.1008451506 -0.0047801211 0.2248314023 0.0133250458 0.3776656389 0.0122008808 0.9257657528
2.800620 0.1122936234 -0.0051049967 0.2356287688 0.0127925035 0.3941465914 0.0126653081 0.9188712835
2.904387 0.1243064106 -0.0054403208 0.2461373210 0.0126706511 0.4102807641 0.0141294347 0.9117617607
3.111717 0.1494352967 -0.0061787115 0.2662937343 0.0128500126 0.4409723878 0.0129750483 0.8973348737
3.526551 0.2046664357 -0.0073585743 0.3032374382 0.0127525581 0.4963833988 0.0136459833 0.8679024577
3.837524 0.2508386672 -0.0084652957 0.3270905018 0.0145254508 0.5316451192 0.0173808299 0.8466642499
4.459609 0.3551191092 -0.0094120884 0.3679475784 0.0186102726 0.5744693875 0.0276382100 0.8178476095
4.666947 0.3919448256 -0.0095544439 0.3807376623 0.0195825286 0.5843135118 0.0268224198 0.8108482361
5.185269 0.4908837676 -0.0104395486 0.4104534984 0.0237729270 0.5995219946 0.0257667284 0.7995901108
5.288943 0.5115236044 -0.0106971655 0.4164572060 0.0240762960 0.6013792157 0.0249492452 0.7982110381
5.496314 0.5541296005 -0.0110933930 0.4283388257 0.0242211968 0.6042045951 0.0252020378 0.7960621715
5.703641 0.5985950232 -0.0117818937 0.4404669106 0.0227990076 0.6060952544 0.0262317657 0.7946324348
5.807340 0.6213371754 -0.0119697154 0.4465459585 0.0237165000 0.6068665981 0.0271224398 0.7939866781
6.014715 0.6675337553 -0.0122657334 0.4590841234 0.0250007156 0.6075490713 0.0280842483 0.7933917046
6.118447 0.6902148128 -0.0122845862 0.4655177295 0.0250755865 0.6076965928 0.0277816728 0.7932869792
6.325669 0.7391520143 -0.0128317457 0.4784192145 0.0257370379 0.6068773270 0.0275952611 0.7938992381
6.533021 0.7887897491 -0.0132981595 0.4919775724 0.0257377122 0.6058372855 0.0275963321 0.7946931124
6.844097 0.8662524223 -0.0143310009 0.5134456158 0.0259813964 0.6048606634 0.0273279138 0.7954380512
7.051471 0.9183477163 -0.0147128645 0.5278779268 0.0259834807 0.6040382385 0.0301279519 0.7959616780
7.155209 0.9452809691 -0.0149418861 0.5357707739 0.0266315173 0.6040050983 0.0300680194 0.7959676385
7.362568 0.9997603893 -0.0158412419 0.5507770181 0.0274575558 0.6032203436 0.0303542074 0.7965236902
7.673572 1.0845568180 -0.0161873065 0.5742653608 0.0276028533 0.6029335856 0.0306212045 0.7967255116
7.881024 1.1417748928 -0.0166511796 0.5905874968 0.0285134576 0.6031166315 0.0307761151 0.7965489030
8.088400 1.1998225451 -0.0175932907 0.6067466736 0.0285475124 0.6037862897 0.0297682099 0.7960785627
8.295863 1.2586888075 -0.0184354950 0.6234245896 0.0280569345 0.6048684716 0.0289714094 0.7953034639
8.399546 1.2886940241 -0.0189392846 0.6317907572 0.0276074447 0.6052765250 0.0287806038 0.7950156331
8.606978 1.3489018679 -0.0197615363 0.6482156515 0.0273341034 0.6058934927 0.0280970652 0.7945794463
8.814436 1.4120445251 -0.0207290538 0.6643664837 0.0278465059 0.6082792878 0.0271751024 0.7927687764
9.021867 1.4731887579 -0.0202539265 0.6824275255 0.0260355119 0.6131267548 0.0242880732 0.7891817689
9.125548 1.5049310923 -0.0210482199 0.6900188923 0.0259977635 0.6146657467 0.0238915868 0.7879970670
9.229148 1.5367181301 -0.0215897392 0.6981565952 0.0267333779 0.6167694330 0.0234929081 0.7863389254
9.436507 1.6002686024 -0.0231398679 0.7132171392 0.0271642357 0.6201469302 0.0227705464 0.7836844921
9.540126 1.6325435638 -0.0238312390 0.7209553123 0.0264872387 0.6223213673 0.0221660975 0.7819995284
9.643856 1.6647639275 -0.0246573053 0.7283254862 0.0255293902 0.6245144010 0.0216824748 0.7802947760
9.747566 1.6971874237 -0.0252380054 0.7357358932 0.0249514822 0.6268450618 0.0214553382 0.7784487009
9.851216 1.7300484180 -0.0256967433 0.7427540421 0.0251533035 0.6289208531 0.0217080098 0.7767590284
10.058450 1.7954211235 -0.0270085391 0.7563981414 0.0260410756 0.6332987547 0.0212841164 0.7731763124
10.162270 1.8287079334 -0.0273590032 0.7632157803 0.0264190063 0.6357384324 0.0213806462 0.7711560130
10.473330 1.9293063879 -0.0296608694 0.7820904255 0.0249325540 0.6420400143 0.0196151473 0.7660145164
10.577010 1.9634523392 -0.0284242965 0.7874016762 0.0263497215 0.6431283951 0.0188037101 0.7650738358
10.680800 2.0006487370 -0.0285320226 0.7945125103 0.0289889835 0.6461207271 0.0198711567 0.7624256015
10.888380 2.0677464008 -0.0299449861 0.8045927286 0.0302166548 0.6470193267 0.0202200245 0.7616062760
10.992100 2.1023316383 -0.0309284367 0.8103655577 0.0302130431 0.6482188106 0.0198856294 0.7605946064
11.199650 2.1719546318 -0.0323517062 0.8217229247 0.0312285442 0.6508550048 0.0179810263 0.7583463788
11.303360 2.2040994167 -0.0336697847 0.8258179426 0.0304184258 0.6518083811 0.0171489418 0.7575793862
11.407080 2.2302620411 -0.0341016762 0.8306578398 0.0316529684 0.6538876295 0.0178518221 0.7557184696
11.510570 2.2555530071 -0.0341673605 0.8367549777 0.0315630771 0.6564257741 0.0169418994 0.7535396218
11.614180 2.2832856178 -0.0364088975 0.8406831026 0.0312011614 0.6582760215 0.0175658893 0.7519246340
11.718020 2.3103857040 -0.0373307057 0.8447117805 0.0309130661 0.6600121856 0.0177938454 0.7504076958
11.925060 2.3651707172 -0.0393491797 0.8518911600 0.0312076192 0.6631240249 0.0185252707 0.7476291656
12.132140 2.4194753170 -0.0414842069 0.8589546680 0.0319577157 0.6660959125 0.0179331619 0.7449653149
12.339620 2.4756011963 -0.0430962220 0.8656692505 0.0330902152 0.6688302755 0.0177711472 0.7424656749
12.650590 2.5609109402 -0.0456923917 0.8742099404 0.0339514799 0.6731768847 0.0186312888 0.7384666800
12.961450 2.6474714279 -0.0484153368 0.8819954991 0.0336914435 0.6765207052 0.0198372900 0.7353850007
13.065050 2.6764743328 -0.0493151098 0.8842659593 0.0338985063 0.6775055528 0.0193893053 0.7344802022
13.376170 2.7640044689 -0.0523705594 0.8911260366 0.0351174474 0.6813333035 0.0169540495 0.7309338450
13.479770 2.7929239273 -0.0532581508 0.8935629725 0.0347823128 0.6826924086 0.0156429131 0.7297098637
13.687000 2.8525598049 -0.0557123423 0.8974977136 0.0348113179 0.6854650378 0.0167064872 0.7270810008
13.790730 2.8827908039 -0.0566465259 0.8993808627 0.0345105976 0.6869857907 0.0168469045 0.7256553769
13.998450 2.9427335262 -0.0587492101 0.9026935101 0.0340983868 0.6900233626 0.0164048485 0.7227973342
14.101800 2.9727749825 -0.0599252097 0.9040613174 0.0340994932 0.6914389729 0.0159434658 0.7214534879
14.309200 3.0329239368 -0.0620489195 0.9063134789 0.0347282439 0.6936852336 0.0160058141 0.7192624807
14.516540 3.0933883190 -0.0641626790 0.9084784985 0.0348616093 0.6957259178 0.0174106881 0.7172495723
14.723680 3.1540675163 -0.0663986132 0.9099348783 0.0356684625 0.6976861358 0.0175777636 0.7152991295
15.242180 3.3064496517 -0.0722721368 0.9132897258 0.0362950601 0.7031955719 0.0152767133 0.7099051476
15.967780 3.5210330486 -0.0795786381 0.9134829044 0.0348820575 0.7114728093 0.0148528861 0.7016901374
16.175170 3.5825574398 -0.0819076896 0.9129805565 0.0341292955 0.7146664262 0.0145042939 0.6984816790
16.589730 3.7056574821 -0.0873161033 0.9084837437 0.0341611244 0.7200759649 0.0147030083 0.6928979158
16.900690 3.7981729507 -0.0912142992 0.9044271111 0.0343017392 0.7241507173 0.0143633680 0.6886383891
17.107930 3.8602638245 -0.0933503583 0.9010263681 0.0365801342 0.7266891599 0.0152459322 0.6858223677
17.212260 3.8908662796 -0.0932883620 0.9015162587 0.0374944434 0.7285675406 0.0151247531 0.6837797761
17.418950 3.9525244236 -0.0971244052 0.8952392340 0.0391523205 0.7298452854 0.0158081651 0.6823071837
17.730020 4.0469284058 -0.1003308147 0.8894832134 0.0397920310 0.7339608073 0.0153459962 0.6778514385
17.937820 4.1098237038 -0.1029443070 0.8843019009 0.0406322703 0.7363724709 0.0152909765 0.6751820445
18.144610 4.1730976105 -0.1055906266 0.8788280487 0.0410966873 0.7383922338 0.0156068681 0.6729370952
18.248220 4.2051219940 -0.1068028137 0.8758144379 0.0409649946 0.7392950654 0.0162247606 0.6719385982
18.455670 4.2685842514 -0.1094969958 0.8700077534 0.0412743092 0.7407687902 0.0174350776 0.6702641845
18.559140 4.3011126518 -0.1108016074 0.8671055436 0.0409267172 0.7417643666 0.0177544765 0.6691751480
18.766280 4.3663635254 -0.1131097451 0.8600137234 0.0417674333 0.7433300018 0.0191830881 0.6673439741
18.869920 4.3992061615 -0.1141022369 0.8563347459 0.0418728217 0.7440510988 0.0184609629 0.6665536761
19.077140 4.4659171104 -0.1170117185 0.8480073214 0.0430105105 0.7456224561 0.0180419590 0.6647343636
19.180870 4.4983191490 -0.1174931079 0.8460965157 0.0413616672 0.7482156157 0.0165978391 0.6619570255
19.284530 4.5286412239 -0.1167399734 0.8461543918 0.0381337292 0.7516471744 0.0138910422 0.6583155394
19.388220 4.5631780624 -0.1179097220 0.8414952755 0.0370407514 0.7535403967 0.0136379460 0.6562154889
19.491840 4.5991005898 -0.1190145090 0.8350084424 0.0375173874 0.7545614839 0.0137077393 0.6550125480
19.595460 4.6337833405 -0.1202311590 0.8301039338 0.0383595526 0.7561548352 0.0145722264 0.6531049013
19.699070 4.6684722900 -0.1214387119 0.8248904943 0.0390526615 0.7575665712 0.0151027609 0.6514136195
19.802840 4.7038607597 -0.1227806062 0.8193063140 0.0392487869 0.7589820623 0.0154979331 0.6497427225
19.906420 4.7398233414 -0.1218079925 0.8093951344 0.0378192179 0.7590100169 0.0133787571 0.6498419046
20.010030 4.7738032341 -0.1229649112 0.8042636514 0.0359936133 0.7608442903 0.0126254689 0.6478124857
20.113650 4.8080563545 -0.1244562641 0.7987595797 0.0360447578 0.7623172998 0.0127419317 0.6460733414
20.217270 4.8426547050 -0.1257056296 0.7929338813 0.0355544686 0.7639240026 0.0127308872 0.6442002058
20.320880 4.8778939247 -0.1269663572 0.7869833708 0.0356773846 0.7654594183 0.0132044172 0.6423586011
20.424500 4.9132313728 -0.1279655993 0.7806590199 0.0353881307 0.7670423985 0.0133622810 0.6404803395
20.631730 4.9843983650 -0.1308056712 0.7675161362 0.0348134674 0.7693505287 0.0140768802 0.6377221942
20.735350 5.0194950104 -0.1322373450 0.7611160278 0.0345659256 0.7705034614 0.0149094602 0.6363232732
20.838960 5.0554580688 -0.1336342096 0.7543656230 0.0339290574 0.7714870572 0.0142145148 0.6351806521
20.942580 5.0925230980 -0.1346406937 0.7470637560 0.0327693261 0.7725195885 0.0121091278 0.6340292692
21.046320 5.1288061142 -0.1357956231 0.7399439812 0.0319760628 0.7735766172 0.0101802750 0.6328136325
21.149940 5.1646466255 -0.1370268166 0.7325118184 0.0308778454 0.7744981050 0.0105606765 0.6317338347
21.253550 5.2007970810 -0.1380141973 0.7248042822 0.0310844518 0.7753641605 0.0115885027 0.6306424737
21.357170 5.2353229523 -0.1389548331 0.7176281214 0.0309148487 0.7764279246 0.0106762368 0.6293567419
21.460820 5.2688798904 -0.1399836391 0.7105894089 0.0308451690 0.7775046229 0.0107882163 0.6280276775
21.564620 5.3031644821 -0.1412496269 0.7032252550 0.0289063342 0.7787364721 0.0114755686 0.6265798211
21.668140 5.3371319771 -0.1421683878 0.6958649158 0.0276167430 0.7799094319 0.0110816564 0.6251846552
21.771790 5.3716769218 -0.1430985034 0.6882585287 0.0271181948 0.7811883688 0.0108165238 0.6236123443
21.979040 5.4394130707 -0.1450412571 0.6732133627 0.0269001927 0.7835148573 0.0109908599 0.6206932068
22.082650 5.4729461670 -0.1460136771 0.6654807329 0.0265938342 0.7847087383 0.0111921113 0.6191927791
22.186210 5.5065121651 -0.1470446885 0.6576874256 0.0251648985 0.7858600020 0.0101024341 0.6178096533
22.290250 5.5397524834 -0.1481561959 0.6499791145 0.0219658837 0.7872661948 0.0058777854 0.6161938906
22.497250 5.6048831940 -0.1504721045 0.6339685917 0.0276686959 0.7895851731 0.0009877093 0.6130160689
22.600850 5.6393132210 -0.1520834863 0.6266705990 0.0293035321 0.7903527021 0.0050874767 0.6119297743
22.704440 5.6726479530 -0.1529306322 0.6177148819 0.0260346141 0.7909341455 0.0091384621 0.6112788320
22.808100 5.7067685127 -0.1536990106 0.6095879078 0.0208529104 0.7923724651 0.0106771877 0.6095875502
23.015390 5.7728109360 -0.1549669206 0.5923744440 0.0174928643 0.7949155569 0.0101675391 0.6063825488
23.119010 5.8069939613 -0.1558993757 0.5827640295 0.0202194415 0.7960743308 0.0111872265 0.6047575474
23.222650 5.8389768600 -0.1562263370 0.5753004551 0.0230433717 0.7971698046 0.0103830537 0.6032258868
23.326370 5.8695521355 -0.1564331651 0.5696471930 0.0242296290 0.7985848188 0.0092596347 0.6013230681
23.430070 5.9048848152 -0.1576720327 0.5588227510 0.0242948532 0.7999681234 0.0093741659 0.5994771719
23.637320 5.9721555710 -0.1592659950 0.5385032892 0.0238702055 0.8021940589 0.0114924936 0.5964753032
23.741080 6.0042219162 -0.1588360667 0.5312319994 0.0241997354 0.8031709790 0.0112371575 0.5951508284
23.844680 6.0372800827 -0.1584050655 0.5249030590 0.0243637152 0.8043173552 0.0109583214 0.5935991406
23.948430 6.0682454109 -0.1581668109 0.5192137957 0.0248257406 0.8053097725 0.0112301642 0.5922278166
24.052120 6.0987935066 -0.1577102691 0.5144498348 0.0245625507 0.8065420985 0.0117018875 0.5905502439
24.777590 6.2679991722 -0.1478004754 0.5185159445 0.0232971702 0.8210741878 0.0042889910 0.5703297257
24.984880 6.2925939560 -0.1480802298 0.5164024830 0.0234654341 0.8230838776 0.0034394045 0.5674244761
25.295560 6.3168549538 -0.1483936161 0.5078825951 0.0235892572 0.8228664398 0.0100337137 0.5676563382
25.502780 6.3332233429 -0.1493546069 0.5020225048 0.0214877967 0.8216120601 0.0104413684 0.5695462227
25.606390 6.3421320915 -0.1497613341 0.4990556240 0.0196043793 0.8212761283 0.0056181573 0.5701663494
25.813620 6.3574442863 -0.1505484581 0.4939491749 0.0172111783 0.8199295402 0.0027390320 0.5721990466
25.917260 6.3626828194 -0.1504091322 0.4915021658 0.0183809809 0.8189132214 0.0037074725 0.5736109614
26.124480 6.3770527840 -0.1509796679 0.4863858223 0.0176619105 0.8168941140 0.0013742825 0.5765154958
26.331730 6.3891816139 -0.1509876102 0.4813421965 0.0112475352 0.8162335753 -0.0024873703 0.5776072145
26.435440 6.3958144188 -0.1510821879 0.4787102938 0.0088546751 0.8161571026 -0.0051309573 0.5777394176
26.539060 6.4029197693 -0.1512491405 0.4759861231 0.0084934356 0.8157443404 -0.0058046631 0.5783211589
26.642670 6.4074101448 -0.1507805735 0.4731464386 0.0102487756 0.8151190281 -0.0038435585 0.5791901350
26.746310 6.4152226448 -0.1512448639 0.4706398249 0.0095991381 0.8146958947 -0.0025089693 0.5798035860
27.160890 6.4431877136 -0.1519482136 0.4598628283 0.0083511984 0.8130422831 -0.0056540812 0.5821173191
27.575480 6.4717731476 -0.1519892514 0.4485145807 0.0096665174 0.8108448386 -0.0032128538 0.5851725936
27.782840 6.4809598923 -0.1504188180 0.4433261156 0.0097947409 0.8103313446 -0.0025370985 0.5858845711
28.922840 6.5561027527 -0.1525470316 0.4139769077 0.0074847387 0.8092720509 -0.0028946090 0.5873792171
29.441040 6.5925521851 -0.1542244703 0.4019033909 0.0073564183 0.8092057705 -0.0032895613 0.5874701142
30.477220 6.6501283646 -0.1534294188 0.3713343143 0.0078641819 0.8073171377 -0.0016416297 0.5900630951
31.306520 6.7069258690 -0.1568339467 0.3508082628 0.0043688253 0.8073434234 -0.0017971847 0.5900629163
32.447030 6.7749018669 -0.1582034528 0.3165223598 0.0026125952 0.8052843213 -0.0003427109 0.5928829312
32.654370 6.7905788422 -0.1577809453 0.3109443188 0.0042093019 0.8045068979 -0.0008860570 0.5939277411
32.861740 6.8083610535 -0.1607230604 0.3084917068 0.0026167713 0.8046821356 -0.0011311733 0.5936990380
33.276450 6.8336491585 -0.1583142877 0.2975444794 0.0043346859 0.8035830855 -0.0007353306 0.5951763391
33.587620 6.8552131653 -0.1586540043 0.2906806469 0.0031921740 0.8030111790 -0.0012568961 0.5959540606
34.105990 6.8913106918 -0.1592616439 0.2780572176 0.0019365257 0.8026900887 -0.0007370257 0.5963927507
34.209730 6.8923053741 -0.1581858993 0.2733381987 0.0025427672 0.8024393916 -0.0013996171 0.5967265368
34.728060 6.9320168495 -0.1595362872 0.2618165016 0.0034265378 0.8022124171 -0.0012563788 0.5970275998
34.935420 6.9489421844 -0.1603220701 0.2570009232 0.0035633163 0.8019711375 -0.0004619690 0.5973520279
35.350130 6.9788608551 -0.1605701447 0.2481404543 0.0029226555 0.8017908335 -0.0012470834 0.5975963473
35.454000 6.9877505302 -0.1612595618 0.2453404665 0.0028562211 0.8013566136 -0.0007541642 0.5981795788
35.764770 7.0109162331 -0.1612694114 0.2383641005 0.0028923696 0.8009475470 -0.0015284420 0.5987256169
36.075840 7.0341773033 -0.1618408859 0.2314329147 0.0040654796 0.8003382087 -0.0019224740 0.5995319486
36.594140 7.0730051994 -0.1628330946 0.2198183537 0.0035153418 0.7995309234 -0.0002436012 0.6006145477
36.905210 7.0956921577 -0.1632421613 0.2133283615 0.0043408596 0.7990781665 -0.0013981344 0.6012098789
37.319950 7.1265945435 -0.1638874859 0.2044789791 0.0030549637 0.7991945148 -0.0020207835 0.6010613441
37.631050 7.1501049995 -0.1645567417 0.1976401806 0.0031508191 0.7996370792 -0.0018229283 0.6004725695
38.045630 7.1814432144 -0.1651807576 0.1885602474 0.0034660562 0.8001220226 -0.0012439142 0.5998259783
38.149250 7.1893458366 -0.1653512120 0.1861579418 0.0038676439 0.7999138832 -0.0012601077 0.6001009941
38.356480 7.2049956322 -0.1656559259 0.1814917326 0.0046429159 0.7994906902 -0.0014879567 0.6006587148
38.563710 7.2203955650 -0.1660885215 0.1768831015 0.0052660313 0.7992186546 -0.0001569911 0.6010172963
38.667310 7.2293243408 -0.1663113832 0.1745847464 0.0050939601 0.7987852693 -0.0011940759 0.6015934944
38.874760 7.2424793243 -0.1664826423 0.1700415611 0.0050919633 0.7987602353 -0.0018293189 0.6016251445
38.978300 7.2492837906 -0.1664234251 0.1667398214 0.0049602198 0.7982705235 -0.0015780196 0.6022765636
39.082020 7.2538204193 -0.1663148552 0.1633895636 0.0053273621 0.7978025675 -0.0003968063 0.6028950810
39.185650 7.2634515762 -0.1666476279 0.1617572308 0.0049075666 0.7977015972 0.0001769723 0.6030324101
39.289260 7.2732543945 -0.1666009724 0.1600456238 0.0052026263 0.7976426482 -0.0000464312 0.6031079292
39.496500 7.2882266045 -0.1668809950 0.1551451683 0.0061964775 0.7969873548 -0.0006086160 0.6039639115
39.703850 7.3032584190 -0.1670188904 0.1507288218 0.0069731632 0.7965003252 -0.0010743105 0.6045969129
39.911340 7.3181805611 -0.1673746705 0.1463072300 0.0077425255 0.7960320115 -0.0011116862 0.6052039862
40.118690 7.3327860832 -0.1667680889 0.1406552792 0.0064589651 0.7951902151 -0.0023225439 0.6063212156
40.222330 7.3406815529 -0.1676206589 0.1381088495 0.0061532236 0.7947764993 -0.0022597311 0.6068668365
40.429660 7.3555135727 -0.1678414941 0.1337889433 0.0080438033 0.7943044305 -0.0020820298 0.6074631214
40.740630 7.3771810532 -0.1683637947 0.1264845133 0.0061038043 0.7941964269 -0.0014271999 0.6076288223
41.155220 7.4086642265 -0.1687593907 0.1173599958 0.0072438209 0.7936828136 -0.0014482246 0.6082869768
41.466320 7.4289541245 -0.1691814959 0.1094369888 0.0092856660 0.7927182913 -0.0013837006 0.6095159054
41.569920 7.4336295128 -0.1691758633 0.1064668894 0.0099904817 0.7924728394 -0.0021957797 0.6098213792
41.673550 7.4417757988 -0.1694892347 0.1042554379 0.0103256498 0.7919985056 -0.0018677509 0.6104328632
41.880900 7.4577703476 -0.1698938012 0.0999727249 0.0096442951 0.7912732959 -0.0008772342 0.6113859415
42.088380 7.4741864204 -0.1702910364 0.0959159136 0.0089457128 0.7906411886 -0.0019083439 0.6122114062
42.295640 7.4899821281 -0.1707446426 0.0918639898 0.0089480923 0.7900583744 -0.0024264990 0.6129615307
42.502970 7.5057301521 -0.1712032557 0.0879974365 0.0092036370 0.7895196080 -0.0030028012 0.6136489511
42.813810 7.5291008949 -0.1719496846 0.0823864937 0.0076963035 0.7894898653 -0.0023106015 0.6137109995
43.021170 7.5446567535 -0.1719065607 0.0780380964 0.0075299712 0.7895962000 -0.0040639918 0.6135671139
43.228400 7.5604815483 -0.1724927723 0.0741336346 0.0079540787 0.7899466753 -0.0035413527 0.6131137013
43.435640 7.5751352310 -0.1726362705 0.0701981783 0.0083713057 0.7903197408 -0.0030334701 0.6126299500
43.642870 7.5896916389 -0.1730764806 0.0664989948 0.0077708322 0.7906760573 -0.0029823757 0.6121781468
43.746480 7.5966281891 -0.1733110994 0.0647739172 0.0076797605 0.7905732393 -0.0040755924 0.6123057604
43.850090 7.6038045883 -0.1735134274 0.0628997087 0.0083192736 0.7906138897 -0.0053160326 0.6122354269
44.057450 7.6162767410 -0.1741106212 0.0594671965 0.0087149739 0.7903599143 -0.0055985376 0.6125552654
44.264680 7.6283330917 -0.1746288538 0.0562175512 0.0086198784 0.7898654938 -0.0047213598 0.6132013202
45.093740 7.6647591591 -0.1769458055 0.0602978468 0.0080642495 0.7884207964 -0.0020341137 0.6150799990
45.508320 7.6824412346 -0.1777638495 0.0654630661 0.0081899371 0.7887576818 -0.0020538971 0.6146462560
45.923030 7.7008242607 -0.1787679642 0.0720703602 0.0057677138 0.7906147838 -0.0021215449 0.6122829914
50.793950 7.9409217834 -0.1938991249 0.1325536966 0.0047926083 0.7944180369 0.0093501927 0.6072804928
51.105070 7.9603180885 -0.1949166656 0.1376409531 0.0054441714 0.7947598100 0.0104374317 0.6068099141
51.312450 7.9731240273 -0.1965743601 0.1400394440 0.0043853484 0.7948161364 0.0112593248 0.6067299843
52.038090 8.0078277588 -0.1990397871 0.1500070095 0.0028684032 0.7953808904 0.0154280625 0.6059067249
53.385840 8.1129379272 -0.2038863897 0.1424005032 0.0053197127 0.7961831093 0.0179062970 0.6047673225
54.215030 8.1679258347 -0.2074116170 0.1494338512 0.0032311343 0.7970312834 0.0204710122 0.6035823226
54.525980 8.1886854172 -0.2094314694 0.1622505188 0.0043711867 0.7992629409 0.0228437372 0.6005312204
55.147950 8.2521457672 -0.2136919200 0.1811401844 0.0017420249 0.8043987155 0.0220878478 0.5936765075
56.288130 8.3565292358 -0.2171441615 0.1796495914 0.0084528597 0.8032988310 0.0315679684 0.5946789384
56.702420 8.3982038498 -0.2176338434 0.1813788414 0.0072797732 0.8047482371 0.0288523994 0.5928699970
57.013380 8.4272594452 -0.2211591601 0.2022216320 0.0115011195 0.8093115687 0.0320084207 0.5863940716
58.256810 8.5789289474 -0.2131088376 0.2114648819 0.0231260527 0.8146036863 0.0391286612 0.5782343745
58.982460 8.6789064407 -0.2147649527 0.2201337814 0.0283764768 0.8192201257 0.0430044830 0.5711600184
59.604650 8.7748317719 -0.2182656825 0.2302703857 0.0344986022 0.8252887130 0.0454664230 0.5618195534
60.226840 8.8777160645 -0.2255112529 0.2444696426 0.0411949828 0.8329740763 0.0514832735 0.5493692756
60.745170 8.9818000793 -0.2372008264 0.2629039288 0.0454236157 0.8451191783 0.0595556051 0.5293045640
61.056140 9.0333328247 -0.2315956652 0.2114951611 0.0465849862 0.8391283154 0.0585029647 0.5387679935
61.263370 9.0742111206 -0.2315341830 0.2049419880 0.0482349806 0.8417135477 0.0587001406 0.5345521569
61.470630 9.1154718399 -0.2313314080 0.2026686668 0.0500806756 0.8449792266 0.0604693033 0.5290042162
61.677850 9.1561136246 -0.2258930504 0.1949536800 0.0537373237 0.8471491337 0.0565966889 0.5255924463
61.988910 9.2181472778 -0.2201590836 0.1726622581 0.0536840595 0.8484729528 0.0571046956 0.5234031081
62.092420 9.2379913330 -0.2186372876 0.1655442715 0.0540832989 0.8486957550 0.0572955012 0.5229796767
62.300010 9.2809600830 -0.2148791552 0.1500060558 0.0540991835 0.8499912620 0.0541360267 0.5212076306
62.507020 9.3251075745 -0.2110999227 0.1350297928 0.0548606552 0.8516008854 0.0517379642 0.5187382698
62.611050 9.3471984863 -0.2092331648 0.1282587051 0.0553767122 0.8525782228 0.0502489507 0.5172222257
62.817730 9.3931999207 -0.2064418346 0.1121754646 0.0590414032 0.8541879654 0.0481952317 0.5143483281
63.335690 9.4392290115 -0.2014432102 0.0903885365 0.0587774329 0.8533712626 0.0475166105 0.5157953501
63.439300 9.4526844025 -0.2010091692 0.0826096535 0.0588755794 0.8527631164 0.0472512431 0.5168133974
63.542910 9.4676914215 -0.2009030282 0.0748178959 0.0592815317 0.8524303436 0.0473130159 0.5173100829
63.646520 9.4820146561 -0.2009086758 0.0670514107 0.0596531257 0.8517582417 0.0471615642 0.5183870792
63.957240 9.5242338181 -0.1999385953 0.0437436104 0.0612913519 0.8495749235 0.0443423763 0.5220149755
64.164350 9.5535211563 -0.1997139752 0.0276553631 0.0614158399 0.8481711149 0.0442654304 0.5242846608
64.267970 9.5682191849 -0.2005012631 0.0187191963 0.0612171404 0.8474529982 0.0449179970 0.5254124999
64.371580 9.5815067291 -0.2018712163 0.0104176998 0.0620310530 0.8466445804 0.0452991687 0.5265862346
65.304130 9.7146701813 -0.1988316625 -0.0546894073 0.0596208349 0.8439491391 0.0400916003 0.5315898657
65.511370 9.7370567322 -0.1987846494 -0.0654025078 0.0598965660 0.8432994485 0.0406075343 0.5325499773
65.614970 9.7480888367 -0.1987860203 -0.0706675053 0.0604895726 0.8430229425 0.0388922356 0.5330485702
65.822450 9.7703409195 -0.1989902556 -0.0813257694 0.0633159578 0.8427409530 0.0334269665 0.5335366726
65.926080 9.7811002731 -0.1991900802 -0.0863935947 0.0640306398 0.8424738050 0.0332183503 0.5338861942
66.133430 9.8008012772 -0.1995345056 -0.0954227448 0.0629490912 0.8420073986 0.0347341150 0.5346536636
66.237180 9.8118534088 -0.1996492743 -0.1006894112 0.0619015470 0.8417400122 0.0354789644 0.5351477861
66.444520 9.8326358795 -0.2002056986 -0.1102585793 0.0612645410 0.8413630128 0.0367507264 0.5357278585
66.859100 9.8759174347 -0.2014142722 -0.1302919388 0.0629288703 0.8405960798 0.0357720703 0.5368040204
67.066340 9.8975286484 -0.2019232213 -0.1401898861 0.0632536858 0.8400464058 0.0358499661 0.5376205444
67.273570 9.9191150665 -0.2025932223 -0.1501190662 0.0629763678 0.8395668268 0.0360380076 0.5383890271
67.377190 9.9303207397 -0.2029848397 -0.1554205418 0.0634194091 0.8393877745 0.0365375876 0.5385825038
67.791520 9.9742040634 -0.2035297006 -0.1753344536 0.0648883432 0.8385530710 0.0339454412 0.5398758054
67.998740 9.9964504242 -0.2041126192 -0.1856620312 0.0641460717 0.8380780220 0.0345509239 0.5406631827
68.205860 10.0181112289 -0.2047249377 -0.1954674721 0.0653328225 0.8375307322 0.0346083827 0.5413651466
68.309500 10.0288581848 -0.2049776614 -0.2001688480 0.0651344433 0.8373268247 0.0341590866 0.5417328477
68.412960 10.0399627686 -0.2052972168 -0.2051939964 0.0647691116 0.8371398449 0.0337677486 0.5420899391
68.516600 10.0509481430 -0.2056377381 -0.2101128101 0.0650846586 0.8368963003 0.0332563855 0.5424597263
68.620200 10.0618410110 -0.2059429586 -0.2149977684 0.0655015782 0.8367338777 0.0314826928 0.5427658558
68.930920 10.0949687958 -0.2070812285 -0.2296082973 0.0657727495 0.8361867666 0.0321335532 0.5435375571
69.034420 10.1058244705 -0.2074521631 -0.2344205379 0.0655387118 0.8359396458 0.0325330831 0.5439220071
69.138040 10.1166286469 -0.2078206688 -0.2391946316 0.0657462254 0.8358059525 0.0317660123 0.5441477299
69.345250 10.1381654739 -0.2086003125 -0.2487223148 0.0660830438 0.8355085254 0.0301076695 0.5446578264
69.552530 10.1593189240 -0.2094600946 -0.2580080032 0.0663461834 0.8351497650 0.0300286710 0.5451800823
69.656100 10.1700153351 -0.2098475397 -0.2626929283 0.0660725161 0.8349874020 0.0299880281 0.5454642177
69.759720 10.1808452606 -0.2102454156 -0.2674589157 0.0658820271 0.8345869184 0.0303275865 0.5460809469
69.863330 10.1917152405 -0.2106712013 -0.2722101212 0.0661191195 0.8343970180 0.0301147290 0.5463542342
69.966820 10.2023735046 -0.2110993713 -0.2768523693 0.0659297705 0.8342711926 0.0301965363 0.5465647578
71.936530 10.3767004013 -0.2337273806 -0.3048889637 0.0674973428 0.8358589411 0.0298286919 0.5439615250
72.143990 10.3959712982 -0.2344778180 -0.3288650513 0.0680215508 0.8335898519 0.0291184578 0.5474058390
75.046740 10.6637830734 -0.2586508095 -0.3784508705 0.0672890842 0.8374859095 0.0272020102 0.5416175127
75.253960 10.6806068420 -0.2596058846 -0.3856220245 0.0670596957 0.8374935389 0.0276927799 0.5416093469
75.357700 10.6884975433 -0.2599936128 -0.3891155720 0.0667840391 0.8375717998 0.0282666422 0.5414927006
75.461430 10.6966733932 -0.2603901625 -0.3927524090 0.0666516274 0.8375318646 0.0286225583 0.5415520668
75.876160 10.7311935425 -0.2624054849 -0.4070291519 0.0657815114 0.8376185894 0.0286768023 0.5415214300
77.326390 10.8541717529 -0.2678380907 -0.4468407631 0.0680292472 0.8371628523 0.0288277846 0.5419403315
78.673770 10.9655122757 -0.2751669884 -0.4849534035 0.0643067062 0.8376763463 0.0311048534 0.5414752960
80.021040 11.0756282806 -0.2777704597 -0.5194041729 0.0646894947 0.8437359333 0.0311915446 0.5319323540
80.850320 11.1431179047 -0.2770043612 -0.5442781448 0.0631368980 0.8512624502 0.0306409281 0.5200260878
82.404920 11.2590475082 -0.2805030048 -0.5944857597 0.0658859611 0.8577374816 0.0319641978 0.5088455081
83.960030 11.3677368164 -0.2846284509 -0.6462330818 0.0656911433 0.8512392640 0.0355305485 0.5194362402
85.515020 11.4770135880 -0.2885453105 -0.6993408203 0.0638050213 0.8492515683 0.0356319323 0.5229064226
87.070550 11.5836410522 -0.2911703289 -0.7492642403 0.0613041855 0.8445834517 0.0372472182 0.5305970907
88.625980 11.6850872040 -0.2932293415 -0.7956368923 0.0601594187 0.8449292183 0.0393987820 0.5300218463
89.248170 11.7236680984 -0.2932771444 -0.8143427372 0.0605572201 0.8466472626 0.0437078513 0.5268878937
90.388820 11.7899179459 -0.2935988605 -0.8470973969 0.0746750534 0.8510004878 0.0519258641 0.5172286034
90.699910 11.8065977097 -0.2936925292 -0.8559799194 0.0755142421 0.8547517061 0.0535932854 0.5107101798
90.907270 11.8172616959 -0.2937692106 -0.8617291451 0.0756777823 0.8585347533 0.0547408462 0.5041769147
91.114650 11.8275012970 -0.2937359512 -0.8675360680 0.0747605786 0.8640550971 0.0540911220 0.4948674738
91.218370 11.8329620361 -0.2937103212 -0.8706450462 0.0744497478 0.8675408959 0.0539428443 0.4887946248
91.322130 11.8381109238 -0.2937007844 -0.8737835884 0.0748113692 0.8712308407 0.0545869730 0.4820584953
91.529590 11.8480329514 -0.2936251462 -0.8801841736 0.0765069872 0.8787233233 0.0570804588 0.4676899016
91.633230 11.8528652191 -0.2935585678 -0.8834509850 0.0768790841 0.8826146722 0.0582035817 0.4601013362
91.840690 11.8621988297 -0.2934163511 -0.8902287483 0.0773130730 0.8907536268 0.0605173372 0.4437547624
92.048160 11.8712501526 -0.2931174338 -0.8972125053 0.0782647729 0.8993660808 0.0611265115 0.4257684648
92.151900 11.8756027222 -0.2929881513 -0.9007687569 0.0782392249 0.9037457108 0.0633162558 0.4160689712
92.359390 11.8837308884 -0.2925547361 -0.9079813957 0.0779899508 0.9127719402 0.0659689903 0.3954908252
92.463120 11.8878078461 -0.2923161387 -0.9118108749 0.0771253929 0.9173344374 0.0666640773 0.3848442435
92.566890 11.8915500641 -0.2919917703 -0.9155678749 0.0768499672 0.9218565226 0.0668632910 0.3739037216
95.677830 11.9592103958 -0.2585882545 -1.0568667650 0.0725090504 0.9939073324 0.0769990310 -0.0310129412
95.781570 11.9589862823 -0.2579391301 -1.0631504059 0.0714616850 0.9934499860 0.0776231512 -0.0438752286
96.196160 11.9570331573 -0.2534602284 -1.0871665478 0.0689687282 0.9900135994 0.0755527914 -0.0969958976
96.714500 11.9475069046 -0.2481839955 -1.1149816513 0.0647774488 0.9812492728 0.0786200017 -0.1636235118
97.025580 11.9410581589 -0.2448828220 -1.1324534416 0.0630396232 0.9734801054 0.0799160525 -0.2048803121
97.233060 11.9352016449 -0.2424067855 -1.1431982517 0.0611213408 0.9674004912 0.0805453137 -0.2321916670
97.440420 11.9298629761 -0.2402161956 -1.1545028687 0.0588358715 0.9600404501 0.0811228156 -0.2613038719
97.544160 11.9266138077 -0.2391569614 -1.1597437859 0.0579909533 0.9560666680 0.0815036148 -0.2755553424
97.751640 11.9196023941 -0.2369274497 -1.1703472137 0.0562308095 0.9474650621 0.0824452490 -0.3038928211
98.892150 11.8695039749 -0.2236803770 -1.2221822739 0.0444766842 0.8847116232 0.0840556920 -0.4563351572
98.995770 11.8640604019 -0.2225261927 -1.2259511948 0.0437844507 0.8780674338 0.0839925408 -0.4690690339
99.099510 11.8588647842 -0.2213929892 -1.2295641899 0.0426570252 0.8711498380 0.0849180296 -0.4817335904
99.203130 11.8527946472 -0.2200956345 -1.2331719398 0.0418526195 0.8642368913 0.0855817795 -0.4939825237
99.306750 11.8469076157 -0.2189044952 -1.2366013527 -0.0409046710 -0.8572064638 -0.0854285657 0.5061874986
99.825070 11.8156280518 -0.2128601074 -1.2513325214 -0.0370103344 -0.8223703504 -0.0843404233 0.5614480376
100.032400 11.8026971817 -0.2105853558 -1.2560653687 -0.0354106352 -0.8084602952 -0.0853841603 0.5812466145
100.136200 11.7956342697 -0.2092878819 -1.2584829330 -0.0339076519 -0.8015560508 -0.0862976611 0.5906867981
100.447100 11.7749948502 -0.2056913376 -1.2640569210 -0.0316100977 -0.7822562456 -0.0851823762 0.6162953973
100.550800 11.7681427002 -0.2046163082 -1.2655808926 -0.0317741930 -0.7762787938 -0.0849550515 0.6238303185
100.654400 11.7610864639 -0.2034220695 -1.2670557499 -0.0317125283 -0.7709758878 -0.0844661295 0.6304410696
100.861600 11.7465867996 -0.2010444403 -1.2696992159 -0.0312064327 -0.7614549398 -0.0820745379 0.6422431469
100.965200 11.7391452789 -0.1998513937 -1.2710011005 -0.0303586777 -0.7569596171 -0.0813937262 0.6476616263
101.068800 11.7320699692 -0.1987515688 -1.2720139027 -0.0304920599 -0.7526826859 -0.0810263157 0.6526666880
101.172400 11.7246360779 -0.1976066828 -1.2730292082 -0.0303522684 -0.7487135530 -0.0804934949 0.6572880149
101.276200 11.7171964645 -0.1964937449 -1.2739276886 -0.0300365202 -0.7448859811 -0.0803984851 0.6616485119
101.379800 11.7096185684 -0.1953561306 -1.2747883797 -0.0289012529 -0.7411851883 -0.0808291435 0.6657896638
101.483400 11.7021675110 -0.1942616701 -1.2755410671 -0.0285473969 -0.7377752662 -0.0810495913 0.6695548296
101.587000 11.6944761276 -0.1931155920 -1.2763094902 -0.0290235169 -0.7348494530 -0.0814423338 0.6726968884
101.690600 11.6868772507 -0.1919795275 -1.2769432068 -0.0294207074 -0.7326915264 -0.0817001164 0.6749982834
101.794300 11.6793317795 -0.1908192635 -1.2774510384 -0.0298992116 -0.7309108377 -0.0806434974 0.6770317554
101.897900 11.6717443466 -0.1897096634 -1.2779535055 -0.0297963154 -0.7290703654 -0.0809165239 0.6789853573
102.001600 11.6640987396 -0.1885865927 -1.2784607410 -0.0294192359 -0.7271189690 -0.0814693347 0.6810250878
102.105200 11.6563415527 -0.1874457598 -1.2789129019 -0.0290027689 -0.7255121469 -0.0818676353 0.6827068925
102.208900 11.6486864090 -0.1863305569 -1.2793557644 -0.0287465490 -0.7240245938 -0.0823183730 0.6842409372
102.312600 11.6410140991 -0.1851865053 -1.2797517776 -0.0290200915 -0.7228837013 -0.0824428350 0.6854196787
102.416200 11.6333904266 -0.1840540171 -1.2801258564 -0.0286633186 -0.7218739390 -0.0825585127 0.6864841580
102.520000 11.6258096695 -0.1829745770 -1.2804927826 -0.0285168346 -0.7209647894 -0.0822263658 0.6874848604
102.623600 11.6183500290 -0.1819200516 -1.2807605267 -0.0282438193 -0.7203490138 -0.0822729692 0.6881356835
102.727300 11.6108102798 -0.1808195114 -1.2810692787 -0.0283441283 -0.7197696567 -0.0818876699 0.6887834668
102.934700 11.5958318710 -0.1786863804 -1.2816187143 -0.0281156637 -0.7188786864 -0.0819184184 0.6897189617
103.142000 11.5802888870 -0.1760438681 -1.2827105522 -0.0288099106 -0.7179166079 -0.0818215609 0.6907032728
103.349400 11.5648584366 -0.1736985445 -1.2833830118 -0.0291849319 -0.7170677781 -0.0825422779 0.6914830804
107.601600 11.2518043518 -0.1230537295 -1.2512121201 0.0054254797 -0.4343153238 -0.0636647046 0.8984917998
107.705400 11.2485485077 -0.1245906651 -1.2368111610 0.0070884074 -0.4215757549 -0.0634490922 0.9045429230
107.912800 11.2447681427 -0.1164841354 -1.2262616158 0.0095207393 -0.3892278075 -0.0599791855 0.9191374183
108.016400 11.2267932892 -0.1222234219 -1.2273025513 0.0108602513 -0.3697211444 -0.0615086742 0.9270409942
108.223900 11.2123947144 -0.1225380599 -1.2131443024 0.0147097474 -0.3364466727 -0.0581637621 0.9397894740
108.327600 11.2067613602 -0.1224006861 -1.2061820030 0.0168169718 -0.3201089799 -0.0562529564 0.9455596209
108.431200 11.2018585205 -0.1232407019 -1.1982297897 0.0176985953 -0.3045828640 -0.0532566905 0.9508310556
108.534900 11.2046298981 -0.1251060218 -1.1924710274 0.0165993776 -0.2971527278 -0.0516925380 0.9532851577
108.638800 11.2075309753 -0.1260063499 -1.1886520386 0.0171634071 -0.2890611291 -0.0505659878 0.9558201432
109.156900 11.2150783539 -0.1299492270 -1.1662445068 0.0207892675 -0.2474505603 -0.0449886210 0.9676321745
109.467900 11.2153682709 -0.1307770014 -1.1606760025 0.0259060357 -0.2106198668 -0.0393983200 0.9764301777
109.675300 11.2149753571 -0.1310456246 -1.1585109234 0.0253599882 -0.1810243875 -0.0393896662 0.9823622108
109.779100 11.2147474289 -0.1311551481 -1.1576106548 0.0251208823 -0.1649960279 -0.0408688076 0.9851269126
109.882700 11.2144603729 -0.1313265115 -1.1561813354 0.0297085792 -0.1496589631 -0.0397670381 0.9874908328
110.090100 11.2143268585 -0.1316123307 -1.1541996002 0.0388987586 -0.1184519455 -0.0380600616 0.9914672971
110.193900 11.2142238617 -0.1318513453 -1.1524367332 0.0370138399 -0.1035732478 -0.0367760547 0.9932522774
110.401400 11.2143278122 -0.1321505457 -1.1504052877 0.0338121168 -0.0729706362 -0.0328846127 0.9962181449
110.505100 11.2140254974 -0.1321869493 -1.1497677565 0.0363832898 -0.0551622249 -0.0319651812 0.9973021746
110.608900 11.2138204575 -0.1322433203 -1.1492149830 0.0396616571 -0.0376302861 -0.0312527418 0.9980151057
110.712500 11.2135457993 -0.1322751343 -1.1488702297 0.0423679985 -0.0187957976 -0.0301713664 0.9984695315
110.816200 11.2132825851 -0.1323152781 -1.1483321190 0.0447109528 0.0000615849 -0.0290904306 0.9985763431
110.920000 11.2130050659 -0.1323493421 -1.1478803158 0.0460290350 0.0188921094 -0.0291786399 0.9983351231
111.127300 11.2126216888 -0.1324117184 -1.1471083164 0.0468925796 0.0554750562 -0.0300248452 0.9969062805
111.645800 11.2124891281 -0.1328066438 -1.1442532539 0.0491608307 0.1364086866 -0.0293362252 0.9889971018
112.474600 11.2136964798 -0.1334433854 -1.1400299072 0.0512124076 0.2181132734 -0.0234422404 0.9742968678
113.614200 11.2151489258 -0.1337610781 -1.1390850544 0.0403802171 0.2375655174 -0.0306262039 0.9700484872
113.823800 11.2154006958 -0.1338257790 -1.1389112473 0.0385580175 0.2381236702 -0.0354502946 0.9698214531
